  1000 NIRCAM_F200W        
  0.1681400024414063E+01  0.2309027529849185E+01  0.2555298867243741E+02  0.1652250537884008E+01  0.4452988672437407E+01  0.6009032197165593E-10  0.7926834389628768E+03  0.1968089065350811E+01  0.2596211099090777E-17  0.1988648277502195E+01
  0.2002815052363964E+01  0.1983915460716601E+01  0.1993392384867034E+01  0.1982758167900691E+01  0.1980331034980625E+01  0.4016322013124414E+00  0.4716879008838715E+00  0.4565795974982881E+00  0.1754555248101424E+01  0.2226243148985296E+01
  0.2253554224512574E+01  0.4565795974982881E+01  0.1135912426277770E+00  0.8188209819190120E-17  0.1740933319190316E-20  0.2539999961853027E+06  0.2634505598458011E+02  0.2799730804834303E+02  0.3079804465701752E+02
  0.1681400024414063E+01  0.0000000000000000E+00
  0.1682027651919498E+01  0.5262664148613271E-04
  0.1682655279424933E+01  0.5532221001518998E-04
  0.1683282906930368E+01  0.5808054361984779E-04
  0.1683910534435803E+01  0.6071367591784143E-04
  0.1684538161941238E+01  0.6345659871475262E-04
  0.1685165789446673E+01  0.6669034293021618E-04
  0.1685793416952108E+01  0.7020748495480667E-04
  0.1686421044457544E+01  0.7389573136010432E-04
  0.1687048671962979E+01  0.7765216484576113E-04
  0.1687676299468414E+01  0.8147960190652512E-04
  0.1688303926973849E+01  0.8539733767416372E-04
  0.1688931554479284E+01  0.8993347120533581E-04
  0.1689559181984719E+01  0.9470446389094871E-04
  0.1690186809490154E+01  0.9983766552972703E-04
  0.1690814436995589E+01  0.1053651351448937E-03
  0.1691442064501024E+01  0.1111583776476809E-03
  0.1692069692006460E+01  0.1178280820435478E-03
  0.1692697319511895E+01  0.1248376632353712E-03
  0.1693324947017330E+01  0.1322248904802778E-03
  0.1693952574522765E+01  0.1407373248412171E-03
  0.1694580202028200E+01  0.1495921890717525E-03
  0.1695207829533635E+01  0.1589177611856420E-03
  0.1695835457039070E+01  0.1693124370062450E-03
  0.1696463084544505E+01  0.1803853225420888E-03
  0.1697090712049941E+01  0.1933053567298514E-03
  0.1697718339555376E+01  0.2067678027810285E-03
  0.1698345967060811E+01  0.2207573198823241E-03
  0.1698973594566246E+01  0.2370387996382778E-03
  0.1699601222071681E+01  0.2543948626885572E-03
  0.1700228849577116E+01  0.2735706331719512E-03
  0.1700856477082551E+01  0.2941944388456861E-03
  0.1701484104587986E+01  0.3158456042481034E-03
  0.1702111732093422E+01  0.3406277871362414E-03
  0.1702739359598857E+01  0.3675058006749097E-03
  0.1703366987104292E+01  0.3961643896121416E-03
  0.1703994614609727E+01  0.4286083250959860E-03
  0.1704622242115162E+01  0.4627386466129581E-03
  0.1705249869620597E+01  0.4995618646992386E-03
  0.1705877497126032E+01  0.5403158226142571E-03
  0.1706505124631468E+01  0.5833606376586160E-03
  0.1707132752136903E+01  0.6316492336785146E-03
  0.1707760379642338E+01  0.6832123948465917E-03
  0.1708388007147773E+01  0.7372042719460330E-03
  0.1709015634653208E+01  0.7985960655375532E-03
  0.1709643262158643E+01  0.8638044971991152E-03
  0.1710270889664078E+01  0.9348161002809991E-03
  0.1710898517169513E+01  0.1011683811823965E-02
  0.1711526144674948E+01  0.1091973887497754E-02
  0.1712153772180384E+01  0.1179840384550849E-02
  0.1712781399685819E+01  0.1275819230232563E-02
  0.1713409027191254E+01  0.1377210122343801E-02
  0.1714036654696689E+01  0.1490553332944386E-02
  0.1714664282202124E+01  0.1610380558262305E-02
  0.1715291909707559E+01  0.1739123678216919E-02
  0.1715919537212994E+01  0.1886703042348421E-02
  0.1716547164718429E+01  0.2042610668607436E-02
  0.1717174792223864E+01  0.2212913586234436E-02
  0.1717802419729300E+01  0.2396254779118725E-02
  0.1718430047234735E+01  0.2588364706964302E-02
  0.1719057674740170E+01  0.2809751699369237E-02
  0.1719685302245605E+01  0.3046263783672623E-02
  0.1720312929751040E+01  0.3300926841190641E-02
  0.1720940557256475E+01  0.3590826769643805E-02
  0.1721568184761910E+01  0.3900775929305530E-02
  0.1722195812267346E+01  0.4249992851026223E-02
  0.1722823439772781E+01  0.4639314207278825E-02
  0.1723451067278216E+01  0.5053081175903503E-02
  0.1724078694783651E+01  0.5524495985262160E-02
  0.1724706322289086E+01  0.6036423242043412E-02
  0.1725333949794521E+01  0.6590851119360724E-02
  0.1725961577299956E+01  0.7245120279242477E-02
  0.1726589204805391E+01  0.7948810163826073E-02
  0.1727216832310827E+01  0.8739811493794337E-02
  0.1727844459816262E+01  0.9641539542504199E-02
  0.1728472087321697E+01  0.1061219415272792E-01
  0.1729099714827132E+01  0.1176237112303848E-01
  0.1729727342332567E+01  0.1301140421418677E-01
  0.1730354969838002E+01  0.1435113640592206E-01
  0.1730982597343437E+01  0.1589823908170962E-01
  0.1731610224848872E+01  0.1756637755399482E-01
  0.1732237852354307E+01  0.1944302724387867E-01
  0.1732865479859743E+01  0.2148321887109408E-01
  0.1733493107365178E+01  0.2360034884578677E-01
  0.1734120734870613E+01  0.2583208952525039E-01
  0.1734748362376048E+01  0.2807075413383049E-01
  0.1735375989881483E+01  0.3031497019305008E-01
  0.1736003617386918E+01  0.3262305531071963E-01
  0.1736631244892353E+01  0.3493337397688728E-01
  0.1737258872397788E+01  0.3724316175788198E-01
  0.1737886499903224E+01  0.3976132677871322E-01
  0.1738514127408659E+01  0.4236354913489913E-01
  0.1739141754914094E+01  0.4507196694683378E-01
  0.1739769382419529E+01  0.4794550906584973E-01
  0.1740397009924964E+01  0.5093451253020444E-01
  0.1741024637430399E+01  0.5441179556887037E-01
  0.1741652264935834E+01  0.5808886614075290E-01
  0.1742279892441269E+01  0.6205975561127614E-01
  0.1742907519946705E+01  0.6649089887838329E-01
  0.1743535147452140E+01  0.7113936223473419E-01
  0.1744162774957575E+01  0.7618282249542099E-01
  0.1744790402463010E+01  0.8180103573451653E-01
  0.1745418029968445E+01  0.8779005679642386E-01
  0.1746045657473880E+01  0.9450721006370497E-01
  0.1746673284979315E+01  0.1017684478721729E+00
  0.1747300912484751E+01  0.1097352597684469E+00
  0.1747928539990186E+01  0.1188124715200189E+00
  0.1748556167495621E+01  0.1283765006119177E+00
  0.1749183795001056E+01  0.1387817365804668E+00
  0.1749811422506491E+01  0.1498874724021796E+00
  0.1750439050011926E+01  0.1614267167967553E+00
  0.1751066677517361E+01  0.1739512721052618E+00
  0.1751694305022796E+01  0.1866446408945324E+00
  0.1752321932528231E+01  0.1995292334622782E+00
  0.1752949560033667E+01  0.2127652858799044E+00
  0.1753577187539102E+01  0.2260770501513524E+00
  0.1754204815044537E+01  0.2394543324184409E+00
  0.1754832442549972E+01  0.2525864035227322E+00
  0.1755460070055407E+01  0.2655172953156988E+00
  0.1756087697560842E+01  0.2775929051554118E+00
  0.1756715325066277E+01  0.2892866878518974E+00
  0.1757342952571712E+01  0.3006022446573780E+00
  0.1757970580077147E+01  0.3108806763585691E+00
  0.1758598207582583E+01  0.3207272914399997E+00
  0.1759225835088018E+01  0.3298629998016021E+00
  0.1759853462593453E+01  0.3383678072087077E+00
  0.1760481090098888E+01  0.3465560078114901E+00
  0.1761108717604323E+01  0.3542436348149916E+00
  0.1761736345109758E+01  0.3616308362777109E+00
  0.1762363972615193E+01  0.3687578218007942E+00
  0.1762991600120628E+01  0.3754477574873865E+00
  0.1763619227626064E+01  0.3819975506188738E+00
  0.1764246855131499E+01  0.3883358533662400E+00
  0.1764874482636934E+01  0.3945608136899328E+00
  0.1765502110142369E+01  0.4007276940343554E+00
  0.1766129737647804E+01  0.4067839446713196E+00
  0.1766757365153239E+01  0.4124823501506754E+00
  0.1767384992658674E+01  0.4179100873298106E+00
  0.1768012620164110E+01  0.4227939407423744E+00
  0.1768640247669545E+01  0.4274610306926779E+00
  0.1769267875174980E+01  0.4318000720533671E+00
  0.1769895502680415E+01  0.4358773743906219E+00
  0.1770523130185850E+01  0.4397697572950313E+00
  0.1771150757691285E+01  0.4431903836928480E+00
  0.1771778385196720E+01  0.4464051520484190E+00
  0.1772406012702155E+01  0.4494744219413370E+00
  0.1773033640207590E+01  0.4515182909588566E+00
  0.1773661267713026E+01  0.4533480877343787E+00
  0.1774288895218461E+01  0.4548776559917969E+00
  0.1774916522723896E+01  0.4560101924243684E+00
  0.1775544150229331E+01  0.4569724401703796E+00
  0.1776171777734766E+01  0.4576499937830249E+00
  0.1776799405240201E+01  0.4583039080305602E+00
  0.1777427032745636E+01  0.4589197145256697E+00
  0.1778054660251071E+01  0.4589885074308571E+00
  0.1778682287756506E+01  0.4591613795503744E+00
  0.1779309915261942E+01  0.4594615981061332E+00
  0.1779937542767377E+01  0.4596244683954542E+00
  0.1780565170272812E+01  0.4597177472364506E+00
  0.1781192797778247E+01  0.4596806192435715E+00
  0.1781820425283682E+01  0.4596517221200164E+00
  0.1782448052789117E+01  0.4596462344535582E+00
  0.1783075680294552E+01  0.4598742867422796E+00
  0.1783703307799988E+01  0.4600813182863854E+00
  0.1784330935305423E+01  0.4602658693544076E+00
  0.1784958562810858E+01  0.4605929621870383E+00
  0.1785586190316293E+01  0.4608770395220426E+00
  0.1786213817821728E+01  0.4610173016395413E+00
  0.1786841445327163E+01  0.4611753091527779E+00
  0.1787469072832598E+01  0.4613791732707929E+00
  0.1788096700338033E+01  0.4618934460776695E+00
  0.1788724327843469E+01  0.4622646540245679E+00
  0.1789351955348904E+01  0.4625020520498613E+00
  0.1789979582854339E+01  0.4627469890355107E+00
  0.1790607210359774E+01  0.4629290256074354E+00
  0.1791234837865209E+01  0.4629821497432062E+00
  0.1791862465370644E+01  0.4629235320005745E+00
  0.1792490092876079E+01  0.4627638645348465E+00
  0.1793117720381514E+01  0.4622393233905190E+00
  0.1793745347886949E+01  0.4617380632442114E+00
  0.1794372975392385E+01  0.4612558354549218E+00
  0.1795000602897820E+01  0.4606129995782158E+00
  0.1795628230403255E+01  0.4599916441421368E+00
  0.1796255857908690E+01  0.4594205458027952E+00
  0.1796883485414125E+01  0.4588136473297939E+00
  0.1797511112919560E+01  0.4581580796079022E+00
  0.1798138740424995E+01  0.4573258485918006E+00
  0.1798766367930430E+01  0.4564521881868438E+00
  0.1799393995435866E+01  0.4555489794604316E+00
  0.1800021622941301E+01  0.4544795271916374E+00
  0.1800649250446736E+01  0.4535251771697739E+00
  0.1801276877952171E+01  0.4527480357720250E+00
  0.1801904505457606E+01  0.4518949992300972E+00
  0.1802532132963041E+01  0.4510412280004789E+00
  0.1803159760468476E+01  0.4502541907683578E+00
  0.1803787387973911E+01  0.4493850514012503E+00
  0.1804415015479347E+01  0.4484728800095243E+00
  0.1805042642984782E+01  0.4478832367151704E+00
  0.1805670270490217E+01  0.4474074853623502E+00
  0.1806297897995652E+01  0.4470823480921766E+00
  0.1806925525501087E+01  0.4471428193167668E+00
  0.1807553153006522E+01  0.4471870840863186E+00
  0.1808180780511957E+01  0.4469489151238016E+00
  0.1808808408017393E+01  0.4466420241479889E+00
  0.1809436035522828E+01  0.4463101211922383E+00
  0.1810063663028263E+01  0.4461734237111729E+00
  0.1810691290533698E+01  0.4460886020845055E+00
  0.1811318918039133E+01  0.4460636879894688E+00
  0.1811946545544568E+01  0.4466181114312892E+00
  0.1812574173050003E+01  0.4472062085318290E+00
  0.1813201800555438E+01  0.4476581103195991E+00
  0.1813829428060874E+01  0.4481575137346310E+00
  0.1814457055566309E+01  0.4486657837396535E+00
  0.1815084683071744E+01  0.4490433745825418E+00
  0.1815712310577179E+01  0.4496509649708618E+00
  0.1816339938082614E+01  0.4504908050517886E+00
  0.1816967565588049E+01  0.4511097795646565E+00
  0.1817595193093484E+01  0.4517429525971234E+00
  0.1818222820598919E+01  0.4524594002716650E+00
  0.1818850448104354E+01  0.4531048498927706E+00
  0.1819478075609789E+01  0.4536992608339098E+00
  0.1820105703115225E+01  0.4541309706624016E+00
  0.1820733330620660E+01  0.4547836320561319E+00
  0.1821360958126095E+01  0.4556314015827861E+00
  0.1821988585631530E+01  0.4567269348515053E+00
  0.1822616213136965E+01  0.4575968560834985E+00
  0.1823243840642400E+01  0.4580061063092204E+00
  0.1823871468147835E+01  0.4585160649154862E+00
  0.1824499095653271E+01  0.4590738772289125E+00
  0.1825126723158706E+01  0.4597089964171618E+00
  0.1825754350664141E+01  0.4603404840262123E+00
  0.1826381978169576E+01  0.4609691705016925E+00
  0.1827009605675011E+01  0.4615817471404278E+00
  0.1827637233180446E+01  0.4620850975984973E+00
  0.1828264860685881E+01  0.4624094591030296E+00
  0.1828892488191316E+01  0.4627646105684171E+00
  0.1829520115696752E+01  0.4631786811808691E+00
  0.1830147743202187E+01  0.4638060440613258E+00
  0.1830775370707622E+01  0.4643216443008500E+00
  0.1831402998213057E+01  0.4647619100448680E+00
  0.1832030625718492E+01  0.4651568971547919E+00
  0.1832658253223927E+01  0.4655307422227773E+00
  0.1833285880729362E+01  0.4658743434046606E+00
  0.1833913508234797E+01  0.4660483899366828E+00
  0.1834541135740233E+01  0.4661396220468366E+00
  0.1835168763245668E+01  0.4660752791584039E+00
  0.1835796390751103E+01  0.4662908054841381E+00
  0.1836424018256538E+01  0.4666633938170703E+00
  0.1837051645761973E+01  0.4668792850873141E+00
  0.1837679273267408E+01  0.4670296522874493E+00
  0.1838306900772843E+01  0.4670982745244439E+00
  0.1838934528278278E+01  0.4670714177744248E+00
  0.1839562155783713E+01  0.4671021234425206E+00
  0.1840189783289149E+01  0.4673458570165914E+00
  0.1840817410794584E+01  0.4672622510262592E+00
  0.1841445038300019E+01  0.4670260001682630E+00
  0.1842072665805454E+01  0.4669481570690935E+00
  0.1842700293310889E+01  0.4669058162635472E+00
  0.1843327920816324E+01  0.4669021807037513E+00
  0.1843955548321759E+01  0.4666122027020946E+00
  0.1844583175827194E+01  0.4663278390354877E+00
  0.1845210803332630E+01  0.4661472944481240E+00
  0.1845838430838065E+01  0.4657955141311171E+00
  0.1846466058343500E+01  0.4653615360720351E+00
  0.1847093685848935E+01  0.4648570504530108E+00
  0.1847721313354370E+01  0.4644595051681635E+00
  0.1848348940859805E+01  0.4641639240172035E+00
  0.1848976568365240E+01  0.4639538679755799E+00
  0.1849604195870675E+01  0.4637192472348401E+00
  0.1850231823376111E+01  0.4634179622801823E+00
  0.1850859450881546E+01  0.4629262371435625E+00
  0.1851487078386981E+01  0.4623955931217634E+00
  0.1852114705892416E+01  0.4620562266549022E+00
  0.1852742333397851E+01  0.4617039464927458E+00
  0.1853369960903286E+01  0.4613409026152765E+00
  0.1853997588408721E+01  0.4609655577629813E+00
  0.1854625215914156E+01  0.4606308241362937E+00
  0.1855252843419592E+01  0.4603697721197719E+00
  0.1855880470925027E+01  0.4600459908113052E+00
  0.1856508098430462E+01  0.4597667011407110E+00
  0.1857135725935897E+01  0.4597936816581376E+00
  0.1857763353441332E+01  0.4596674899543921E+00
  0.1858390980946767E+01  0.4594298753201493E+00
  0.1859018608452202E+01  0.4589335696008229E+00
  0.1859646235957637E+01  0.4585360832801586E+00
  0.1860273863463072E+01  0.4582975407603103E+00
  0.1860901490968508E+01  0.4579186951851291E+00
  0.1861529118473943E+01  0.4575056154940647E+00
  0.1862156745979378E+01  0.4570966442976989E+00
  0.1862784373484813E+01  0.4568398805928996E+00
  0.1863412000990248E+01  0.4566818062010479E+00
  0.1864039628495683E+01  0.4566444155726908E+00
  0.1864667256001118E+01  0.4565770667123628E+00
  0.1865294883506553E+01  0.4564693153508066E+00
  0.1865922511011989E+01  0.4564456133985366E+00
  0.1866550138517424E+01  0.4564314707248197E+00
  0.1867177766022859E+01  0.4563939345306447E+00
  0.1867805393528294E+01  0.4565536501644253E+00
  0.1868433021033729E+01  0.4568187999876644E+00
  0.1869060648539164E+01  0.4570349992080777E+00
  0.1869688276044599E+01  0.4573197542543089E+00
  0.1870315903550035E+01  0.4576852241722059E+00
  0.1870943531055470E+01  0.4581772216010571E+00
  0.1871571158560905E+01  0.4586407663700255E+00
  0.1872198786066340E+01  0.4589761774204216E+00
  0.1872826413571775E+01  0.4595717569691304E+00
  0.1873454041077210E+01  0.4602864220085083E+00
  0.1874081668582645E+01  0.4609617594279616E+00
  0.1874709296088080E+01  0.4614739726188357E+00
  0.1875336923593515E+01  0.4618182701750865E+00
  0.1875964551098951E+01  0.4620965429146148E+00
  0.1876592178604386E+01  0.4623069726631482E+00
  0.1877219806109821E+01  0.4623803769899574E+00
  0.1877847433615256E+01  0.4626586272212276E+00
  0.1878475061120691E+01  0.4630120128279856E+00
  0.1879102688626126E+01  0.4633110691384708E+00
  0.1879730316131561E+01  0.4636745540331639E+00
  0.1880357943636996E+01  0.4640960389406825E+00
  0.1880985571142431E+01  0.4646084035377345E+00
  0.1881613198647867E+01  0.4650843887852778E+00
  0.1882240826153302E+01  0.4654769474729776E+00
  0.1882868453658737E+01  0.4660751983691216E+00
  0.1883496081164172E+01  0.4667076001132608E+00
  0.1884123708669607E+01  0.4671421376065003E+00
  0.1884751336175042E+01  0.4674395086902908E+00
  0.1885378963680477E+01  0.4676289948617305E+00
  0.1886006591185913E+01  0.4680222834939072E+00
  0.1886634218691348E+01  0.4684276066290350E+00
  0.1887261846196783E+01  0.4688412593195045E+00
  0.1887889473702218E+01  0.4691673497508831E+00
  0.1888517101207653E+01  0.4694468058499075E+00
  0.1889144728713088E+01  0.4696306976041109E+00
  0.1889772356218523E+01  0.4697253990016926E+00
  0.1890399983723958E+01  0.4697589454983468E+00
  0.1891027611229394E+01  0.4698600409993545E+00
  0.1891655238734829E+01  0.4700062590457440E+00
  0.1892282866240264E+01  0.4702183143059573E+00
  0.1892910493745699E+01  0.4703808775051662E+00
  0.1893538121251134E+01  0.4705650797585390E+00
  0.1894165748756569E+01  0.4708662545587635E+00
  0.1894793376262004E+01  0.4712139859307407E+00
  0.1895421003767439E+01  0.4715826087878353E+00
  0.1896048631272874E+01  0.4717535284504519E+00
  0.1896676258778310E+01  0.4719009737529398E+00
  0.1897303886283745E+01  0.4720185577122686E+00
  0.1897931513789180E+01  0.4719607518405112E+00
  0.1898559141294615E+01  0.4719633050965176E+00
  0.1899186768800050E+01  0.4722369956720003E+00
  0.1899814396305485E+01  0.4723422355719618E+00
  0.1900442023810920E+01  0.4723636265427645E+00
  0.1901069651316355E+01  0.4724246714265365E+00
  0.1901697278821791E+01  0.4725529792274102E+00
  0.1902324906327226E+01  0.4727560440636919E+00
  0.1902952533832661E+01  0.4732769002523145E+00
  0.1903580161338096E+01  0.4736868741775022E+00
  0.1904207788843531E+01  0.4737140660957068E+00
  0.1904835416348966E+01  0.4738429776007034E+00
  0.1905463043854401E+01  0.4740307518908443E+00
  0.1906090671359836E+01  0.4743435191170462E+00
  0.1906718298865272E+01  0.4748214973536128E+00
  0.1907345926370707E+01  0.4754600556507338E+00
  0.1907973553876142E+01  0.4758671068101488E+00
  0.1908601181381577E+01  0.4760847157661831E+00
  0.1909228808887012E+01  0.4759469865930714E+00
  0.1909856436392447E+01  0.4758796831568468E+00
  0.1910484063897882E+01  0.4758869357273037E+00
  0.1911111691403317E+01  0.4762055498316594E+00
  0.1911739318908753E+01  0.4766713443152288E+00
  0.1912366946414188E+01  0.4772622129232697E+00
  0.1912994573919623E+01  0.4773599696174761E+00
  0.1913622201425058E+01  0.4774173724264553E+00
  0.1914249828930493E+01  0.4774511986300605E+00
  0.1914877456435928E+01  0.4773644746327828E+00
  0.1915505083941363E+01  0.4772197310846582E+00
  0.1916132711446799E+01  0.4769750315272445E+00
  0.1916760338952234E+01  0.4769658877290964E+00
  0.1917387966457669E+01  0.4771314998796948E+00
  0.1918015593963104E+01  0.4769967783083450E+00
  0.1918643221468539E+01  0.4769328815498874E+00
  0.1919270848973974E+01  0.4769902396672314E+00
  0.1919898476479409E+01  0.4767230519645986E+00
  0.1920526103984844E+01  0.4764014473663488E+00
  0.1921153731490279E+01  0.4761979511338014E+00
  0.1921781358995714E+01  0.4760749906120536E+00
  0.1922408986501150E+01  0.4760015747674804E+00
  0.1923036614006585E+01  0.4757575824807350E+00
  0.1923664241512020E+01  0.4755652853695990E+00
  0.1924291869017455E+01  0.4754440910181937E+00
  0.1924919496522890E+01  0.4749662628434800E+00
  0.1925547124028325E+01  0.4744993883316611E+00
  0.1926174751533760E+01  0.4743108539438008E+00
  0.1926802379039195E+01  0.4743237710698639E+00
  0.1927430006544631E+01  0.4744448662630411E+00
  0.1928057634050066E+01  0.4744740307811054E+00
  0.1928685261555501E+01  0.4743472629176649E+00
  0.1929312889060936E+01  0.4740333183611992E+00
  0.1929940516566371E+01  0.4738023093956515E+00
  0.1930568144071806E+01  0.4735212654175519E+00
  0.1931195771577241E+01  0.4730669204292199E+00
  0.1931823399082677E+01  0.4728135814299593E+00
  0.1932451026588112E+01  0.4726467261740953E+00
  0.1933078654093547E+01  0.4723612769442915E+00
  0.1933706281598982E+01  0.4720498688598531E+00
  0.1934333909104417E+01  0.4717112209069480E+00
  0.1934961536609852E+01  0.4713851614969925E+00
  0.1935589164115287E+01  0.4711037848502100E+00
  0.1936216791620722E+01  0.4709225611737124E+00
  0.1936844419126158E+01  0.4705861926339531E+00
  0.1937472046631593E+01  0.4702116976508636E+00
  0.1938099674137028E+01  0.4700365638972516E+00
  0.1938727301642463E+01  0.4698769604698553E+00
  0.1939354929147898E+01  0.4697316096007691E+00
  0.1939982556653333E+01  0.4698745259780959E+00
  0.1940610184158768E+01  0.4700489995644131E+00
  0.1941237811664203E+01  0.4702418311988730E+00
  0.1941865439169638E+01  0.4704175836485868E+00
  0.1942493066675074E+01  0.4705988587930526E+00
  0.1943120694180509E+01  0.4708460670074265E+00
  0.1943748321685944E+01  0.4710649547713289E+00
  0.1944375949191379E+01  0.4712611298737112E+00
  0.1945003576696814E+01  0.4717164088110832E+00
  0.1945631204202249E+01  0.4721299902013739E+00
  0.1946258831707684E+01  0.4724543407734419E+00
  0.1946886459213119E+01  0.4727693313619050E+00
  0.1947514086718555E+01  0.4730694373466787E+00
  0.1948141714223990E+01  0.4733147579721395E+00
  0.1948769341729425E+01  0.4733849486280912E+00
  0.1949396969234860E+01  0.4733326488027422E+00
  0.1950024596740295E+01  0.4734996146397784E+00
  0.1950652224245730E+01  0.4736720816378180E+00
  0.1951279851751165E+01  0.4738511410931102E+00
  0.1951907479256600E+01  0.4740556062694292E+00
  0.1952535106762036E+01  0.4742478098171624E+00
  0.1953162734267471E+01  0.4743733667911905E+00
  0.1953790361772906E+01  0.4744432610835468E+00
  0.1954417989278341E+01  0.4744817598306326E+00
  0.1955045616783776E+01  0.4746031440958458E+00
  0.1955673244289211E+01  0.4746789936519209E+00
  0.1956300871794646E+01  0.4746957777818348E+00
  0.1956928499300081E+01  0.4746420936154483E+00
  0.1957556126805517E+01  0.4744447549937535E+00
  0.1958183754310952E+01  0.4738534280689706E+00
  0.1958811381816387E+01  0.4728546805013710E+00
  0.1959439009321822E+01  0.4716909042651315E+00
  0.1960066636827257E+01  0.4712695833761655E+00
  0.1960694264332692E+01  0.4713469668602101E+00
  0.1961321891838127E+01  0.4719894057188676E+00
  0.1961949519343562E+01  0.4733125844635966E+00
  0.1962577146848997E+01  0.4745202305099164E+00
  0.1963204774354433E+01  0.4751878299148854E+00
  0.1963832401859868E+01  0.4757262758623322E+00
  0.1964460029365303E+01  0.4761658202085596E+00
  0.1965087656870738E+01  0.4762215002011756E+00
  0.1965715284376173E+01  0.4762037228944281E+00
  0.1966342911881608E+01  0.4761131622377504E+00
  0.1966970539387043E+01  0.4759801771984117E+00
  0.1967598166892478E+01  0.4759882164565276E+00
  0.1968225794397914E+01  0.4763111394170448E+00
  0.1968853421903349E+01  0.4766252572341264E+00
  0.1969481049408784E+01  0.4768453797548069E+00
  0.1970108676914219E+01  0.4764542270084897E+00
  0.1970736304419654E+01  0.4761732430030302E+00
  0.1971363931925089E+01  0.4759877073937764E+00
  0.1971991559430524E+01  0.4760599567324543E+00
  0.1972619186935960E+01  0.4760159925008824E+00
  0.1973246814441395E+01  0.4757261202871450E+00
  0.1973874441946830E+01  0.4754016044500011E+00
  0.1974502069452265E+01  0.4751168418682923E+00
  0.1975129696957700E+01  0.4750944515947013E+00
  0.1975757324463135E+01  0.4751511190910616E+00
  0.1976384951968570E+01  0.4752676004215146E+00
  0.1977012579474005E+01  0.4753645974877508E+00
  0.1977640206979440E+01  0.4754157206776669E+00
  0.1978267834484876E+01  0.4753936168636986E+00
  0.1978895461990311E+01  0.4753949826751344E+00
  0.1979523089495746E+01  0.4754702346624412E+00
  0.1980150717001181E+01  0.4758227431977900E+00
  0.1980778344506616E+01  0.4762333478057370E+00
  0.1981405972012051E+01  0.4766774311308684E+00
  0.1982033599517486E+01  0.4766191880421140E+00
  0.1982661227022921E+01  0.4765268180626862E+00
  0.1983288854528356E+01  0.4763865735905798E+00
  0.1983916482033792E+01  0.4765634904557389E+00
  0.1984544109539227E+01  0.4767651264724441E+00
  0.1985171737044662E+01  0.4768206065671561E+00
  0.1985799364550097E+01  0.4768398145193727E+00
  0.1986426992055532E+01  0.4768483981195799E+00
  0.1987054619560967E+01  0.4770821883808457E+00
  0.1987682247066402E+01  0.4773450065706187E+00
  0.1988309874571837E+01  0.4776433512757109E+00
  0.1988937502077273E+01  0.4778987387901528E+00
  0.1989565129582708E+01  0.4780960009096055E+00
  0.1990192757088143E+01  0.4781506159460979E+00
  0.1990820384593578E+01  0.4783071142485965E+00
  0.1991448012099013E+01  0.4785083123541262E+00
  0.1992075639604448E+01  0.4786426432085212E+00
  0.1992703267109883E+01  0.4788578689898578E+00
  0.1993330894615319E+01  0.4791596297012566E+00
  0.1993958522120754E+01  0.4789452883606997E+00
  0.1994586149626189E+01  0.4786076512144813E+00
  0.1995213777131624E+01  0.4781290806206666E+00
  0.1995841404637059E+01  0.4774266733548788E+00
  0.1996469032142494E+01  0.4767214637480464E+00
  0.1997096659647929E+01  0.4767581560665677E+00
  0.1997724287153364E+01  0.4770150658738161E+00
  0.1998351914658799E+01  0.4774780006690413E+00
  0.1998979542164235E+01  0.4779135012067479E+00
  0.1999607169669670E+01  0.4783355593438062E+00
  0.2000234797175105E+01  0.4787349539647878E+00
  0.2000862424680540E+01  0.4789198261138718E+00
  0.2001490052185975E+01  0.4790270311787734E+00
  0.2002117679691410E+01  0.4791281882472260E+00
  0.2002745307196845E+01  0.4793883255349953E+00
  0.2003372934702281E+01  0.4797784641670786E+00
  0.2004000562207715E+01  0.4798244787592270E+00
  0.2004628189713151E+01  0.4797374581417831E+00
  0.2005255817218586E+01  0.4794447023042139E+00
  0.2005883444724021E+01  0.4791183237275320E+00
  0.2006511072229456E+01  0.4788095109244173E+00
  0.2007138699734891E+01  0.4786290693716787E+00
  0.2007766327240327E+01  0.4783899925529618E+00
  0.2008393954745761E+01  0.4781090846563192E+00
  0.2009021582251197E+01  0.4783136100992640E+00
  0.2009649209756632E+01  0.4784740363177991E+00
  0.2010276837262067E+01  0.4785602889724518E+00
  0.2010904464767502E+01  0.4783811148326772E+00
  0.2011532092272937E+01  0.4781880837394479E+00
  0.2012159719778372E+01  0.4781862769774153E+00
  0.2012787347283807E+01  0.4782199817083557E+00
  0.2013414974789242E+01  0.4782792164506885E+00
  0.2014042602294678E+01  0.4784817938667109E+00
  0.2014670229800113E+01  0.4787235150270033E+00
  0.2015297857305548E+01  0.4790170147259918E+00
  0.2015925484810983E+01  0.4793794250219545E+00
  0.2016553112316418E+01  0.4797270338959908E+00
  0.2017180739821853E+01  0.4799872289810942E+00
  0.2017808367327288E+01  0.4802462107079586E+00
  0.2018435994832724E+01  0.4804766765124379E+00
  0.2019063622338158E+01  0.4802488176058088E+00
  0.2019691249843594E+01  0.4802356727847887E+00
  0.2020318877349029E+01  0.4804705497942829E+00
  0.2020946504854464E+01  0.4802994500362560E+00
  0.2021574132359899E+01  0.4802714556591836E+00
  0.2022201759865334E+01  0.4807732526880955E+00
  0.2022829387370769E+01  0.4814410884410319E+00
  0.2023457014876204E+01  0.4821819789707167E+00
  0.2024084642381640E+01  0.4828866629986766E+00
  0.2024712269887075E+01  0.4835829031779255E+00
  0.2025339897392510E+01  0.4842706146885540E+00
  0.2025967524897945E+01  0.4847453698546639E+00
  0.2026595152403380E+01  0.4850983246685809E+00
  0.2027222779908815E+01  0.4852313204187974E+00
  0.2027850407414250E+01  0.4854146374649700E+00
  0.2028478034919686E+01  0.4856322901097391E+00
  0.2029105662425120E+01  0.4859523273236230E+00
  0.2029733289930556E+01  0.4862286256131535E+00
  0.2030360917435991E+01  0.4864662908124606E+00
  0.2030988544941426E+01  0.4865413596946981E+00
  0.2031616172446861E+01  0.4866551472918880E+00
  0.2032243799952296E+01  0.4868632118182820E+00
  0.2032871427457731E+01  0.4870639879957589E+00
  0.2033499054963166E+01  0.4872161772637834E+00
  0.2034126682468601E+01  0.4871219160259175E+00
  0.2034754309974037E+01  0.4870111843232295E+00
  0.2035381937479472E+01  0.4868877451624745E+00
  0.2036009564984907E+01  0.4868341361647353E+00
  0.2036637192490342E+01  0.4868869722402387E+00
  0.2037264819995777E+01  0.4871116418191059E+00
  0.2037892447501212E+01  0.4872648179556604E+00
  0.2038520075006647E+01  0.4874257044299872E+00
  0.2039147702512083E+01  0.4877021862288939E+00
  0.2039775330017517E+01  0.4877404667127478E+00
  0.2040402957522953E+01  0.4876161260909063E+00
  0.2041030585028388E+01  0.4869644765255281E+00
  0.2041658212533823E+01  0.4864534369207502E+00
  0.2042285840039258E+01  0.4861435950221732E+00
  0.2042913467544693E+01  0.4854970772180005E+00
  0.2043541095050128E+01  0.4847927515082207E+00
  0.2044168722555563E+01  0.4841472844961602E+00
  0.2044796350060999E+01  0.4835986138910552E+00
  0.2045423977566434E+01  0.4831096796899729E+00
  0.2046051605071869E+01  0.4827025144276849E+00
  0.2046679232577304E+01  0.4823311366815141E+00
  0.2047306860082739E+01  0.4820044175967496E+00
  0.2047934487588174E+01  0.4815041639588956E+00
  0.2048562115093609E+01  0.4810326050280832E+00
  0.2049189742599045E+01  0.4807301665409782E+00
  0.2049817370104480E+01  0.4804900265300373E+00
  0.2050444997609915E+01  0.4802939626678098E+00
  0.2051072625115350E+01  0.4802621375623132E+00
  0.2051700252620785E+01  0.4802459816752205E+00
  0.2052327880126220E+01  0.4802468997806042E+00
  0.2052955507631655E+01  0.4800357886010768E+00
  0.2053583135137090E+01  0.4798277037953171E+00
  0.2054210762642525E+01  0.4796936182953951E+00
  0.2054838390147960E+01  0.4796643581786679E+00
  0.2055466017653396E+01  0.4796663403908167E+00
  0.2056093645158831E+01  0.4795496457416309E+00
  0.2056721272664266E+01  0.4793836928935391E+00
  0.2057348900169701E+01  0.4791707983200664E+00
  0.2057976527675136E+01  0.4790829651995264E+00
  0.2058604155180571E+01  0.4790615793944364E+00
  0.2059231782686006E+01  0.4791549969085354E+00
  0.2059859410191442E+01  0.4795485140858220E+00
  0.2060487037696876E+01  0.4800601610941140E+00
  0.2061114665202312E+01  0.4806234949073786E+00
  0.2061742292707747E+01  0.4810057674704314E+00
  0.2062369920213182E+01  0.4812372022796624E+00
  0.2062997547718617E+01  0.4815933022436625E+00
  0.2063625175224052E+01  0.4820150689008564E+00
  0.2064252802729488E+01  0.4825429510227155E+00
  0.2064880430234922E+01  0.4828947277177201E+00
  0.2065508057740358E+01  0.4832156296463024E+00
  0.2066135685245793E+01  0.4836471679906115E+00
  0.2066763312751228E+01  0.4841648605062186E+00
  0.2067390940256663E+01  0.4847451913080406E+00
  0.2068018567762098E+01  0.4854370283553840E+00
  0.2068646195267533E+01  0.4859956838131637E+00
  0.2069273822772968E+01  0.4863456336624589E+00
  0.2069901450278404E+01  0.4868452999251504E+00
  0.2070529077783839E+01  0.4874486794486708E+00
  0.2071156705289274E+01  0.4883070333199786E+00
  0.2071784332794709E+01  0.4889892479267582E+00
  0.2072411960300144E+01  0.4895589870220198E+00
  0.2073039587805579E+01  0.4900752807866484E+00
  0.2073667215311014E+01  0.4905766742742796E+00
  0.2074294842816449E+01  0.4910579834896064E+00
  0.2074922470321884E+01  0.4914542012249342E+00
  0.2075550097827319E+01  0.4917671134005540E+00
  0.2076177725332755E+01  0.4918695983392764E+00
  0.2076805352838190E+01  0.4919267040908890E+00
  0.2077432980343625E+01  0.4919515221210146E+00
  0.2078060607849060E+01  0.4918429533068770E+00
  0.2078688235354495E+01  0.4919122226902721E+00
  0.2079315862859930E+01  0.4921907623241062E+00
  0.2079943490365365E+01  0.4924731389020591E+00
  0.2080571117870801E+01  0.4926938992576045E+00
  0.2081198745376236E+01  0.4927488269653083E+00
  0.2081826372881671E+01  0.4928339179002718E+00
  0.2082454000387106E+01  0.4929322440740044E+00
  0.2083081627892541E+01  0.4930200522711752E+00
  0.2083709255397976E+01  0.4932324839490657E+00
  0.2084336882903411E+01  0.4935731331098349E+00
  0.2084964510408847E+01  0.4935690651620969E+00
  0.2085592137914281E+01  0.4934608144846104E+00
  0.2086219765419717E+01  0.4932037455358335E+00
  0.2086847392925152E+01  0.4927748335866845E+00
  0.2087475020430587E+01  0.4923042664286994E+00
  0.2088102647936022E+01  0.4920361149400039E+00
  0.2088730275441457E+01  0.4916883386786420E+00
  0.2089357902946892E+01  0.4912689197357071E+00
  0.2089985530452327E+01  0.4911480589039579E+00
  0.2090613157957763E+01  0.4908858272308752E+00
  0.2091240785463198E+01  0.4903072967974330E+00
  0.2091868412968633E+01  0.4896762504364492E+00
  0.2092496040474068E+01  0.4891260817821483E+00
  0.2093123667979503E+01  0.4891216391193060E+00
  0.2093751295484938E+01  0.4892843741461513E+00
  0.2094378922990373E+01  0.4895785295606320E+00
  0.2095006550495808E+01  0.4895804937610126E+00
  0.2095634178001244E+01  0.4894908578707706E+00
  0.2096261805506678E+01  0.4892643901283830E+00
  0.2096889433012114E+01  0.4887358624363561E+00
  0.2097517060517549E+01  0.4881558897116575E+00
  0.2098144688022984E+01  0.4877230396457392E+00
  0.2098772315528419E+01  0.4873975080149630E+00
  0.2099399943033854E+01  0.4871455206000892E+00
  0.2100027570539289E+01  0.4868783805022500E+00
  0.2100655198044724E+01  0.4866701469552662E+00
  0.2101282825550160E+01  0.4865478246958236E+00
  0.2101910453055595E+01  0.4860982207078762E+00
  0.2102538080561030E+01  0.4856413576624839E+00
  0.2103165708066465E+01  0.4854246227845453E+00
  0.2103793335571900E+01  0.4854623430204651E+00
  0.2104420963077335E+01  0.4856472724541954E+00
  0.2105048590582770E+01  0.4857095896695938E+00
  0.2105676218088206E+01  0.4855236918608010E+00
  0.2106303845593640E+01  0.4850222099457818E+00
  0.2106931473099076E+01  0.4845702913461623E+00
  0.2107559100604511E+01  0.4842549732378048E+00
  0.2108186728109946E+01  0.4843152389206843E+00
  0.2108814355615381E+01  0.4840368941597220E+00
  0.2109441983120816E+01  0.4836032583140751E+00
  0.2110069610626251E+01  0.4834322419393229E+00
  0.2110697238131686E+01  0.4831417740903591E+00
  0.2111324865637122E+01  0.4827186150747889E+00
  0.2111952493142557E+01  0.4828127216211793E+00
  0.2112580120647992E+01  0.4828110977134467E+00
  0.2113207748153427E+01  0.4823974365872178E+00
  0.2113835375658862E+01  0.4821298349823830E+00
  0.2114463003164297E+01  0.4819034265950868E+00
  0.2115090630669732E+01  0.4814689594631563E+00
  0.2115718258175167E+01  0.4812784327388672E+00
  0.2116345885680603E+01  0.4813248856794264E+00
  0.2116973513186037E+01  0.4815408988871653E+00
  0.2117601140691473E+01  0.4817161639329171E+00
  0.2118228768196908E+01  0.4817712585166647E+00
  0.2118856395702343E+01  0.4816165027856741E+00
  0.2119484023207778E+01  0.4813725293203250E+00
  0.2120111650713213E+01  0.4810604098681471E+00
  0.2120739278218648E+01  0.4810069331709250E+00
  0.2121366905724083E+01  0.4811731367791012E+00
  0.2121994533229519E+01  0.4812622922833041E+00
  0.2122622160734954E+01  0.4812704528336593E+00
  0.2123249788240389E+01  0.4811386874684036E+00
  0.2123877415745824E+01  0.4809924631921801E+00
  0.2124505043251259E+01  0.4808376397295278E+00
  0.2125132670756694E+01  0.4806626713739760E+00
  0.2125760298262129E+01  0.4806741681012069E+00
  0.2126387925767565E+01  0.4808239276595670E+00
  0.2127015553273000E+01  0.4809741777729427E+00
  0.2127643180778435E+01  0.4808981233452827E+00
  0.2128270808283870E+01  0.4804645213692038E+00
  0.2128898435789305E+01  0.4804134145379956E+00
  0.2129526063294740E+01  0.4804598948490881E+00
  0.2130153690800175E+01  0.4805005756123979E+00
  0.2130781318305610E+01  0.4805737116383418E+00
  0.2131408945811045E+01  0.4806694611261869E+00
  0.2132036573316481E+01  0.4808789582750675E+00
  0.2132664200821916E+01  0.4810763043704924E+00
  0.2133291828327351E+01  0.4812569465088501E+00
  0.2133919455832786E+01  0.4815133211880965E+00
  0.2134547083338221E+01  0.4817383138121510E+00
  0.2135174710843656E+01  0.4818094411082680E+00
  0.2135802338349091E+01  0.4817250255796852E+00
  0.2136429965854527E+01  0.4815783425790552E+00
  0.2137057593359962E+01  0.4819240014680206E+00
  0.2137685220865396E+01  0.4821771891759622E+00
  0.2138312848370832E+01  0.4823194352043264E+00
  0.2138940475876267E+01  0.4828687443903396E+00
  0.2139568103381702E+01  0.4834636922270054E+00
  0.2140195730887137E+01  0.4840042445002899E+00
  0.2140823358392572E+01  0.4842630297846721E+00
  0.2141450985898008E+01  0.4843927870072086E+00
  0.2142078613403442E+01  0.4845995991849193E+00
  0.2142706240908878E+01  0.4848062738986576E+00
  0.2143333868414313E+01  0.4850128044397087E+00
  0.2143961495919748E+01  0.4855252075427389E+00
  0.2144589123425183E+01  0.4860910441521335E+00
  0.2145216750930618E+01  0.4866973525044163E+00
  0.2145844378436053E+01  0.4868972959697555E+00
  0.2146472005941488E+01  0.4869129191894784E+00
  0.2147099633446924E+01  0.4867985440759160E+00
  0.2147727260952359E+01  0.4870308829463899E+00
  0.2148354888457794E+01  0.4875812443852741E+00
  0.2148982515963229E+01  0.4882009525291321E+00
  0.2149610143468664E+01  0.4886615415195486E+00
  0.2150237770974099E+01  0.4887955984524950E+00
  0.2150865398479534E+01  0.4886220643190655E+00
  0.2151493025984969E+01  0.4883811202065380E+00
  0.2152120653490404E+01  0.4883681772275561E+00
  0.2152748280995840E+01  0.4883499451566420E+00
  0.2153375908501275E+01  0.4883274735238362E+00
  0.2154003536006710E+01  0.4881398676878818E+00
  0.2154631163512145E+01  0.4878469689887842E+00
  0.2155258791017580E+01  0.4873848554181250E+00
  0.2155886418523015E+01  0.4872158118755300E+00
  0.2156514046028450E+01  0.4871580246227180E+00
  0.2157141673533886E+01  0.4872183382080710E+00
  0.2157769301039321E+01  0.4870571497090997E+00
  0.2158396928544756E+01  0.4867411197872882E+00
  0.2159024556050191E+01  0.4863625838753454E+00
  0.2159652183555626E+01  0.4859189740204179E+00
  0.2160279811061061E+01  0.4853789892904100E+00
  0.2160907438566496E+01  0.4850343297547748E+00
  0.2161535066071931E+01  0.4846250098657767E+00
  0.2162162693577367E+01  0.4838117122900089E+00
  0.2162790321082801E+01  0.4832513865987157E+00
  0.2163417948588237E+01  0.4828491776947249E+00
  0.2164045576093672E+01  0.4825961810588965E+00
  0.2164673203599107E+01  0.4822444659138770E+00
  0.2165300831104542E+01  0.4817647654102492E+00
  0.2165928458609977E+01  0.4813012248509088E+00
  0.2166556086115413E+01  0.4807928120629515E+00
  0.2167183713620847E+01  0.4801398085545926E+00
  0.2167811341126283E+01  0.4796212844198374E+00
  0.2168438968631718E+01  0.4791642774090835E+00
  0.2169066596137153E+01  0.4785695023596118E+00
  0.2169694223642588E+01  0.4780243157437057E+00
  0.2170321851148023E+01  0.4775352858950736E+00
  0.2170949478653458E+01  0.4769531650470956E+00
  0.2171577106158893E+01  0.4764767660754403E+00
  0.2172204733664329E+01  0.4763027004362982E+00
  0.2172832361169764E+01  0.4760010714034753E+00
  0.2173459988675199E+01  0.4756659941928187E+00
  0.2174087616180634E+01  0.4755587519215158E+00
  0.2174715243686069E+01  0.4752910996317439E+00
  0.2175342871191504E+01  0.4748645914532243E+00
  0.2175970498696939E+01  0.4748138840651299E+00
  0.2176598126202374E+01  0.4748447918683150E+00
  0.2177225753707809E+01  0.4749711316402106E+00
  0.2177853381213245E+01  0.4751931857057369E+00
  0.2178481008718680E+01  0.4753733947809510E+00
  0.2179108636224115E+01  0.4750239582193189E+00
  0.2179736263729550E+01  0.4747270221473066E+00
  0.2180363891234985E+01  0.4744755479342826E+00
  0.2180991518740420E+01  0.4742000056518049E+00
  0.2181619146245855E+01  0.4740227004352781E+00
  0.2182246773751290E+01  0.4740311093410370E+00
  0.2182874401256726E+01  0.4743905812703912E+00
  0.2183502028762160E+01  0.4748273426342706E+00
  0.2184129656267596E+01  0.4750788401320994E+00
  0.2184757283773031E+01  0.4755391058758223E+00
  0.2185384911278466E+01  0.4761572388019328E+00
  0.2186012538783901E+01  0.4764452286447794E+00
  0.2186640166289336E+01  0.4765735988748764E+00
  0.2187267793794772E+01  0.4764576482331307E+00
  0.2187895421300206E+01  0.4765763172247727E+00
  0.2188523048805642E+01  0.4767852052655187E+00
  0.2189150676311077E+01  0.4771074376283568E+00
  0.2189778303816512E+01  0.4773995137570268E+00
  0.2190405931321947E+01  0.4776731160037996E+00
  0.2191033558827382E+01  0.4780898108138652E+00
  0.2191661186332817E+01  0.4784601579952599E+00
  0.2192288813838252E+01  0.4787655216569098E+00
  0.2192916441343687E+01  0.4790659218603387E+00
  0.2193544068849123E+01  0.4794079327763469E+00
  0.2194171696354558E+01  0.4798930645266824E+00
  0.2194799323859993E+01  0.4803484077753278E+00
  0.2195426951365428E+01  0.4807877850163667E+00
  0.2196054578870863E+01  0.4812505510780909E+00
  0.2196682206376298E+01  0.4818473432097328E+00
  0.2197309833881733E+01  0.4826080803885044E+00
  0.2197937461387169E+01  0.4832963378741516E+00
  0.2198565088892604E+01  0.4838992318015911E+00
  0.2199192716398039E+01  0.4842971471290810E+00
  0.2199820343903474E+01  0.4846216068277952E+00
  0.2200447971408909E+01  0.4849006013312282E+00
  0.2201075598914344E+01  0.4850678583773643E+00
  0.2201703226419779E+01  0.4854134814132914E+00
  0.2202330853925214E+01  0.4859498070895625E+00
  0.2202958481430649E+01  0.4861282509558891E+00
  0.2203586108936085E+01  0.4862389926006820E+00
  0.2204213736441520E+01  0.4862941132054093E+00
  0.2204841363946955E+01  0.4861019708041026E+00
  0.2205468991452390E+01  0.4857752457599882E+00
  0.2206096618957825E+01  0.4852034771777454E+00
  0.2206724246463260E+01  0.4846053197284719E+00
  0.2207351873968695E+01  0.4839824869283517E+00
  0.2207979501474131E+01  0.4830341156673591E+00
  0.2208607128979565E+01  0.4819255245535027E+00
  0.2209234756485001E+01  0.4805466208708960E+00
  0.2209862383990436E+01  0.4788013838673603E+00
  0.2210490011495871E+01  0.4767857789098317E+00
  0.2211117639001306E+01  0.4739376995875412E+00
  0.2211745266506741E+01  0.4708676952599476E+00
  0.2212372894012177E+01  0.4676163134170216E+00
  0.2213000521517611E+01  0.4633049644739881E+00
  0.2213628149023047E+01  0.4585482368158286E+00
  0.2214255776528482E+01  0.4530955971223296E+00
  0.2214883404033917E+01  0.4470479374887740E+00
  0.2215511031539352E+01  0.4406183348511362E+00
  0.2216138659044787E+01  0.4332379232323663E+00
  0.2216766286550222E+01  0.4251189054167172E+00
  0.2217393914055657E+01  0.4164732384821862E+00
  0.2218021541561092E+01  0.4069940559754799E+00
  0.2218649169066528E+01  0.3971273380193546E+00
  0.2219276796571963E+01  0.3866845694780600E+00
  0.2219904424077398E+01  0.3755406232066041E+00
  0.2220532051582833E+01  0.3640546947996935E+00
  0.2221159679088268E+01  0.3519280291128870E+00
  0.2221787306593703E+01  0.3394943582380425E+00
  0.2222414934099138E+01  0.3268590439380180E+00
  0.2223042561604573E+01  0.3137642607622410E+00
  0.2223670189110008E+01  0.3005483577689492E+00
  0.2224297816615444E+01  0.2871723246822582E+00
  0.2224925444120879E+01  0.2739229125064813E+00
  0.2225553071626314E+01  0.2608038922032379E+00
  0.2226180699131749E+01  0.2480125861441066E+00
  0.2226808326637184E+01  0.2356909621101400E+00
  0.2227435954142619E+01  0.2236567178354439E+00
  0.2228063581648054E+01  0.2122017004701071E+00
  0.2228691209153490E+01  0.2011063122240867E+00
  0.2229318836658924E+01  0.1904261244181590E+00
  0.2229946464164360E+01  0.1805273528635106E+00
  0.2230574091669795E+01  0.1709677764166495E+00
  0.2231201719175230E+01  0.1619894693309648E+00
  0.2231829346680665E+01  0.1533907553548746E+00
  0.2232456974186100E+01  0.1450112827502702E+00
  0.2233084601691536E+01  0.1370723236654230E+00
  0.2233712229196970E+01  0.1293403521041486E+00
  0.2234339856702406E+01  0.1218173388841321E+00
  0.2234967484207841E+01  0.1145576503571749E+00
  0.2235595111713276E+01  0.1074977596500654E+00
  0.2236222739218711E+01  0.1008187422868412E+00
  0.2236850366724146E+01  0.9443357341638128E-01
  0.2237477994229581E+01  0.8820447427425678E-01
  0.2238105621735016E+01  0.8226038970732973E-01
  0.2238733249240451E+01  0.7659043082012026E-01
  0.2239360876745887E+01  0.7116247170160202E-01
  0.2239988504251322E+01  0.6614823699893768E-01
  0.2240616131756757E+01  0.6128502845910583E-01
  0.2241243759262192E+01  0.5665697239360441E-01
  0.2241871386767627E+01  0.5239513231468126E-01
  0.2242499014273062E+01  0.4833124013188930E-01
  0.2243126641778497E+01  0.4467617522139232E-01
  0.2243754269283933E+01  0.4120648388656032E-01
  0.2244381896789368E+01  0.3787973841469115E-01
  0.2245009524294803E+01  0.3489334055192335E-01
  0.2245637151800238E+01  0.3204828094148260E-01
  0.2246264779305673E+01  0.2941924342901585E-01
  0.2246892406811108E+01  0.2702574490587175E-01
  0.2247520034316543E+01  0.2475114202062154E-01
  0.2248147661821978E+01  0.2270581619076299E-01
  0.2248775289327413E+01  0.2083781606966211E-01
  0.2249402916832849E+01  0.1909009148375970E-01
  0.2250030544338284E+01  0.1757482553967146E-01
  0.2250658171843719E+01  0.1613148696526666E-01
  0.2251285799349154E+01  0.1479101361423650E-01
  0.2251913426854589E+01  0.1359236223928757E-01
  0.2252541054360024E+01  0.1245858566613152E-01
  0.2253168681865459E+01  0.1143979196531710E-01
  0.2253796309370895E+01  0.1049621600088296E-01
  0.2254423936876329E+01  0.9601483809892043E-02
  0.2255051564381765E+01  0.8831565510797838E-02
  0.2255679191887200E+01  0.8108524120424152E-02
  0.2256306819392635E+01  0.7443948960636376E-02
  0.2256934446898070E+01  0.6852202472504366E-02
  0.2257562074403505E+01  0.6291569882582984E-02
  0.2258189701908941E+01  0.5783839226124032E-02
  0.2258817329414375E+01  0.5319939949890000E-02
  0.2259444956919810E+01  0.4881587050217837E-02
  0.2260072584425246E+01  0.4488161497550670E-02
  0.2260700211930681E+01  0.4122709611921808E-02
  0.2261327839436116E+01  0.3787747204040083E-02
  0.2261955466941551E+01  0.3496086139234690E-02
  0.2262583094446986E+01  0.3220710899733497E-02
  0.2263210721952421E+01  0.2971219702738392E-02
  0.2263838349457856E+01  0.2743186867920125E-02
  0.2264465976963292E+01  0.2527560726519941E-02
  0.2265093604468727E+01  0.2338687662270007E-02
  0.2265721231974162E+01  0.2160574686438255E-02
  0.2266348859479597E+01  0.1992718443585916E-02
  0.2266976486985032E+01  0.1846686403435769E-02
  0.2267604114490467E+01  0.1708967385727394E-02
  0.2268231741995902E+01  0.1584478809323210E-02
  0.2268859369501337E+01  0.1471970791956120E-02
  0.2269486997006772E+01  0.1365857260728601E-02
  0.2270114624512208E+01  0.1272216605255013E-02
  0.2270742252017643E+01  0.1185521370413562E-02
  0.2271369879523078E+01  0.1104613710931891E-02
  0.2271997507028513E+01  0.1030851900235667E-02
  0.2272625134533948E+01  0.9611050830321879E-03
  0.2273252762039383E+01  0.8978899951217291E-03
  0.2273880389544818E+01  0.8404512265415786E-03
  0.2274508017050254E+01  0.7861184183795706E-03
  0.2275135644555689E+01  0.7382104973366860E-03
  0.2275763272061124E+01  0.6923791829130014E-03
  0.2276390899566559E+01  0.6480580644292822E-03
  0.2277018527071994E+01  0.6110026228364761E-03
  0.2277646154577429E+01  0.5754880784533212E-03
  0.2278273782082864E+01  0.5421961931809529E-03
  0.2278901409588300E+01  0.5107130463052304E-03
  0.2279529037093734E+01  0.4804503216635017E-03
  0.2280156664599169E+01  0.4531428377466483E-03
  0.2280784292104605E+01  0.4284396899437616E-03
  0.2281411919610040E+01  0.4054213907087151E-03
  0.2282039547115475E+01  0.3842909360802995E-03
  0.2282667174620910E+01  0.3641087918622311E-03
  0.2283294802126345E+01  0.3452052262458640E-03
  0.2283922429631780E+01  0.3271237767436448E-03
  0.2284550057137215E+01  0.3099112884900151E-03
  0.2285177684642651E+01  0.2949361639120048E-03
  0.2285805312148086E+01  0.2798789539267053E-03
  0.2286432939653521E+01  0.2648811344291390E-03
  0.2287060567158956E+01  0.2517619706696846E-03
  0.2287688194664391E+01  0.2394160643433339E-03
  0.2288315822169826E+01  0.2279803225797293E-03
  0.2288943449675261E+01  0.2171524437123420E-03
  0.2289571077180697E+01  0.2064643528716099E-03
  0.2290198704686131E+01  0.1958982824467440E-03
  0.2290826332191567E+01  0.1862062731192180E-03
  0.2291453959697002E+01  0.1770344124549169E-03
  0.2292081587202437E+01  0.1690058237515303E-03
  0.2292709214707872E+01  0.1608139338229796E-03
  0.2293336842213307E+01  0.1524539896599649E-03
  0.2293964469718742E+01  0.1457091241840081E-03
  0.2294592097224177E+01  0.1392513561351098E-03
  0.2295219724729613E+01  0.1330353230414984E-03
  0.2295847352235048E+01  0.1271774726282729E-03
  0.2296474979740483E+01  0.1215157507125899E-03
  0.2297102607245918E+01  0.1162359750304021E-03
  0.2297730234751353E+01  0.1113248244570005E-03
  0.2298357862256788E+01  0.1067454319408156E-03
  0.2298985489762223E+01  0.1019024644611499E-03
  0.2299613117267659E+01  0.9723015303885335E-04
  0.2300240744773093E+01  0.9292631345218247E-04
  0.2300868372278528E+01  0.8893476787788897E-04
  0.2301495999783964E+01  0.8511520116360804E-04
  0.2302123627289399E+01  0.8166002910075204E-04
  0.2302751254794834E+01  0.7791985745816991E-04
  0.2303378882300269E+01  0.7395558527455693E-04
  0.2304006509805704E+01  0.7063708280237506E-04
  0.2304634137311139E+01  0.6756790704845043E-04
  0.2305261764816574E+01  0.6487988827033623E-04
  0.2305889392322010E+01  0.6232475182017852E-04
  0.2306517019827445E+01  0.5981082260804292E-04
  0.2307144647332880E+01  0.5731305164267008E-04
  0.2307772274838315E+01  0.5497007046219323E-04
  0.2309027529849185E+01  0.0000000000000000E+00
