  1000 NIRCAM_F212N        
  0.2076300048828125E+01  0.2166390138918215E+01  0.2581858114155648E+02  0.1777603798876925E+01  0.4718581141556477E+01  0.4705085755876360E-10  0.7062500319088800E+03  0.2121192876221790E+01  0.3183985615236670E-17  0.2121318209573272E+01
  0.2121397497602289E+01  0.2121291774067346E+01  0.2121344645408637E+01  0.2121264461524470E+01  0.2119116678008156E+01  0.1899661632186527E+00  0.2461638123309662E-01  0.2745238496070775E-01  0.2109345382205465E+01  0.2133961763438562E+01
  0.1326340328778891E+00  0.2745238496070775E+00  0.6252512478449759E-02  0.7656843141756545E-17  0.2779564378330860E-19  0.2539999961853027E+06  0.2307147701515138E+02  0.2484908233990721E+02  0.2779005815670786E+02
  0.2076300048828125E+01  0.0000000000000000E+00
  0.2076390138918215E+01  0.5515179926540232E-04
  0.2076480229008305E+01  0.5612254786735899E-04
  0.2076570319098395E+01  0.5709329646931088E-04
  0.2076660409188485E+01  0.5806404507126756E-04
  0.2076750499278575E+01  0.5903479367322423E-04
  0.2076840589368666E+01  0.6000554227518091E-04
  0.2076930679458755E+01  0.6097629087713280E-04
  0.2077020769548846E+01  0.6194703947908947E-04
  0.2077110859638936E+01  0.6291778808104613E-04
  0.2077200949729026E+01  0.6388853668300282E-04
  0.2077291039819116E+01  0.6485928528495470E-04
  0.2077381129909206E+01  0.6629984609582846E-04
  0.2077471219999296E+01  0.6779260826324856E-04
  0.2077561310089386E+01  0.6928537043066865E-04
  0.2077651400179476E+01  0.7077813259808138E-04
  0.2077741490269566E+01  0.7227089476550148E-04
  0.2077831580359657E+01  0.7376365693292157E-04
  0.2077921670449747E+01  0.7525641910034167E-04
  0.2078011760539836E+01  0.7674918126775441E-04
  0.2078101850629927E+01  0.7824194343517450E-04
  0.2078191940720017E+01  0.7973470560259460E-04
  0.2078282030810107E+01  0.8122746777001470E-04
  0.2078372120900197E+01  0.8339575095832998E-04
  0.2078462210990287E+01  0.8573291440188345E-04
  0.2078552301080377E+01  0.8807007784543691E-04
  0.2078642391170467E+01  0.9040724128899038E-04
  0.2078732481260557E+01  0.9274440473253234E-04
  0.2078822571350647E+01  0.9508156817608580E-04
  0.2078912661440738E+01  0.9741873161963930E-04
  0.2079002751530828E+01  0.9975589506319276E-04
  0.2079092841620918E+01  0.1020930585067347E-03
  0.2079182931711008E+01  0.1044302219502882E-03
  0.2079273021801098E+01  0.1067673853938417E-03
  0.2079363111891188E+01  0.1095203263622657E-03
  0.2079453201981278E+01  0.1124514576984769E-03
  0.2079543292071368E+01  0.1153825890347026E-03
  0.2079633382161458E+01  0.1183137203709283E-03
  0.2079723472251549E+01  0.1212448517071540E-03
  0.2079813562341638E+01  0.1241759830433652E-03
  0.2079903652431728E+01  0.1271071143795909E-03
  0.2079993742521819E+01  0.1300382457158166E-03
  0.2080083832611909E+01  0.1329693770520423E-03
  0.2080173922701999E+01  0.1359005083882535E-03
  0.2080264012792089E+01  0.1388316397244792E-03
  0.2080354102882179E+01  0.1423873911917414E-03
  0.2080444192972269E+01  0.1463595560796946E-03
  0.2080534283062359E+01  0.1503317209676283E-03
  0.2080624373152449E+01  0.1543038858555815E-03
  0.2080714463242539E+01  0.1582760507435348E-03
  0.2080804553332630E+01  0.1622482156314880E-03
  0.2080894643422719E+01  0.1662203805194217E-03
  0.2080984733512810E+01  0.1701925454073750E-03
  0.2081074823602900E+01  0.1741647102953282E-03
  0.2081164913692990E+01  0.1781368751832814E-03
  0.2081255003783080E+01  0.1821090400712151E-03
  0.2081345093873170E+01  0.1870120229898633E-03
  0.2081435183963260E+01  0.1928458239392063E-03
  0.2081525274053350E+01  0.1986796248885493E-03
  0.2081615364143440E+01  0.2045134258378636E-03
  0.2081705454233530E+01  0.2103472267872067E-03
  0.2081795544323620E+01  0.2161810277365497E-03
  0.2081885634413711E+01  0.2220148286858928E-03
  0.2081975724503800E+01  0.2278486296352070E-03
  0.2082065814593891E+01  0.2336824305845501E-03
  0.2082155904683981E+01  0.2395162315338932E-03
  0.2082245994774071E+01  0.2453500324832362E-03
  0.2082336084864161E+01  0.2522229602861625E-03
  0.2082426174954251E+01  0.2606545783695677E-03
  0.2082516265044341E+01  0.2690861964529728E-03
  0.2082606355134431E+01  0.2775178145363780E-03
  0.2082696445224521E+01  0.2859494326197415E-03
  0.2082786535314611E+01  0.2943810507031467E-03
  0.2082876625404702E+01  0.3028126687865519E-03
  0.2082966715494792E+01  0.3112442868699571E-03
  0.2083056805584881E+01  0.3196759049533207E-03
  0.2083146895674972E+01  0.3281075230367258E-03
  0.2083236985765062E+01  0.3365391411201309E-03
  0.2083327075855152E+01  0.3459988248319605E-03
  0.2083417165945242E+01  0.3578573283433886E-03
  0.2083507256035332E+01  0.3697158318548750E-03
  0.2083597346125422E+01  0.3815743353663615E-03
  0.2083687436215512E+01  0.3934328388778480E-03
  0.2083777526305602E+01  0.4052913423892760E-03
  0.2083867616395692E+01  0.4171498459007624E-03
  0.2083957706485783E+01  0.4290083494122489E-03
  0.2084047796575873E+01  0.4408668529237354E-03
  0.2084137886665963E+01  0.4527253564351634E-03
  0.2084227976756053E+01  0.4645838599466499E-03
  0.2084318066846143E+01  0.4777401726402245E-03
  0.2084408156936233E+01  0.4960877220621517E-03
  0.2084498247026323E+01  0.5144352714839884E-03
  0.2084588337116413E+01  0.5327828209059157E-03
  0.2084678427206503E+01  0.5511303703278430E-03
  0.2084768517296594E+01  0.5694779197497701E-03
  0.2084858607386684E+01  0.5878254691716975E-03
  0.2084948697476773E+01  0.6061730185935342E-03
  0.2085038787566864E+01  0.6245205680154615E-03
  0.2085128877656954E+01  0.6428681174373888E-03
  0.2085218967747044E+01  0.6612156668593160E-03
  0.2085309057837134E+01  0.6804809566641645E-03
  0.2085399147927224E+01  0.7080059099162091E-03
  0.2085489238017314E+01  0.7355308631682538E-03
  0.2085579328107404E+01  0.7630558164202982E-03
  0.2085669418197494E+01  0.7905807696722072E-03
  0.2085759508287584E+01  0.8181057229242518E-03
  0.2085849598377675E+01  0.8456306761762964E-03
  0.2085939688467765E+01  0.8731556294283410E-03
  0.2086029778557855E+01  0.9006805826802499E-03
  0.2086119868647945E+01  0.9282055359322945E-03
  0.2086209958738035E+01  0.9557304891843391E-03
  0.2086300048828125E+01  0.9832554424363837E-03
  0.2086390138918215E+01  0.1027902771734499E-02
  0.2086480229008305E+01  0.1072550101032834E-02
  0.2086570319098395E+01  0.1117197430331169E-02
  0.2086660409188485E+01  0.1161844759629505E-02
  0.2086750499278575E+01  0.1206492088927620E-02
  0.2086840589368665E+01  0.1251139418225955E-02
  0.2086930679458756E+01  0.1295786747524290E-02
  0.2087020769548846E+01  0.1340434076822625E-02
  0.2087110859638936E+01  0.1385081406120741E-02
  0.2087200949729026E+01  0.1429728735419076E-02
  0.2087291039819116E+01  0.1474376064717411E-02
  0.2087381129909206E+01  0.1539589410392455E-02
  0.2087471219999296E+01  0.1607087868997911E-02
  0.2087561310089386E+01  0.1674586327603700E-02
  0.2087651400179476E+01  0.1742084786209489E-02
  0.2087741490269567E+01  0.1809583244815278E-02
  0.2087831580359656E+01  0.1877081703420734E-02
  0.2087921670449747E+01  0.1944580162026523E-02
  0.2088011760539837E+01  0.2012078620632312E-02
  0.2088101850629927E+01  0.2079577079238101E-02
  0.2088191940720017E+01  0.2147075537843557E-02
  0.2088282030810107E+01  0.2214573996449346E-02
  0.2088372120900197E+01  0.2314109775426862E-02
  0.2088462210990287E+01  0.2421654884497308E-02
  0.2088552301080377E+01  0.2529199993567225E-02
  0.2088642391170467E+01  0.2636745102637671E-02
  0.2088732481260557E+01  0.2744290211708118E-02
  0.2088822571350648E+01  0.2851835320778565E-02
  0.2088912661440737E+01  0.2959380429848482E-02
  0.2089002751530828E+01  0.3066925538918928E-02
  0.2089092841620918E+01  0.3174470647989375E-02
  0.2089182931711008E+01  0.3282015757059822E-02
  0.2089273021801098E+01  0.3389560866129738E-02
  0.2089363111891188E+01  0.3539952364429844E-02
  0.2089453201981278E+01  0.3708706600971232E-02
  0.2089543292071368E+01  0.3877460837512619E-02
  0.2089633382161458E+01  0.4046215074053176E-02
  0.2089723472251548E+01  0.4214969310594563E-02
  0.2089813562341639E+01  0.4383723547135950E-02
  0.2089903652431729E+01  0.4552477783677338E-02
  0.2089993742521818E+01  0.4721232020217894E-02
  0.2090083832611909E+01  0.4889986256759281E-02
  0.2090173922701999E+01  0.5058740493300669E-02
  0.2090264012792089E+01  0.5227494729842057E-02
  0.2090354102882179E+01  0.5439924038488690E-02
  0.2090444192972269E+01  0.5681470061874137E-02
  0.2090534283062359E+01  0.5923016085259584E-02
  0.2090624373152449E+01  0.6164562108645031E-02
  0.2090714463242539E+01  0.6406108132029287E-02
  0.2090804553332629E+01  0.6647654155414734E-02
  0.2090894643422720E+01  0.6889200178800181E-02
  0.2090984733512810E+01  0.7130746202185629E-02
  0.2091074823602900E+01  0.7372292225569886E-02
  0.2091164913692990E+01  0.7613838248955332E-02
  0.2091255003783080E+01  0.7855384272340778E-02
  0.2091345093873170E+01  0.8153713608388999E-02
  0.2091435183963260E+01  0.8508826257098243E-02
  0.2091525274053350E+01  0.8863938905809238E-02
  0.2091615364143440E+01  0.9219051554520231E-02
  0.2091705454233530E+01  0.9574164203231227E-02
  0.2091795544323620E+01  0.9929276851940470E-02
  0.2091885634413710E+01  0.1028438950065146E-01
  0.2091975724503801E+01  0.1063950214936246E-01
  0.2092065814593891E+01  0.1099461479807345E-01
  0.2092155904683981E+01  0.1134972744678269E-01
  0.2092245994774071E+01  0.1170484009549369E-01
  0.2092336084864161E+01  0.1210436274419114E-01
  0.2092426174954251E+01  0.1257050039286828E-01
  0.2092516265044341E+01  0.1303663804154313E-01
  0.2092606355134431E+01  0.1350277569022027E-01
  0.2092696445224521E+01  0.1396891333889741E-01
  0.2092786535314612E+01  0.1443505098757455E-01
  0.2092876625404702E+01  0.1490118863625169E-01
  0.2092966715494792E+01  0.1536732628492653E-01
  0.2093056805584882E+01  0.1583346393360368E-01
  0.2093146895674972E+01  0.1629960158228082E-01
  0.2093236985765062E+01  0.1676573923095796E-01
  0.2093327075855152E+01  0.1727077055585528E-01
  0.2093417165945242E+01  0.1786655379194071E-01
  0.2093507256035332E+01  0.1846233702802613E-01
  0.2093597346125422E+01  0.1905812026411155E-01
  0.2093687436215512E+01  0.1965390350019403E-01
  0.2093777526305602E+01  0.2024968673627945E-01
  0.2093867616395693E+01  0.2084546997236487E-01
  0.2093957706485783E+01  0.2144125320845030E-01
  0.2094047796575873E+01  0.2203703644453278E-01
  0.2094137886665963E+01  0.2263281968061820E-01
  0.2094227976756053E+01  0.2322860291670362E-01
  0.2094318066846143E+01  0.2385067531803118E-01
  0.2094408156936233E+01  0.2457790438032366E-01
  0.2094498247026323E+01  0.2530513344261973E-01
  0.2094588337116413E+01  0.2603236250491581E-01
  0.2094678427206504E+01  0.2675959156721188E-01
  0.2094768517296593E+01  0.2748682062950437E-01
  0.2094858607386684E+01  0.2821404969180044E-01
  0.2094948697476774E+01  0.2894127875409651E-01
  0.2095038787566864E+01  0.2966850781639258E-01
  0.2095128877656954E+01  0.3039573687868507E-01
  0.2095218967747044E+01  0.3112296594098115E-01
  0.2095309057837134E+01  0.3186364071812789E-01
  0.2095399147927224E+01  0.3272532692893066E-01
  0.2095489238017314E+01  0.3358701313972919E-01
  0.2095579328107404E+01  0.3444869935053196E-01
  0.2095669418197494E+01  0.3531038556133474E-01
  0.2095759508287585E+01  0.3617207177213751E-01
  0.2095849598377674E+01  0.3703375798293604E-01
  0.2095939688467765E+01  0.3789544419373882E-01
  0.2096029778557855E+01  0.3875713040454159E-01
  0.2096119868647945E+01  0.3961881661534437E-01
  0.2096209958738035E+01  0.4048050282614290E-01
  0.2096300048828125E+01  0.4134218903694567E-01
  0.2096390138918215E+01  0.4231871861716290E-01
  0.2096480229008305E+01  0.4329524819738013E-01
  0.2096570319098395E+01  0.4427177777759255E-01
  0.2096660409188485E+01  0.4524830735780979E-01
  0.2096750499278575E+01  0.4622483693802702E-01
  0.2096840589368666E+01  0.4720136651824425E-01
  0.2096930679458755E+01  0.4817789609845667E-01
  0.2097020769548846E+01  0.4915442567867390E-01
  0.2097110859638936E+01  0.5013095525889114E-01
  0.2097200949729026E+01  0.5110748483910837E-01
  0.2097291039819116E+01  0.5208401441932079E-01
  0.2097381129909206E+01  0.5309270215353169E-01
  0.2097471219999296E+01  0.5410496301596410E-01
  0.2097561310089386E+01  0.5511722387839652E-01
  0.2097651400179476E+01  0.5612948474082394E-01
  0.2097741490269566E+01  0.5714174560325636E-01
  0.2097831580359657E+01  0.5815400646568877E-01
  0.2097921670449747E+01  0.5916626732812119E-01
  0.2098011760539837E+01  0.6017852819054861E-01
  0.2098101850629927E+01  0.6119078905298102E-01
  0.2098191940720017E+01  0.6220304991541344E-01
  0.2098282030810107E+01  0.6321531077784585E-01
  0.2098372120900197E+01  0.6419320451183820E-01
  0.2098462210990287E+01  0.6516250646372648E-01
  0.2098552301080377E+01  0.6613180841561478E-01
  0.2098642391170467E+01  0.6710111036750306E-01
  0.2098732481260557E+01  0.6807041231938657E-01
  0.2098822571350647E+01  0.6903971427127485E-01
  0.2098912661440738E+01  0.7000901622316316E-01
  0.2099002751530828E+01  0.7097831817505144E-01
  0.2099092841620918E+01  0.7194762012693494E-01
  0.2099182931711008E+01  0.7291692207882323E-01
  0.2099273021801098E+01  0.7388622403071153E-01
  0.2099363111891188E+01  0.7475176461965767E-01
  0.2099453201981278E+01  0.7557283605305315E-01
  0.2099543292071368E+01  0.7639390748645267E-01
  0.2099633382161458E+01  0.7721497891985218E-01
  0.2099723472251549E+01  0.7803605035325172E-01
  0.2099813562341638E+01  0.7885712178664719E-01
  0.2099903652431728E+01  0.7967819322004671E-01
  0.2099993742521819E+01  0.8049926465344623E-01
  0.2100083832611909E+01  0.8132033608684575E-01
  0.2100173922701999E+01  0.8214140752024121E-01
  0.2100264012792089E+01  0.8296247895364074E-01
  0.2100354102882179E+01  0.8375863094712642E-01
  0.2100444192972269E+01  0.8453816998066957E-01
  0.2100534283062359E+01  0.8531770901420885E-01
  0.2100624373152449E+01  0.8609724804775198E-01
  0.2100714463242539E+01  0.8687678708129512E-01
  0.2100804553332630E+01  0.8765632611483826E-01
  0.2100894643422720E+01  0.8843586514838139E-01
  0.2100984733512810E+01  0.8921540418192067E-01
  0.2101074823602900E+01  0.8999494321546382E-01
  0.2101164913692990E+01  0.9077448224900694E-01
  0.2101255003783080E+01  0.9155402128255008E-01
  0.2101345093873170E+01  0.9240163107750332E-01
  0.2101435183963260E+01  0.9331731163387436E-01
  0.2101525274053350E+01  0.9423299219024539E-01
  0.2101615364143441E+01  0.9514867274661645E-01
  0.2101705454233530E+01  0.9606435330298296E-01
  0.2101795544323620E+01  0.9698003385935403E-01
  0.2101885634413711E+01  0.9789571441572506E-01
  0.2101975724503801E+01  0.9881139497209611E-01
  0.2102065814593891E+01  0.9972707552846265E-01
  0.2102155904683981E+01  0.1006427560848337E+00
  0.2102245994774071E+01  0.1015584366412047E+00
  0.2102336084864161E+01  0.1025253059624248E+00
  0.2102426174954251E+01  0.1035689584309135E+00
  0.2102516265044341E+01  0.1046126108994072E+00
  0.2102606355134431E+01  0.1056562633679010E+00
  0.2102696445224522E+01  0.1066999158363947E+00
  0.2102786535314611E+01  0.1077435683048834E+00
  0.2102876625404702E+01  0.1087872207733771E+00
  0.2102966715494792E+01  0.1098308732418709E+00
  0.2103056805584882E+01  0.1108745257103646E+00
  0.2103146895674972E+01  0.1119181781788533E+00
  0.2103236985765062E+01  0.1129618306473470E+00
  0.2103327075855152E+01  0.1140434443113009E+00
  0.2103417165945242E+01  0.1152136340979951E+00
  0.2103507256035332E+01  0.1163838238846836E+00
  0.2103597346125422E+01  0.1175540136713778E+00
  0.2103687436215512E+01  0.1187242034580720E+00
  0.2103777526305603E+01  0.1198943932447662E+00
  0.2103867616395692E+01  0.1210645830314547E+00
  0.2103957706485783E+01  0.1222347728181489E+00
  0.2104047796575873E+01  0.1234049626048431E+00
  0.2104137886665963E+01  0.1245751523915374E+00
  0.2104227976756053E+01  0.1257453421782258E+00
  0.2104318066846143E+01  0.1269845599625838E+00
  0.2104408156936233E+01  0.1284998897375972E+00
  0.2104498247026323E+01  0.1300152195126104E+00
  0.2104588337116413E+01  0.1315305492876163E+00
  0.2104678427206503E+01  0.1330458790626296E+00
  0.2104768517296594E+01  0.1345612088376429E+00
  0.2104858607386684E+01  0.1360765386126563E+00
  0.2104948697476773E+01  0.1375918683876621E+00
  0.2105038787566864E+01  0.1391071981626754E+00
  0.2105128877656954E+01  0.1406225279376887E+00
  0.2105218967747044E+01  0.1421378577127020E+00
  0.2105309057837134E+01  0.1436682847322566E+00
  0.2105399147927224E+01  0.1453345869527568E+00
  0.2105489238017314E+01  0.1470008891732570E+00
  0.2105579328107404E+01  0.1486671913937572E+00
  0.2105669418197494E+01  0.1503334936142492E+00
  0.2105759508287584E+01  0.1519997958347494E+00
  0.2105849598377675E+01  0.1536660980552497E+00
  0.2105939688467765E+01  0.1553324002757499E+00
  0.2106029778557855E+01  0.1569987024962419E+00
  0.2106119868647945E+01  0.1586650047167421E+00
  0.2106209958738035E+01  0.1603313069372423E+00
  0.2106300048828125E+01  0.1619976091577426E+00
  0.2106390138918215E+01  0.1640642578170494E+00
  0.2106480229008305E+01  0.1661309064763663E+00
  0.2106570319098395E+01  0.1681975551356833E+00
  0.2106660409188486E+01  0.1702642037950003E+00
  0.2106750499278575E+01  0.1723308524543071E+00
  0.2106840589368665E+01  0.1743975011136241E+00
  0.2106930679458756E+01  0.1764641497729411E+00
  0.2107020769548846E+01  0.1785307984322581E+00
  0.2107110859638936E+01  0.1805974470915649E+00
  0.2107200949729026E+01  0.1826640957508819E+00
  0.2107291039819116E+01  0.1847307444101988E+00
  0.2107381129909206E+01  0.1869142526290876E+00
  0.2107471219999296E+01  0.1891107452434735E+00
  0.2107561310089386E+01  0.1913072378578703E+00
  0.2107651400179476E+01  0.1935037304722670E+00
  0.2107741490269567E+01  0.1957002230866637E+00
  0.2107831580359656E+01  0.1978967157010497E+00
  0.2107921670449747E+01  0.2000932083154464E+00
  0.2108011760539837E+01  0.2022897009298432E+00
  0.2108101850629927E+01  0.2044861935442399E+00
  0.2108191940720017E+01  0.2066826861586258E+00
  0.2108282030810107E+01  0.2088791787730226E+00
  0.2108372120900197E+01  0.2115370801128991E+00
  0.2108462210990287E+01  0.2143103336341455E+00
  0.2108552301080377E+01  0.2170835871553784E+00
  0.2108642391170467E+01  0.2198568406766248E+00
  0.2108732481260557E+01  0.2226300941978713E+00
  0.2108822571350648E+01  0.2254033477191177E+00
  0.2108912661440738E+01  0.2281766012403642E+00
  0.2109002751530828E+01  0.2309498547615970E+00
  0.2109092841620918E+01  0.2337231082828435E+00
  0.2109182931711008E+01  0.2364963618040899E+00
  0.2109273021801098E+01  0.2392696153253227E+00
  0.2109363111891188E+01  0.2421349539396948E+00
  0.2109453201981278E+01  0.2450397575939777E+00
  0.2109543292071368E+01  0.2479445612482607E+00
  0.2109633382161459E+01  0.2508493649025437E+00
  0.2109723472251548E+01  0.2537541685568123E+00
  0.2109813562341639E+01  0.2566589722110952E+00
  0.2109903652431729E+01  0.2595637758653783E+00
  0.2109993742521819E+01  0.2624685795196612E+00
  0.2110083832611909E+01  0.2653733831739299E+00
  0.2110173922701999E+01  0.2682781868282129E+00
  0.2110264012792089E+01  0.2711829904824958E+00
  0.2110354102882179E+01  0.2742689123528718E+00
  0.2110444192972269E+01  0.2774755797006275E+00
  0.2110534283062359E+01  0.2806822470483989E+00
  0.2110624373152449E+01  0.2838889143961703E+00
  0.2110714463242540E+01  0.2870955817439418E+00
  0.2110804553332629E+01  0.2903022490916974E+00
  0.2110894643422720E+01  0.2935089164394688E+00
  0.2110984733512810E+01  0.2967155837872403E+00
  0.2111074823602900E+01  0.2999222511350117E+00
  0.2111164913692990E+01  0.3031289184827673E+00
  0.2111255003783080E+01  0.3063355858305387E+00
  0.2111345093873170E+01  0.3095829220617233E+00
  0.2111435183963260E+01  0.3128709271763210E+00
  0.2111525274053350E+01  0.3161589322909025E+00
  0.2111615364143440E+01  0.3194469374055002E+00
  0.2111705454233531E+01  0.3227349425200979E+00
  0.2111795544323621E+01  0.3260229476346956E+00
  0.2111885634413710E+01  0.3293109527492771E+00
  0.2111975724503801E+01  0.3325989578638748E+00
  0.2112065814593891E+01  0.3358869629784726E+00
  0.2112155904683981E+01  0.3391749680930703E+00
  0.2112245994774071E+01  0.3424629732076518E+00
  0.2112336084864161E+01  0.3456193457124673E+00
  0.2112426174954251E+01  0.3485782693026096E+00
  0.2112516265044341E+01  0.3515371928927520E+00
  0.2112606355134431E+01  0.3544961164828797E+00
  0.2112696445224521E+01  0.3574550400730219E+00
  0.2112786535314612E+01  0.3604139636631642E+00
  0.2112876625404702E+01  0.3633728872533065E+00
  0.2112966715494792E+01  0.3663318108434342E+00
  0.2113056805584882E+01  0.3692907344335765E+00
  0.2113146895674972E+01  0.3722496580237188E+00
  0.2113236985765062E+01  0.3752085816138611E+00
  0.2113327075855152E+01  0.3781526799734362E+00
  0.2113417165945242E+01  0.3810621861284030E+00
  0.2113507256035332E+01  0.3839716922833699E+00
  0.2113597346125422E+01  0.3868811984383366E+00
  0.2113687436215512E+01  0.3897907045932891E+00
  0.2113777526305602E+01  0.3927002107482559E+00
  0.2113867616395693E+01  0.3956097169032227E+00
  0.2113957706485783E+01  0.3985192230581895E+00
  0.2114047796575873E+01  0.4014287292131420E+00
  0.2114137886665963E+01  0.4043382353681088E+00
  0.2114227976756053E+01  0.4072477415230756E+00
  0.2114318066846143E+01  0.4100025882937410E+00
  0.2114408156936233E+01  0.4121387975271903E+00
  0.2114498247026323E+01  0.4142750067606501E+00
  0.2114588337116413E+01  0.4164112159941099E+00
  0.2114678427206504E+01  0.4185474252275697E+00
  0.2114768517296593E+01  0.4206836344610190E+00
  0.2114858607386684E+01  0.4228198436944788E+00
  0.2114948697476774E+01  0.4249560529279386E+00
  0.2115038787566864E+01  0.4270922621613984E+00
  0.2115128877656954E+01  0.4292284713948477E+00
  0.2115218967747044E+01  0.4313646806283075E+00
  0.2115309057837134E+01  0.4334552697307854E+00
  0.2115399147927224E+01  0.4351352776544263E+00
  0.2115489238017314E+01  0.4368152855780590E+00
  0.2115579328107404E+01  0.4384952935016999E+00
  0.2115669418197494E+01  0.4401753014253409E+00
  0.2115759508287585E+01  0.4418553093489818E+00
  0.2115849598377674E+01  0.4435353172726144E+00
  0.2115939688467765E+01  0.4452153251962554E+00
  0.2116029778557855E+01  0.4468953331198964E+00
  0.2116119868647945E+01  0.4485753410435372E+00
  0.2116209958738035E+01  0.4502553489671700E+00
  0.2116300048828125E+01  0.4519353568908109E+00
  0.2116390138918215E+01  0.4532286862424763E+00
  0.2116480229008305E+01  0.4545220155941416E+00
  0.2116570319098395E+01  0.4558153449458007E+00
  0.2116660409188485E+01  0.4571086742974660E+00
  0.2116750499278576E+01  0.4584020036491314E+00
  0.2116840589368666E+01  0.4596953330007968E+00
  0.2116930679458755E+01  0.4609886623524558E+00
  0.2117020769548846E+01  0.4622819917041212E+00
  0.2117110859638936E+01  0.4635753210557865E+00
  0.2117200949729026E+01  0.4648686504074520E+00
  0.2117291039819116E+01  0.4661619797591109E+00
  0.2117381129909206E+01  0.4670250325868956E+00
  0.2117471219999296E+01  0.4678402769120268E+00
  0.2117561310089386E+01  0.4686555212371580E+00
  0.2117651400179477E+01  0.4694707655622892E+00
  0.2117741490269566E+01  0.4702860098874164E+00
  0.2117831580359657E+01  0.4711012542125477E+00
  0.2117921670449747E+01  0.4719164985376789E+00
  0.2118011760539837E+01  0.4727317428628102E+00
  0.2118101850629927E+01  0.4735469871879373E+00
  0.2118191940720017E+01  0.4743622315130686E+00
  0.2118282030810107E+01  0.4751774758381997E+00
  0.2118372120900197E+01  0.4755089540195674E+00
  0.2118462210990287E+01  0.4757194906649931E+00
  0.2118552301080377E+01  0.4759300273104198E+00
  0.2118642391170467E+01  0.4761405639558465E+00
  0.2118732481260558E+01  0.4763511006012732E+00
  0.2118822571350647E+01  0.4765616372466988E+00
  0.2118912661440738E+01  0.4767721738921256E+00
  0.2119002751530828E+01  0.4769827105375523E+00
  0.2119092841620918E+01  0.4771932471829790E+00
  0.2119182931711008E+01  0.4774037838284046E+00
  0.2119273021801098E+01  0.4776143204738313E+00
  0.2119363111891188E+01  0.4779374417605309E+00
  0.2119453201981278E+01  0.4783088136077761E+00
  0.2119543292071368E+01  0.4786801854550193E+00
  0.2119633382161458E+01  0.4790515573022645E+00
  0.2119723472251549E+01  0.4794229291495095E+00
  0.2119813562341639E+01  0.4797943009967546E+00
  0.2119903652431729E+01  0.4801656728439979E+00
  0.2119993742521819E+01  0.4805370446912430E+00
  0.2120083832611909E+01  0.4809084165384881E+00
  0.2120173922701999E+01  0.4812797883857332E+00
  0.2120264012792089E+01  0.4816511602329765E+00
  0.2120354102882179E+01  0.4817784372791830E+00
  0.2120444192972269E+01  0.4817429844580304E+00
  0.2120534283062359E+01  0.4817075316368779E+00
  0.2120624373152449E+01  0.4816720788157254E+00
  0.2120714463242539E+01  0.4816366259945728E+00
  0.2120804553332630E+01  0.4816011731734202E+00
  0.2120894643422720E+01  0.4815657203522676E+00
  0.2120984733512810E+01  0.4815302675311152E+00
  0.2121074823602900E+01  0.4814948147099626E+00
  0.2121164913692990E+01  0.4814593618888100E+00
  0.2121255003783080E+01  0.4814239090676574E+00
  0.2121345093873170E+01  0.4814844145762681E+00
  0.2121435183963260E+01  0.4816408784146416E+00
  0.2121525274053350E+01  0.4817973422530151E+00
  0.2121615364143441E+01  0.4819538060913887E+00
  0.2121705454233530E+01  0.4821102699297615E+00
  0.2121795544323620E+01  0.4822667337681350E+00
  0.2121885634413711E+01  0.4824231976065086E+00
  0.2121975724503801E+01  0.4825796614448822E+00
  0.2122065814593891E+01  0.4827361252832549E+00
  0.2122155904683981E+01  0.4828925891216285E+00
  0.2122245994774071E+01  0.4830490529600021E+00
  0.2122336084864161E+01  0.4831421134000799E+00
  0.2122426174954251E+01  0.4831400687427144E+00
  0.2122516265044341E+01  0.4831380240853488E+00
  0.2122606355134431E+01  0.4831359794279831E+00
  0.2122696445224522E+01  0.4831339347706176E+00
  0.2122786535314611E+01  0.4831318901132520E+00
  0.2122876625404702E+01  0.4831298454558864E+00
  0.2122966715494792E+01  0.4831278007985208E+00
  0.2123056805584882E+01  0.4831257561411552E+00
  0.2123146895674972E+01  0.4831237114837896E+00
  0.2123236985765062E+01  0.4831216668264240E+00
  0.2123327075855152E+01  0.4830186475524295E+00
  0.2123417165945242E+01  0.4826800208396342E+00
  0.2123507256035332E+01  0.4823413941268405E+00
  0.2123597346125422E+01  0.4820027674140452E+00
  0.2123687436215512E+01  0.4816641407012499E+00
  0.2123777526305603E+01  0.4813255139884545E+00
  0.2123867616395692E+01  0.4809868872756609E+00
  0.2123957706485783E+01  0.4806482605628655E+00
  0.2124047796575873E+01  0.4803096338500701E+00
  0.2124137886665963E+01  0.4799710071372748E+00
  0.2124227976756053E+01  0.4796323804244812E+00
  0.2124318066846143E+01  0.4793001293218339E+00
  0.2124408156936233E+01  0.4789933806597791E+00
  0.2124498247026323E+01  0.4786866319977242E+00
  0.2124588337116413E+01  0.4783798833356708E+00
  0.2124678427206503E+01  0.4780731346736160E+00
  0.2124768517296594E+01  0.4777663860115612E+00
  0.2124858607386684E+01  0.4774596373495064E+00
  0.2124948697476774E+01  0.4771528886874530E+00
  0.2125038787566864E+01  0.4768461400253982E+00
  0.2125128877656954E+01  0.4765393913633433E+00
  0.2125218967747044E+01  0.4762326427012885E+00
  0.2125309057837134E+01  0.4758912868041427E+00
  0.2125399147927224E+01  0.4752384657911631E+00
  0.2125489238017314E+01  0.4745856447781835E+00
  0.2125579328107404E+01  0.4739328237652040E+00
  0.2125669418197495E+01  0.4732800027522244E+00
  0.2125759508287584E+01  0.4726271817392479E+00
  0.2125849598377675E+01  0.4719743607262684E+00
  0.2125939688467765E+01  0.4713215397132888E+00
  0.2126029778557855E+01  0.4706687187003092E+00
  0.2126119868647945E+01  0.4700158976873329E+00
  0.2126209958738035E+01  0.4693630766743533E+00
  0.2126300048828125E+01  0.4687102556613737E+00
  0.2126390138918215E+01  0.4675075314073066E+00
  0.2126480229008305E+01  0.4663048071532454E+00
  0.2126570319098395E+01  0.4651020828991783E+00
  0.2126660409188486E+01  0.4638993586451112E+00
  0.2126750499278576E+01  0.4626966343910440E+00
  0.2126840589368665E+01  0.4614939101369829E+00
  0.2126930679458756E+01  0.4602911858829158E+00
  0.2127020769548846E+01  0.4590884616288487E+00
  0.2127110859638936E+01  0.4578857373747816E+00
  0.2127200949729026E+01  0.4566830131207204E+00
  0.2127291039819116E+01  0.4554802888666533E+00
  0.2127381129909206E+01  0.4537328035089079E+00
  0.2127471219999296E+01  0.4519247891396426E+00
  0.2127561310089386E+01  0.4501167747703864E+00
  0.2127651400179476E+01  0.4483087604011212E+00
  0.2127741490269567E+01  0.4465007460318560E+00
  0.2127831580359657E+01  0.4446927316625908E+00
  0.2127921670449747E+01  0.4428847172933346E+00
  0.2128011760539837E+01  0.4410767029240693E+00
  0.2128101850629927E+01  0.4392686885548041E+00
  0.2128191940720017E+01  0.4374606741855390E+00
  0.2128282030810107E+01  0.4356526598162827E+00
  0.2128372120900197E+01  0.4333579263518107E+00
  0.2128462210990287E+01  0.4309415131135370E+00
  0.2128552301080378E+01  0.4285250998752633E+00
  0.2128642391170467E+01  0.4261086866370015E+00
  0.2128732481260557E+01  0.4236922733987278E+00
  0.2128822571350648E+01  0.4212758601604542E+00
  0.2128912661440738E+01  0.4188594469221805E+00
  0.2129002751530828E+01  0.4164430336839188E+00
  0.2129092841620918E+01  0.4140266204456451E+00
  0.2129182931711008E+01  0.4116102072073714E+00
  0.2129273021801098E+01  0.4091937939690978E+00
  0.2129363111891188E+01  0.4062955680056575E+00
  0.2129453201981278E+01  0.4031908508742717E+00
  0.2129543292071368E+01  0.4000861337428859E+00
  0.2129633382161459E+01  0.3969814166115001E+00
  0.2129723472251548E+01  0.3938766994801296E+00
  0.2129813562341639E+01  0.3907719823487438E+00
  0.2129903652431729E+01  0.3876672652173579E+00
  0.2129993742521819E+01  0.3845625480859721E+00
  0.2130083832611909E+01  0.3814578309546017E+00
  0.2130173922701999E+01  0.3783531138232158E+00
  0.2130264012792089E+01  0.3752483966918301E+00
  0.2130354102882179E+01  0.3721415828953846E+00
  0.2130444192972269E+01  0.3690333713222480E+00
  0.2130534283062359E+01  0.3659251597490961E+00
  0.2130624373152449E+01  0.3628169481759442E+00
  0.2130714463242540E+01  0.3597087366027923E+00
  0.2130804553332629E+01  0.3566005250296557E+00
  0.2130894643422720E+01  0.3534923134565038E+00
  0.2130984733512810E+01  0.3503841018833519E+00
  0.2131074823602900E+01  0.3472758903102000E+00
  0.2131164913692990E+01  0.3441676787370634E+00
  0.2131255003783080E+01  0.3410594671639114E+00
  0.2131345093873170E+01  0.3377443171854494E+00
  0.2131435183963260E+01  0.3342222288016772E+00
  0.2131525274053350E+01  0.3307001404179223E+00
  0.2131615364143440E+01  0.3271780520341501E+00
  0.2131705454233531E+01  0.3236559636503779E+00
  0.2131795544323621E+01  0.3201338752666056E+00
  0.2131885634413710E+01  0.3166117868828508E+00
  0.2131975724503801E+01  0.3130896984990785E+00
  0.2132065814593891E+01  0.3095676101153064E+00
  0.2132155904683981E+01  0.3060455217315341E+00
  0.2132245994774071E+01  0.3025234333477793E+00
  0.2132336084864161E+01  0.2991123920266209E+00
  0.2132426174954251E+01  0.2958679212993835E+00
  0.2132516265044341E+01  0.2926234505721461E+00
  0.2132606355134431E+01  0.2893789798449246E+00
  0.2132696445224521E+01  0.2861345091176871E+00
  0.2132786535314612E+01  0.2828900383904497E+00
  0.2132876625404702E+01  0.2796455676632122E+00
  0.2132966715494792E+01  0.2764010969359907E+00
  0.2133056805584882E+01  0.2731566262087534E+00
  0.2133146895674972E+01  0.2699121554815159E+00
  0.2133236985765062E+01  0.2666676847542784E+00
  0.2133327075855152E+01  0.2634642721183983E+00
  0.2133417165945242E+01  0.2603566616956323E+00
  0.2133507256035332E+01  0.2572490512728662E+00
  0.2133597346125423E+01  0.2541414408501002E+00
  0.2133687436215513E+01  0.2510338304273342E+00
  0.2133777526305602E+01  0.2479262200045834E+00
  0.2133867616395693E+01  0.2448186095818174E+00
  0.2133957706485783E+01  0.2417109991590513E+00
  0.2134047796575873E+01  0.2386033887362853E+00
  0.2134137886665963E+01  0.2354957783135345E+00
  0.2134227976756053E+01  0.2323881678907685E+00
  0.2134318066846143E+01  0.2293328211947848E+00
  0.2134408156936233E+01  0.2264865294059304E+00
  0.2134498247026323E+01  0.2236402376170900E+00
  0.2134588337116413E+01  0.2207939458282356E+00
  0.2134678427206504E+01  0.2179476540393812E+00
  0.2134768517296594E+01  0.2151013622505268E+00
  0.2134858607386684E+01  0.2122550704616865E+00
  0.2134948697476774E+01  0.2094087786728321E+00
  0.2135038787566864E+01  0.2065624868839777E+00
  0.2135128877656954E+01  0.2037161950951233E+00
  0.2135218967747044E+01  0.2008699033062829E+00
  0.2135309057837134E+01  0.1980595231605595E+00
  0.2135399147927224E+01  0.1955723478030145E+00
  0.2135489238017314E+01  0.1930851724454695E+00
  0.2135579328107404E+01  0.1905979970879368E+00
  0.2135669418197494E+01  0.1881108217303918E+00
  0.2135759508287585E+01  0.1856236463728469E+00
  0.2135849598377675E+01  0.1831364710153019E+00
  0.2135939688467765E+01  0.1806492956577692E+00
  0.2136029778557855E+01  0.1781621203002242E+00
  0.2136119868647945E+01  0.1756749449426792E+00
  0.2136209958738035E+01  0.1731877695851343E+00
  0.2136300048828125E+01  0.1707005942276015E+00
  0.2136390138918215E+01  0.1685867704680006E+00
  0.2136480229008305E+01  0.1664729467083996E+00
  0.2136570319098396E+01  0.1643591229487986E+00
  0.2136660409188485E+01  0.1622452991892080E+00
  0.2136750499278576E+01  0.1601314754296070E+00
  0.2136840589368666E+01  0.1580176516700061E+00
  0.2136930679458756E+01  0.1559038279104051E+00
  0.2137020769548846E+01  0.1537900041508145E+00
  0.2137110859638936E+01  0.1516761803912136E+00
  0.2137200949729026E+01  0.1495623566316126E+00
  0.2137291039819116E+01  0.1474485328720116E+00
  0.2137381129909206E+01  0.1457442420132847E+00
  0.2137471219999296E+01  0.1440854548101990E+00
  0.2137561310089386E+01  0.1424266676071132E+00
  0.2137651400179477E+01  0.1407678804040275E+00
  0.2137741490269566E+01  0.1391090932009499E+00
  0.2137831580359657E+01  0.1374503059978641E+00
  0.2137921670449747E+01  0.1357915187947784E+00
  0.2138011760539837E+01  0.1341327315916926E+00
  0.2138101850629927E+01  0.1324739443886151E+00
  0.2138191940720017E+01  0.1308151571855293E+00
  0.2138282030810107E+01  0.1291563699824436E+00
  0.2138372120900197E+01  0.1276117234039967E+00
  0.2138462210990287E+01  0.1260956119817169E+00
  0.2138552301080377E+01  0.1245795005594297E+00
  0.2138642391170468E+01  0.1230633891371425E+00
  0.2138732481260558E+01  0.1215472777148553E+00
  0.2138822571350647E+01  0.1200311662925756E+00
  0.2138912661440738E+01  0.1185150548702884E+00
  0.2139002751530828E+01  0.1169989434480012E+00
  0.2139092841620918E+01  0.1154828320257140E+00
  0.2139182931711008E+01  0.1139667206034343E+00
  0.2139273021801098E+01  0.1124506091811470E+00
  0.2139363111891188E+01  0.1111073198852312E+00
  0.2139453201981278E+01  0.1098380972149031E+00
  0.2139543292071368E+01  0.1085688745445812E+00
  0.2139633382161458E+01  0.1072996518742531E+00
  0.2139723472251549E+01  0.1060304292039250E+00
  0.2139813562341639E+01  0.1047612065335969E+00
  0.2139903652431729E+01  0.1034919838632750E+00
  0.2139993742521819E+01  0.1022227611929469E+00
  0.2140083832611909E+01  0.1009535385226188E+00
  0.2140173922701999E+01  0.9968431585229065E-01
  0.2140264012792089E+01  0.9841509318196877E-01
  0.2140354102882179E+01  0.9719546584901576E-01
  0.2140444192972269E+01  0.9600890207431283E-01
  0.2140534283062359E+01  0.9482233829960990E-01
  0.2140624373152449E+01  0.9363577452491281E-01
  0.2140714463242539E+01  0.9244921075020987E-01
  0.2140804553332630E+01  0.9126264697550693E-01
  0.2140894643422720E+01  0.9007608320080400E-01
  0.2140984733512810E+01  0.8888951942610691E-01
  0.2141074823602900E+01  0.8770295565140397E-01
  0.2141164913692990E+01  0.8651639187670104E-01
  0.2141255003783080E+01  0.8532982810199810E-01
  0.2141345093873170E+01  0.8416148470547521E-01
  0.2141435183963260E+01  0.8301136168712064E-01
  0.2141525274053350E+01  0.8186123866876610E-01
  0.2141615364143441E+01  0.8071111565041153E-01
  0.2141705454233531E+01  0.7956099263205699E-01
  0.2141795544323621E+01  0.7841086961370809E-01
  0.2141885634413711E+01  0.7726074659535355E-01
  0.2141975724503801E+01  0.7611062357699899E-01
  0.2142065814593891E+01  0.7496050055865011E-01
  0.2142155904683981E+01  0.7381037754029555E-01
  0.2142245994774071E+01  0.7266025452194100E-01
  0.2142336084864161E+01  0.7155516709237147E-01
  0.2142426174954251E+01  0.7051763304597955E-01
  0.2142516265044341E+01  0.6948009899959273E-01
  0.2142606355134431E+01  0.6844256495320079E-01
  0.2142696445224522E+01  0.6740503090680885E-01
  0.2142786535314612E+01  0.6636749686041692E-01
  0.2142876625404702E+01  0.6532996281403010E-01
  0.2142966715494792E+01  0.6429242876763816E-01
  0.2143056805584882E+01  0.6325489472124624E-01
  0.2143146895674972E+01  0.6221736067485430E-01
  0.2143236985765062E+01  0.6117982662846748E-01
  0.2143327075855152E+01  0.6016877081841236E-01
  0.2143417165945242E+01  0.5921949755980982E-01
  0.2143507256035333E+01  0.5827022430120726E-01
  0.2143597346125422E+01  0.5732095104260940E-01
  0.2143687436215512E+01  0.5637167778400685E-01
  0.2143777526305603E+01  0.5542240452540430E-01
  0.2143867616395693E+01  0.5447313126680176E-01
  0.2143957706485783E+01  0.5352385800820389E-01
  0.2144047796575873E+01  0.5257458474960135E-01
  0.2144137886665963E+01  0.5162531149099880E-01
  0.2144227976756053E+01  0.5067603823239625E-01
  0.2144318066846143E+01  0.4975519940073198E-01
  0.2144408156936233E+01  0.4894809827679737E-01
  0.2144498247026323E+01  0.4814099715286278E-01
  0.2144588337116414E+01  0.4733389602892818E-01
  0.2144678427206503E+01  0.4652679490499756E-01
  0.2144768517296594E+01  0.4571969378106296E-01
  0.2144858607386684E+01  0.4491259265712835E-01
  0.2144948697476774E+01  0.4410549153319375E-01
  0.2145038787566864E+01  0.4329839040926314E-01
  0.2145128877656954E+01  0.4249128928532853E-01
  0.2145218967747044E+01  0.4168418816139394E-01
  0.2145309057837134E+01  0.4088319729150841E-01
  0.2145399147927224E+01  0.4013719870806517E-01
  0.2145489238017314E+01  0.3939120012461827E-01
  0.2145579328107404E+01  0.3864520154117135E-01
  0.2145669418197495E+01  0.3789920295772444E-01
  0.2145759508287584E+01  0.3715320437428121E-01
  0.2145849598377675E+01  0.3640720579083430E-01
  0.2145939688467765E+01  0.3566120720738739E-01
  0.2146029778557855E+01  0.3491520862394047E-01
  0.2146119868647945E+01  0.3416921004049724E-01
  0.2146209958738035E+01  0.3342321145705033E-01
  0.2146300048828125E+01  0.3267721287360342E-01
  0.2146390138918215E+01  0.3204688533664648E-01
  0.2146480229008305E+01  0.3141655779969264E-01
  0.2146570319098395E+01  0.3078623026273571E-01
  0.2146660409188486E+01  0.3015590272577877E-01
  0.2146750499278576E+01  0.2952557518882183E-01
  0.2146840589368666E+01  0.2889524765186800E-01
  0.2146930679458756E+01  0.2826492011491106E-01
  0.2147020769548846E+01  0.2763459257795412E-01
  0.2147110859638936E+01  0.2700426504099718E-01
  0.2147200949729026E+01  0.2637393750404335E-01
  0.2147291039819116E+01  0.2574360996708641E-01
  0.2147381129909206E+01  0.2520157930653954E-01
  0.2147471219999296E+01  0.2466935941003822E-01
  0.2147561310089386E+01  0.2413713951353953E-01
  0.2147651400179476E+01  0.2360491961703822E-01
  0.2147741490269567E+01  0.2307269972053691E-01
  0.2147831580359657E+01  0.2254047982403559E-01
  0.2147921670449747E+01  0.2200825992753691E-01
  0.2148011760539837E+01  0.2147604003103559E-01
  0.2148101850629927E+01  0.2094382013453428E-01
  0.2148191940720017E+01  0.2041160023803297E-01
  0.2148282030810107E+01  0.1987938034153428E-01
  0.2148372120900197E+01  0.1941273420094181E-01
  0.2148462210990287E+01  0.1896248149932655E-01
  0.2148552301080378E+01  0.1851222879771128E-01
  0.2148642391170467E+01  0.1806197609609824E-01
  0.2148732481260557E+01  0.1761172339448298E-01
  0.2148822571350648E+01  0.1716147069286772E-01
  0.2148912661440738E+01  0.1671121799125246E-01
  0.2149002751530828E+01  0.1626096528963942E-01
  0.2149092841620918E+01  0.1581071258802415E-01
  0.2149182931711008E+01  0.1536045988640890E-01
  0.2149273021801098E+01  0.1491020718479364E-01
  0.2149363111891188E+01  0.1452017106664892E-01
  0.2149453201981278E+01  0.1415594205570270E-01
  0.2149543292071368E+01  0.1379171304475648E-01
  0.2149633382161459E+01  0.1342748403381026E-01
  0.2149723472251549E+01  0.1306325502286403E-01
  0.2149813562341639E+01  0.1269902601191961E-01
  0.2149903652431729E+01  0.1233479700097338E-01
  0.2149993742521819E+01  0.1197056799002716E-01
  0.2150083832611909E+01  0.1160633897908274E-01
  0.2150173922701999E+01  0.1124210996813651E-01
  0.2150264012792089E+01  0.1087788095719029E-01
  0.2150354102882179E+01  0.1055820643403632E-01
  0.2150444192972270E+01  0.1026823490274385E-01
  0.2150534283062359E+01  0.9978263371452800E-02
  0.2150624373152449E+01  0.9688291840160325E-02
  0.2150714463242540E+01  0.9398320308867853E-02
  0.2150804553332630E+01  0.9108348777575378E-02
  0.2150894643422720E+01  0.8818377246284334E-02
  0.2150984733512810E+01  0.8528405714991860E-02
  0.2151074823602900E+01  0.8238434183699387E-02
  0.2151164913692990E+01  0.7948462652406911E-02
  0.2151255003783080E+01  0.7658491121115867E-02
  0.2151345093873170E+01  0.7405375778169033E-02
  0.2151435183963260E+01  0.7189116623567838E-02
  0.2151525274053351E+01  0.6972857468966643E-02
  0.2151615364143440E+01  0.6756598314366513E-02
  0.2151705454233531E+01  0.6540339159765318E-02
  0.2151795544323621E+01  0.6324080005164123E-02
  0.2151885634413711E+01  0.6107820850562928E-02
  0.2151975724503801E+01  0.5891561695962799E-02
  0.2152065814593891E+01  0.5675302541361605E-02
  0.2152155904683981E+01  0.5459043386760410E-02
  0.2152245994774071E+01  0.5242784232159214E-02
  0.2152336084864161E+01  0.5050294915350621E-02
  0.2152426174954251E+01  0.4893460355228267E-02
  0.2152516265044341E+01  0.4736625795105914E-02
  0.2152606355134432E+01  0.4579791234983560E-02
  0.2152696445224521E+01  0.4422956674861978E-02
  0.2152786535314612E+01  0.4266122114739625E-02
  0.2152876625404702E+01  0.4109287554617270E-02
  0.2152966715494792E+01  0.3952452994494917E-02
  0.2153056805584882E+01  0.3795618434373336E-02
  0.2153146895674972E+01  0.3638783874250982E-02
  0.2153236985765062E+01  0.3481949314128628E-02
  0.2153327075855152E+01  0.3340969520996266E-02
  0.2153417165945242E+01  0.3236984184173529E-02
  0.2153507256035332E+01  0.3132998847350279E-02
  0.2153597346125423E+01  0.3029013510527030E-02
  0.2153687436215513E+01  0.2925028173703781E-02
  0.2153777526305602E+01  0.2821042836881043E-02
  0.2153867616395693E+01  0.2717057500057794E-02
  0.2153957706485783E+01  0.2613072163234544E-02
  0.2154047796575873E+01  0.2509086826411295E-02
  0.2154137886665963E+01  0.2405101489588558E-02
  0.2154227976756053E+01  0.2301116152765308E-02
  0.2154318066846143E+01  0.2204158904022379E-02
  0.2154408156936233E+01  0.2135314007600727E-02
  0.2154498247026323E+01  0.2066469111179416E-02
  0.2154588337116413E+01  0.1997624214757765E-02
  0.2154678427206504E+01  0.1928779318336115E-02
  0.2154768517296594E+01  0.1859934421914464E-02
  0.2154858607386684E+01  0.1791089525493152E-02
  0.2154948697476774E+01  0.1722244629071501E-02
  0.2155038787566864E+01  0.1653399732649851E-02
  0.2155128877656954E+01  0.1584554836228199E-02
  0.2155218967747044E+01  0.1515709939806888E-02
  0.2155309057837134E+01  0.1449347246155939E-02
  0.2155399147927224E+01  0.1405324377441308E-02
  0.2155489238017315E+01  0.1361301508726676E-02
  0.2155579328107404E+01  0.1317278640012262E-02
  0.2155669418197494E+01  0.1273255771297631E-02
  0.2155759508287585E+01  0.1229232902582999E-02
  0.2155849598377675E+01  0.1185210033868368E-02
  0.2155939688467765E+01  0.1141187165153953E-02
  0.2156029778557855E+01  0.1097164296439322E-02
  0.2156119868647945E+01  0.1053141427724690E-02
  0.2156209958738035E+01  0.1009118559010059E-02
  0.2156300048828125E+01  0.9650956902956444E-03
  0.2156390138918215E+01  0.9374535735527859E-03
  0.2156480229008305E+01  0.9098114568099270E-03
  0.2156570319098396E+01  0.8821693400670684E-03
  0.2156660409188485E+01  0.8545272233243459E-03
  0.2156750499278576E+01  0.8268851065814872E-03
  0.2156840589368666E+01  0.7992429898386285E-03
  0.2156930679458756E+01  0.7716008730957698E-03
  0.2157020769548846E+01  0.7439587563530473E-03
  0.2157110859638936E+01  0.7163166396101886E-03
  0.2157200949729026E+01  0.6886745228673300E-03
  0.2157291039819116E+01  0.6610324061244713E-03
  0.2157381129909206E+01  0.6422329734948970E-03
  0.2157471219999296E+01  0.6244160613222029E-03
  0.2157561310089386E+01  0.6065991491495087E-03
  0.2157651400179477E+01  0.5887822369768146E-03
  0.2157741490269566E+01  0.5709653248042083E-03
  0.2157831580359657E+01  0.5531484126315141E-03
  0.2157921670449747E+01  0.5353315004588200E-03
  0.2158011760539837E+01  0.5175145882861259E-03
  0.2158101850629927E+01  0.4996976761135196E-03
  0.2158191940720017E+01  0.4818807639408255E-03
  0.2158282030810107E+01  0.4640638517681314E-03
  0.2158372120900197E+01  0.4507679640943478E-03
  0.2158462210990288E+01  0.4386023325452918E-03
  0.2158552301080377E+01  0.4264367009962959E-03
  0.2158642391170468E+01  0.4142710694472400E-03
  0.2158732481260558E+01  0.4021054378981841E-03
  0.2158822571350648E+01  0.3899398063491282E-03
  0.2158912661440738E+01  0.3777741748001323E-03
  0.2159002751530828E+01  0.3656085432510763E-03
  0.2159092841620918E+01  0.3534429117020203E-03
  0.2159182931711008E+01  0.3412772801529645E-03
  0.2159273021801098E+01  0.3291116486039685E-03
  0.2159363111891188E+01  0.3200274626956658E-03
  0.2159453201981278E+01  0.3122638963476861E-03
  0.2159543292071369E+01  0.3045003299997062E-03
  0.2159633382161458E+01  0.2967367636517647E-03
  0.2159723472251549E+01  0.2889731973037849E-03
  0.2159813562341639E+01  0.2812096309558051E-03
  0.2159903652431729E+01  0.2734460646078254E-03
  0.2159993742521819E+01  0.2656824982598838E-03
  0.2160083832611909E+01  0.2579189319119040E-03
  0.2160173922701999E+01  0.2501553655639242E-03
  0.2160264012792089E+01  0.2423917992159444E-03
  0.2160354102882179E+01  0.2359172968353771E-03
  0.2160444192972269E+01  0.2303021704330212E-03
  0.2160534283062360E+01  0.2246870440306652E-03
  0.2160624373152450E+01  0.2190719176283092E-03
  0.2160714463242539E+01  0.2134567912259809E-03
  0.2160804553332630E+01  0.2078416648236250E-03
  0.2160894643422720E+01  0.2022265384212690E-03
  0.2160984733512810E+01  0.1966114120189130E-03
  0.2161074823602900E+01  0.1909962856165847E-03
  0.2161164913692990E+01  0.1853811592142288E-03
  0.2161255003783080E+01  0.1797660328118728E-03
  0.2161345093873170E+01  0.1749519353071783E-03
  0.2161435183963260E+01  0.1709388667001495E-03
  0.2161525274053350E+01  0.1669257980931007E-03
  0.2161615364143441E+01  0.1629127294860521E-03
  0.2161705454233531E+01  0.1588996608790034E-03
  0.2161795544323621E+01  0.1548865922719745E-03
  0.2161885634413711E+01  0.1508735236649258E-03
  0.2161975724503801E+01  0.1468604550578771E-03
  0.2162065814593891E+01  0.1428473864508284E-03
  0.2162155904683981E+01  0.1388343178437995E-03
  0.2162245994774071E+01  0.1348212492367508E-03
  0.2162336084864161E+01  0.1313709769129406E-03
  0.2162426174954251E+01  0.1287648990139881E-03
  0.2162516265044341E+01  0.1261588211150485E-03
  0.2162606355134431E+01  0.1235527432160961E-03
  0.2162696445224522E+01  0.1209466653171436E-03
  0.2162786535314612E+01  0.1183405874181911E-03
  0.2162876625404702E+01  0.1157345095192515E-03
  0.2162966715494792E+01  0.1131284316202991E-03
  0.2163056805584882E+01  0.1105223537213466E-03
  0.2163146895674972E+01  0.1079162758223942E-03
  0.2163236985765062E+01  0.1053101979234546E-03
  0.2163327075855152E+01  0.1028134261950745E-03
  0.2163417165945242E+01  0.1005717021980302E-03
  0.2163507256035333E+01  0.9832997820098584E-04
  0.2163597346125422E+01  0.9608825420395257E-04
  0.2163687436215513E+01  0.9384653020690823E-04
  0.2163777526305603E+01  0.9160480620986387E-04
  0.2163867616395693E+01  0.8936308221281952E-04
  0.2163957706485783E+01  0.8712135821578622E-04
  0.2164047796575873E+01  0.8487963421874189E-04
  0.2164137886665963E+01  0.8263791022169755E-04
  0.2164227976756053E+01  0.8039618622465321E-04
  0.2164318066846143E+01  0.7832059970540791E-04
  0.2164408156936233E+01  0.7690956309730359E-04
  0.2164498247026323E+01  0.7549852648919924E-04
  0.2164588337116414E+01  0.7408748988109490E-04
  0.2164678427206503E+01  0.7267645327299751E-04
  0.2164768517296594E+01  0.7126541666489317E-04
  0.2164858607386684E+01  0.6985438005678883E-04
  0.2164948697476774E+01  0.6844334344868449E-04
  0.2165038787566864E+01  0.6703230684058711E-04
  0.2165128877656954E+01  0.6562127023248277E-04
  0.2165218967747044E+01  0.6421023362437843E-04
  0.2165309057837134E+01  0.6282514409544980E-04
  0.2165399147927224E+01  0.6167357827909548E-04
  0.2165489238017314E+01  0.6052201246273548E-04
  0.2165579328107404E+01  0.5937044664637549E-04
  0.2165669418197495E+01  0.5821888083001548E-04
  0.2165759508287584E+01  0.5706731501366116E-04
  0.2165849598377675E+01  0.5591574919730116E-04
  0.2165939688467765E+01  0.5476418338094116E-04
  0.2166029778557855E+01  0.5361261756458117E-04
  0.2166119868647945E+01  0.5246105174822684E-04
  0.2166209958738035E+01  0.5130948593186685E-04
  0.2166390138918215E+01  0.0000000000000000E+00
