  1000 NIRCAM_F210M        
  0.1924599975585938E+01  0.2273949447127792E+01  0.2577091250328987E+02  0.1756576471942971E+01  0.4670912503289866E+01  0.4916261764595288E-10  0.7200612022041158E+03  0.2090844668932191E+01  0.3062359569166100E-17  0.2095451231508462E+01
  0.2098222025826808E+01  0.2094527679086186E+01  0.2096375191158145E+01  0.2094616684731859E+01  0.2095625419896322E+01  0.3390503323600505E+00  0.2090249150758430E+00  0.2064914496563809E+00  0.1991821492710647E+01  0.2200846407786490E+01
  0.1002062080529183E+01  0.2064914496563809E+01  0.4784191159347051E-01  0.7780685877830239E-17  0.3722882288933295E-20  0.2539999961853027E+06  0.2530188923471297E+02  0.2705846723253485E+02  0.2997280173800284E+02
  0.1924599975585938E+01  0.0000000000000000E+00
  0.1924949325057479E+01  0.5256311656101141E-04
  0.1925298674529021E+01  0.5497227948507645E-04
  0.1925648024000563E+01  0.5736361997895136E-04
  0.1925997373472105E+01  0.5964319992682417E-04
  0.1926346722943647E+01  0.6192277987469699E-04
  0.1926696072415189E+01  0.6417691115901597E-04
  0.1927045421886731E+01  0.6636397528474083E-04
  0.1927394771358272E+01  0.6855103941046571E-04
  0.1927744120829814E+01  0.7086907047817382E-04
  0.1928093470301356E+01  0.7337354522904836E-04
  0.1928442819772898E+01  0.7587801997992286E-04
  0.1928792169244440E+01  0.7974618853653280E-04
  0.1929141518715982E+01  0.8472944283763290E-04
  0.1929490868187524E+01  0.8971269713873298E-04
  0.1929840217659065E+01  0.9284852196509920E-04
  0.1930189567130607E+01  0.9514532546136772E-04
  0.1930538916602149E+01  0.9744212895763624E-04
  0.1930888266073691E+01  0.1012931571734365E-03
  0.1931237615545233E+01  0.1054733651089455E-03
  0.1931586965016775E+01  0.1096535730444519E-03
  0.1931936314488316E+01  0.1145488646838762E-03
  0.1932285663959858E+01  0.1194718178454178E-03
  0.1932635013431400E+01  0.1244155877838386E-03
  0.1932984362902942E+01  0.1295460973720359E-03
  0.1933333712374484E+01  0.1346766069602332E-03
  0.1933683061846026E+01  0.1403272078344320E-03
  0.1934032411317568E+01  0.1476445244316967E-03
  0.1934381760789109E+01  0.1549618410289613E-03
  0.1934731110260651E+01  0.1616277689976235E-03
  0.1935080459732193E+01  0.1672097530166248E-03
  0.1935429809203735E+01  0.1727917370356262E-03
  0.1935779158675277E+01  0.1797785301999347E-03
  0.1936128508146819E+01  0.1880994408349441E-03
  0.1936477857618361E+01  0.1964203514699536E-03
  0.1936827207089902E+01  0.2051751567738780E-03
  0.1937176556561444E+01  0.2141631442474658E-03
  0.1937525906032986E+01  0.2231511317210536E-03
  0.1937875255504528E+01  0.2324957954634970E-03
  0.1938224604976070E+01  0.2419364300704981E-03
  0.1938573954447612E+01  0.2513770646774991E-03
  0.1938923303919154E+01  0.2617722615951077E-03
  0.1939272653390695E+01  0.2722442807252267E-03
  0.1939622002862237E+01  0.2828850665637673E-03
  0.1939971352333779E+01  0.2960337017038876E-03
  0.1940320701805321E+01  0.3091823368440079E-03
  0.1940670051276863E+01  0.3233759163984125E-03
  0.1941019400748405E+01  0.3417339297708488E-03
  0.1941368750219947E+01  0.3600919431432851E-03
  0.1941718099691488E+01  0.3763204782233062E-03
  0.1942067449163030E+01  0.3883806058877840E-03
  0.1942416798634572E+01  0.4004407335522618E-03
  0.1942766148106114E+01  0.4171846491211697E-03
  0.1943115497577656E+01  0.4390916445318253E-03
  0.1943464847049198E+01  0.4609986399424808E-03
  0.1943814196520740E+01  0.4818186444074586E-03
  0.1944163545992281E+01  0.5019529852790328E-03
  0.1944512895463823E+01  0.5220873261506070E-03
  0.1944862244935365E+01  0.5469384690757115E-03
  0.1945211594406907E+01  0.5733557107451499E-03
  0.1945560943878449E+01  0.5997729524145883E-03
  0.1945910293349991E+01  0.6256447374108855E-03
  0.1946259642821532E+01  0.6514479149738351E-03
  0.1946608992293074E+01  0.6775244825965449E-03
  0.1946958341764616E+01  0.7139200717188243E-03
  0.1947307691236158E+01  0.7503156608411035E-03
  0.1947657040707700E+01  0.7869484555298819E-03
  0.1948006390179242E+01  0.8247962038125017E-03
  0.1948355739650784E+01  0.8626439520951216E-03
  0.1948705089122325E+01  0.8983612191348605E-03
  0.1949054438593867E+01  0.9291282190961227E-03
  0.1949403788065409E+01  0.9598952190573850E-03
  0.1949753137536951E+01  0.1000977217988260E-02
  0.1950102487008493E+01  0.1055271859215138E-02
  0.1950451836480035E+01  0.1109566500442016E-02
  0.1950801185951577E+01  0.1162843123009004E-02
  0.1951150535423118E+01  0.1215370239587126E-02
  0.1951499884894660E+01  0.1267897356165248E-02
  0.1951849234366202E+01  0.1331020130150359E-02
  0.1952198583837744E+01  0.1398397625567048E-02
  0.1952547933309286E+01  0.1465775120983737E-02
  0.1952897282780828E+01  0.1531570529658638E-02
  0.1953246632252370E+01  0.1597089001221628E-02
  0.1953595981723911E+01  0.1662607472784618E-02
  0.1953945331195453E+01  0.1745826311335055E-02
  0.1954294680666995E+01  0.1829249845629848E-02
  0.1954644030138537E+01  0.1916907055065356E-02
  0.1954993379610079E+01  0.2033903332375739E-02
  0.1955342729081621E+01  0.2150899609686121E-02
  0.1955692078553163E+01  0.2262270021715352E-02
  0.1956041428024704E+01  0.2357927213845874E-02
  0.1956390777496246E+01  0.2453584405976397E-02
  0.1956740126967788E+01  0.2558429920969436E-02
  0.1957089476439330E+01  0.2676990460137931E-02
  0.1957438825910872E+01  0.2795550999306425E-02
  0.1957788175382414E+01  0.2943888477904240E-02
  0.1958137524853956E+01  0.3117723030374207E-02
  0.1958486874325497E+01  0.3291557582844064E-02
  0.1958836223797039E+01  0.3450383553315201E-02
  0.1959185573268581E+01  0.3602024328463274E-02
  0.1959534922740123E+01  0.3753665103611348E-02
  0.1959884272211665E+01  0.3963918810542871E-02
  0.1960233621683207E+01  0.4187584347475174E-02
  0.1960582971154748E+01  0.4411249884407478E-02
  0.1960932320626290E+01  0.4622350485919509E-02
  0.1961281670097832E+01  0.4832808202616640E-02
  0.1961631019569374E+01  0.5047123364074179E-02
  0.1961980369040916E+01  0.5300990338842350E-02
  0.1962329718512458E+01  0.5554857313610519E-02
  0.1962679067984000E+01  0.5833005169421277E-02
  0.1963028417455541E+01  0.6194120289000353E-02
  0.1963377766927083E+01  0.6555235408579430E-02
  0.1963727116398625E+01  0.6917731844474931E-02
  0.1964076465870167E+01  0.7282642457530679E-02
  0.1964425815341709E+01  0.7647553070586429E-02
  0.1964775164813251E+01  0.8055528903441593E-02
  0.1965124514284793E+01  0.8506317010276482E-02
  0.1965473863756334E+01  0.8957105117111371E-02
  0.1965823213227876E+01  0.9431077397089177E-02
  0.1966172562699418E+01  0.9918146923873083E-02
  0.1966521912170960E+01  0.1040521645065699E-01
  0.1966871261642502E+01  0.1099164572233358E-01
  0.1967220611114044E+01  0.1160666607272557E-01
  0.1967569960585586E+01  0.1222168642311754E-01
  0.1967919310057128E+01  0.1280431623836595E-01
  0.1968268659528669E+01  0.1338390159079734E-01
  0.1968618009000211E+01  0.1397578954630183E-01
  0.1968967358471753E+01  0.1479370513486932E-01
  0.1969316707943295E+01  0.1561162072343680E-01
  0.1969666057414837E+01  0.1650791128436402E-01
  0.1970015406886379E+01  0.1774016551385642E-01
  0.1970364756357921E+01  0.1897241974334883E-01
  0.1970714105829462E+01  0.2010065350807924E-01
  0.1971063455301004E+01  0.2101450401501894E-01
  0.1971412804772546E+01  0.2192835452195806E-01
  0.1971762154244088E+01  0.2294738955858775E-01
  0.1972111503715630E+01  0.2408781833594037E-01
  0.1972460853187171E+01  0.2522824711329298E-01
  0.1972810202658713E+01  0.2637249706851977E-01
  0.1973159552130255E+01  0.2751927577242268E-01
  0.1973508901601797E+01  0.2866605447632559E-01
  0.1973858251073339E+01  0.3014874968604607E-01
  0.1974207600544881E+01  0.3174989692089348E-01
  0.1974556950016423E+01  0.3335104415574088E-01
  0.1974906299487964E+01  0.3450255182537099E-01
  0.1975255648959506E+01  0.3559090412827349E-01
  0.1975604998431048E+01  0.3668692465882174E-01
  0.1975954347902590E+01  0.3830861836816774E-01
  0.1976303697374132E+01  0.3993031207751374E-01
  0.1976653046845674E+01  0.4160187595120596E-01
  0.1977002396317216E+01  0.4355184744492455E-01
  0.1977351745788757E+01  0.4550181893864313E-01
  0.1977701095260299E+01  0.4727329072238727E-01
  0.1978050444731841E+01  0.4860657926352057E-01
  0.1978399794203383E+01  0.4993986780465387E-01
  0.1978749143674925E+01  0.5186719530853146E-01
  0.1979098493146467E+01  0.5459171436765838E-01
  0.1979447842618009E+01  0.5731623342678530E-01
  0.1979797192089551E+01  0.5967905909213909E-01
  0.1980146541561092E+01  0.6176287418552311E-01
  0.1980495891032634E+01  0.6384668927890710E-01
  0.1980845240504176E+01  0.6641746481379035E-01
  0.1981194589975718E+01  0.6919489468959550E-01
  0.1981543939447260E+01  0.7197232456540065E-01
  0.1981893288918802E+01  0.7471254828878403E-01
  0.1982242638390344E+01  0.7744566395098104E-01
  0.1982591987861885E+01  0.8017877961317806E-01
  0.1982941337333427E+01  0.8351758596286958E-01
  0.1983290686804969E+01  0.8687056522475256E-01
  0.1983640036276511E+01  0.9033035347779313E-01
  0.1983989385748053E+01  0.9461476113201425E-01
  0.1984338735219595E+01  0.9889916878623535E-01
  0.1984688084691137E+01  0.1030235959823690E+00
  0.1985037434162678E+01  0.1066736868044774E+00
  0.1985386783634220E+01  0.1103237776265881E+00
  0.1985736133105762E+01  0.1149259586440518E+00
  0.1986085482577304E+01  0.1210188980656055E+00
  0.1986434832048846E+01  0.1271118374871591E+00
  0.1986784181520387E+01  0.1332228446268810E+00
  0.1987133530991929E+01  0.1393500497620387E+00
  0.1987482880463471E+01  0.1454772548971964E+00
  0.1987832229935013E+01  0.1522886677572814E+00
  0.1988181579406555E+01  0.1594450359977999E+00
  0.1988530928878097E+01  0.1666014042383184E+00
  0.1988880278349639E+01  0.1751500572400852E+00
  0.1989229627821181E+01  0.1840416703963356E+00
  0.1989578977292722E+01  0.1929332835525861E+00
  0.1989928326764264E+01  0.1989224121621385E+00
  0.1990277676235806E+01  0.2047259248044376E+00
  0.1990627025707348E+01  0.2108119219861695E+00
  0.1990976375178890E+01  0.2202636927295147E+00
  0.1991325724650432E+01  0.2297154634728599E+00
  0.1991675074121974E+01  0.2390016066775583E+00
  0.1992024423593515E+01  0.2476828977797122E+00
  0.1992373773065057E+01  0.2563641888818661E+00
  0.1992723122536599E+01  0.2651066881935034E+00
  0.1993072472008141E+01  0.2739616178268768E+00
  0.1993421821479683E+01  0.2828165474602502E+00
  0.1993771170951225E+01  0.2917855960674550E+00
  0.1994120520422767E+01  0.3008734023510462E+00
  0.1994469869894308E+01  0.3099612086346375E+00
  0.1994819219365850E+01  0.3185758623999763E+00
  0.1995168568837392E+01  0.3269097335786534E+00
  0.1995517918308934E+01  0.3352436047573307E+00
  0.1995867267780476E+01  0.3432318337314433E+00
  0.1996216617252018E+01  0.3511139523936816E+00
  0.1996565966723560E+01  0.3589960710559200E+00
  0.1996915316195101E+01  0.3648597514855161E+00
  0.1997264665666643E+01  0.3705057473350813E+00
  0.1997614015138185E+01  0.3761416087532340E+00
  0.1997963364609727E+01  0.3815354271689320E+00
  0.1998312714081269E+01  0.3869292455846334E+00
  0.1998662063552811E+01  0.3925402744224412E+00
  0.1999011413024352E+01  0.3991562676007918E+00
  0.1999360762495894E+01  0.4057722607791425E+00
  0.1999710111967436E+01  0.4122586147420619E+00
  0.2000059461438978E+01  0.4184633960139947E+00
  0.2000408810910520E+01  0.4246681772859276E+00
  0.2000758160382062E+01  0.4295271533417795E+00
  0.2001107509853604E+01  0.4327597378378134E+00
  0.2001456859325145E+01  0.4359923223338474E+00
  0.2001806208796687E+01  0.4395223233846977E+00
  0.2002155558268229E+01  0.4432587176981474E+00
  0.2002504907739771E+01  0.4469951120115971E+00
  0.2002854257211313E+01  0.4482359847124965E+00
  0.2003203606682855E+01  0.4485438609201706E+00
  0.2003552956154397E+01  0.4488517371278448E+00
  0.2003902305625938E+01  0.4511422095003909E+00
  0.2004251655097480E+01  0.4537410222040791E+00
  0.2004601004569022E+01  0.4563421184355783E+00
  0.2004950354040564E+01  0.4597162103892724E+00
  0.2005299703512106E+01  0.4630903023429667E+00
  0.2005649052983648E+01  0.4661288776883268E+00
  0.2005998402455190E+01  0.4671146492484433E+00
  0.2006347751926731E+01  0.4681004208085598E+00
  0.2006697101398273E+01  0.4690053182857900E+00
  0.2007046450869815E+01  0.4697001958246542E+00
  0.2007395800341357E+01  0.4703950733635184E+00
  0.2007745149812899E+01  0.4710112830204287E+00
  0.2008094499284441E+01  0.4715168529696253E+00
  0.2008443848755983E+01  0.4720224229188220E+00
  0.2008793198227524E+01  0.4725053620504758E+00
  0.2009142547699066E+01  0.4729700151377342E+00
  0.2009491897170608E+01  0.4734346682249927E+00
  0.2009841246642150E+01  0.4725407398565665E+00
  0.2010190596113692E+01  0.4710382290368043E+00
  0.2010539945585234E+01  0.4695357182170420E+00
  0.2010889295056776E+01  0.4711001949037126E+00
  0.2011238644528317E+01  0.4733010313266838E+00
  0.2011587993999859E+01  0.4755018677496548E+00
  0.2011937343471401E+01  0.4745509907027097E+00
  0.2012286692942943E+01  0.4734881808730074E+00
  0.2012636042414485E+01  0.4726288228590085E+00
  0.2012985391886027E+01  0.4735366821222945E+00
  0.2013334741357569E+01  0.4744445413855804E+00
  0.2013684090829110E+01  0.4752787922358740E+00
  0.2014033440300652E+01  0.4758809392499895E+00
  0.2014382789772194E+01  0.4764830862641051E+00
  0.2014732139243736E+01  0.4763219983185846E+00
  0.2015081488715278E+01  0.4749066790015451E+00
  0.2015430838186820E+01  0.4734913596845056E+00
  0.2015780187658362E+01  0.4736354133537751E+00
  0.2016129537129904E+01  0.4752430109888305E+00
  0.2016478886601445E+01  0.4768506086238858E+00
  0.2016828236072987E+01  0.4760508084739386E+00
  0.2017177585544529E+01  0.4739739175895292E+00
  0.2017526935016071E+01  0.4718970267051200E+00
  0.2017876284487612E+01  0.4717383798014012E+00
  0.2018225633959155E+01  0.4720868089732034E+00
  0.2018574983430696E+01  0.4724352381450048E+00
  0.2018924332902238E+01  0.4734194387992505E+00
  0.2019273682373780E+01  0.4744526264773392E+00
  0.2019623031845322E+01  0.4753340046993579E+00
  0.2019972381316864E+01  0.4740669687215203E+00
  0.2020321730788405E+01  0.4727999327436826E+00
  0.2020671080259947E+01  0.4719395684997510E+00
  0.2021020429731489E+01  0.4726705805730425E+00
  0.2021369779203031E+01  0.4734015926463339E+00
  0.2021719128674573E+01  0.4732393883347288E+00
  0.2022068478146115E+01  0.4713515453232712E+00
  0.2022417827617657E+01  0.4694637023118137E+00
  0.2022767177089198E+01  0.4697254046428874E+00
  0.2023116526560740E+01  0.4723288043225699E+00
  0.2023465876032282E+01  0.4749322040022523E+00
  0.2023815225503824E+01  0.4745283579841945E+00
  0.2024164574975366E+01  0.4722510138958114E+00
  0.2024513924446908E+01  0.4699736698074282E+00
  0.2024863273918450E+01  0.4715591733403567E+00
  0.2025212623389991E+01  0.4744071324100967E+00
  0.2025561972861533E+01  0.4772550914798366E+00
  0.2025911322333075E+01  0.4757804835622306E+00
  0.2026260671804617E+01  0.4737782667216176E+00
  0.2026610021276159E+01  0.4718620479854093E+00
  0.2026959370747701E+01  0.4728505059182671E+00
  0.2027308720219243E+01  0.4738389638511249E+00
  0.2027658069690784E+01  0.4744345544469116E+00
  0.2028007419162326E+01  0.4730605007797897E+00
  0.2028356768633868E+01  0.4716864471126676E+00
  0.2028706118105410E+01  0.4709853247823401E+00
  0.2029055467576952E+01  0.4718261064899737E+00
  0.2029404817048494E+01  0.4726668881976073E+00
  0.2029754166520036E+01  0.4734338930235806E+00
  0.2030103515991577E+01  0.4741075188943887E+00
  0.2030452865463119E+01  0.4747811447651969E+00
  0.2030802214934661E+01  0.4740568204941581E+00
  0.2031151564406203E+01  0.4723156188530206E+00
  0.2031500913877745E+01  0.4705744172118831E+00
  0.2031850263349287E+01  0.4715356680878272E+00
  0.2032199612820829E+01  0.4735665260395163E+00
  0.2032548962292370E+01  0.4755973839912053E+00
  0.2032898311763912E+01  0.4759855434881706E+00
  0.2033247661235454E+01  0.4760928136237380E+00
  0.2033597010706996E+01  0.4762000837593056E+00
  0.2033946360178538E+01  0.4743035807898289E+00
  0.2034295709650080E+01  0.4723899265243376E+00
  0.2034645059121622E+01  0.4705618540063621E+00
  0.2034994408593163E+01  0.4693113672989277E+00
  0.2035343758064705E+01  0.4680608805914932E+00
  0.2035693107536247E+01  0.4683393554355192E+00
  0.2036042457007789E+01  0.4728241927305685E+00
  0.2036391806479331E+01  0.4773090300256178E+00
  0.2036741155950873E+01  0.4788001715501686E+00
  0.2037090505422415E+01  0.4758771371070970E+00
  0.2037439854893957E+01  0.4729541026640254E+00
  0.2037789204365498E+01  0.4724016150310996E+00
  0.2038138553837040E+01  0.4738550252140074E+00
  0.2038487903308582E+01  0.4753084353969153E+00
  0.2038837252780124E+01  0.4749408296311525E+00
  0.2039186602251666E+01  0.4737131100008122E+00
  0.2039535951723208E+01  0.4724853903704719E+00
  0.2039885301194750E+01  0.4705451114030863E+00
  0.2040234650666291E+01  0.4684449421217131E+00
  0.2040584000137833E+01  0.4663447728403399E+00
  0.2040933349609375E+01  0.4694696631152411E+00
  0.2041282699080917E+01  0.4728449408286203E+00
  0.2041632048552459E+01  0.4757182788666284E+00
  0.2041981398024001E+01  0.4736262618656151E+00
  0.2042330747495543E+01  0.4715342448646018E+00
  0.2042680096967084E+01  0.4699666113400613E+00
  0.2043029446438626E+01  0.4701610388282534E+00
  0.2043378795910168E+01  0.4703554663164455E+00
  0.2043728145381710E+01  0.4702888373806051E+00
  0.2044077494853252E+01  0.4697717093636287E+00
  0.2044426844324794E+01  0.4692545813466524E+00
  0.2044776193796335E+01  0.4692091191114193E+00
  0.2045125543267877E+01  0.4696270601274594E+00
  0.2045474892739419E+01  0.4700450011434985E+00
  0.2045824242210961E+01  0.4700588308940944E+00
  0.2046173591682503E+01  0.4698472709444317E+00
  0.2046522941154044E+01  0.4696357109947690E+00
  0.2046872290625586E+01  0.4699449326775856E+00
  0.2047221640097128E+01  0.4704014768044732E+00
  0.2047570989568670E+01  0.4708580209313606E+00
  0.2047920339040212E+01  0.4688593823365915E+00
  0.2048269688511754E+01  0.4666386023963760E+00
  0.2048619037983296E+01  0.4644524312101715E+00
  0.2048968387454837E+01  0.4628700008557618E+00
  0.2049317736926379E+01  0.4612875705013519E+00
  0.2049667086397921E+01  0.4611552397567119E+00
  0.2050016435869463E+01  0.4671351477851202E+00
  0.2050365785341005E+01  0.4731150558135286E+00
  0.2050715134812547E+01  0.4758789649477763E+00
  0.2051064484284089E+01  0.4720923979491457E+00
  0.2051413833755630E+01  0.4683058309505151E+00
  0.2051763183227172E+01  0.4666385801606513E+00
  0.2052112532698714E+01  0.4673918507048200E+00
  0.2052461882170256E+01  0.4681451212489888E+00
  0.2052811231641798E+01  0.4687761218980104E+00
  0.2053160581113340E+01  0.4693270805162033E+00
  0.2053509930584882E+01  0.4698780391343962E+00
  0.2053859280056423E+01  0.4690088284182089E+00
  0.2054208629527965E+01  0.4676455544105226E+00
  0.2054557978999507E+01  0.4662822804028363E+00
  0.2054907328471049E+01  0.4655308453552682E+00
  0.2055256677942591E+01  0.4648632880761456E+00
  0.2055606027414133E+01  0.4642357204566052E+00
  0.2055955376885675E+01  0.4659241390398916E+00
  0.2056304726357217E+01  0.4676125576231779E+00
  0.2056654075828758E+01  0.4689415740564002E+00
  0.2057003425300300E+01  0.4683039236869663E+00
  0.2057352774771842E+01  0.4676662733175322E+00
  0.2057702124243384E+01  0.4674342029226370E+00
  0.2058051473714926E+01  0.4681852998763608E+00
  0.2058400823186468E+01  0.4689363968300846E+00
  0.2058750172658010E+01  0.4687470857992467E+00
  0.2059099522129551E+01  0.4673090704518646E+00
  0.2059448871601093E+01  0.4658710551044825E+00
  0.2059798221072635E+01  0.4671002175275237E+00
  0.2060147570544177E+01  0.4703652158955609E+00
  0.2060496920015719E+01  0.4736302142635980E+00
  0.2060846269487261E+01  0.4732690663429685E+00
  0.2061195618958803E+01  0.4713880970164923E+00
  0.2061544968430344E+01  0.4695071276900162E+00
  0.2061894317901886E+01  0.4716016753538686E+00
  0.2062243667373428E+01  0.4744411315598837E+00
  0.2062593016844970E+01  0.4772805877658989E+00
  0.2062942366316512E+01  0.4738611000057882E+00
  0.2063291715788054E+01  0.4703121279949073E+00
  0.2063641065259596E+01  0.4672694233048114E+00
  0.2063990414731137E+01  0.4680376240482800E+00
  0.2064339764202679E+01  0.4688058247917485E+00
  0.2064689113674221E+01  0.4696863455442342E+00
  0.2065038463145763E+01  0.4708953538714176E+00
  0.2065387812617305E+01  0.4721043621986010E+00
  0.2065737162088847E+01  0.4726698133378640E+00
  0.2066086511560389E+01  0.4722385247678310E+00
  0.2066435861031930E+01  0.4718072361977981E+00
  0.2066785210503472E+01  0.4718054118881149E+00
  0.2067134559975014E+01  0.4721846187248058E+00
  0.2067483909446556E+01  0.4725638255614967E+00
  0.2067833258918098E+01  0.4741649918845651E+00
  0.2068182608389640E+01  0.4763750813362669E+00
  0.2068531957861182E+01  0.4785851707879688E+00
  0.2068881307332723E+01  0.4780511096626296E+00
  0.2069230656804265E+01  0.4768521145979540E+00
  0.2069580006275807E+01  0.4756531195332782E+00
  0.2069929355747349E+01  0.4764820846389355E+00
  0.2070278705218891E+01  0.4774347961927643E+00
  0.2070628054690433E+01  0.4783513582281571E+00
  0.2070977404161974E+01  0.4788523475041670E+00
  0.2071326753633516E+01  0.4793533367801781E+00
  0.2071676103105058E+01  0.4795406161054506E+00
  0.2072025452576600E+01  0.4785996771088652E+00
  0.2072374802048142E+01  0.4776587381122823E+00
  0.2072724151519683E+01  0.4774069231913868E+00
  0.2073073500991225E+01  0.4784066342076745E+00
  0.2073422850462767E+01  0.4794063452239624E+00
  0.2073772199934309E+01  0.4792305411572143E+00
  0.2074121549405851E+01  0.4778440805453303E+00
  0.2074470898877393E+01  0.4764576199334464E+00
  0.2074820248348935E+01  0.4765390398912604E+00
  0.2075169597820476E+01  0.4774819078636161E+00
  0.2075518947292018E+01  0.4784247758359718E+00
  0.2075868296763560E+01  0.4782058331293497E+00
  0.2076217646235102E+01  0.4776353554727695E+00
  0.2076566995706644E+01  0.4770648778161894E+00
  0.2076916345178186E+01  0.4776956238493839E+00
  0.2077265694649728E+01  0.4784521031873059E+00
  0.2077615044121270E+01  0.4791637528637302E+00
  0.2077964393592811E+01  0.4788724112932826E+00
  0.2078313743064353E+01  0.4785810697228350E+00
  0.2078663092535895E+01  0.4783839910842379E+00
  0.2079012442007437E+01  0.4786154016106827E+00
  0.2079361791478979E+01  0.4788468121371277E+00
  0.2079711140950521E+01  0.4785345968249118E+00
  0.2080060490422063E+01  0.4770557248827056E+00
  0.2080409839893604E+01  0.4755768529404996E+00
  0.2080759189365146E+01  0.4760793302486711E+00
  0.2081108538836688E+01  0.4789513029756334E+00
  0.2081457888308230E+01  0.4818232757025958E+00
  0.2081807237779772E+01  0.4808307517202875E+00
  0.2082156587251314E+01  0.4771851079652010E+00
  0.2082505936722856E+01  0.4735394642101146E+00
  0.2082855286194397E+01  0.4759606532374457E+00
  0.2083204635665939E+01  0.4806204170914030E+00
  0.2083553985137481E+01  0.4852801809453604E+00
  0.2083903334609023E+01  0.4836117551998730E+00
  0.2084252684080565E+01  0.4809810167843502E+00
  0.2084602033552107E+01  0.4783662101765819E+00
  0.2084951383023649E+01  0.4786105069035993E+00
  0.2085300732495190E+01  0.4788548036306166E+00
  0.2085650081966732E+01  0.4791174748619112E+00
  0.2085999431438274E+01  0.4794901943539357E+00
  0.2086348780909816E+01  0.4798629138459602E+00
  0.2086698130381358E+01  0.4798446563307364E+00
  0.2087047479852900E+01  0.4788240899509577E+00
  0.2087396829324442E+01  0.4778035235711791E+00
  0.2087746178795983E+01  0.4784070266657911E+00
  0.2088095528267525E+01  0.4812703826983132E+00
  0.2088444877739067E+01  0.4841337387308353E+00
  0.2088794227210609E+01  0.4840793276329516E+00
  0.2089143576682151E+01  0.4816919612370618E+00
  0.2089492926153693E+01  0.4793045948411721E+00
  0.2089842275625235E+01  0.4782919777294131E+00
  0.2090191625096776E+01  0.4778877311768660E+00
  0.2090540974568318E+01  0.4774834846243189E+00
  0.2090890324039860E+01  0.4756451068351862E+00
  0.2091239673511402E+01  0.4735145768779720E+00
  0.2091589022982944E+01  0.4713840469207578E+00
  0.2091938372454486E+01  0.4729057816184301E+00
  0.2092287721926028E+01  0.4745470866715965E+00
  0.2092637071397569E+01  0.4761204937497691E+00
  0.2092986420869111E+01  0.4771202591362302E+00
  0.2093335770340653E+01  0.4781200245226914E+00
  0.2093685119812195E+01  0.4795566963576617E+00
  0.2094034469283737E+01  0.4823516765937526E+00
  0.2094383818755279E+01  0.4851466568298433E+00
  0.2094733168226821E+01  0.4849495426110643E+00
  0.2095082517698363E+01  0.4798893929553277E+00
  0.2095431867169904E+01  0.4748292432995911E+00
  0.2095781216641446E+01  0.4740449434816394E+00
  0.2096130566112988E+01  0.4772322223304470E+00
  0.2096479915584530E+01  0.4804195011792547E+00
  0.2096829265056072E+01  0.4794352390535523E+00
  0.2097178614527614E+01  0.4762632991125373E+00
  0.2097527963999156E+01  0.4730913591715222E+00
  0.2097877313470697E+01  0.4725568532713010E+00
  0.2098226662942239E+01  0.4727086277086126E+00
  0.2098576012413781E+01  0.4728604021459237E+00
  0.2098925361885323E+01  0.4763291700269631E+00
  0.2099274711356864E+01  0.4800435554220649E+00
  0.2099624060828406E+01  0.4832399225180570E+00
  0.2099973410299948E+01  0.4794023269874427E+00
  0.2100322759771490E+01  0.4755647314568283E+00
  0.2100672109243032E+01  0.4723088537783174E+00
  0.2101021458714574E+01  0.4712933433218053E+00
  0.2101370808186116E+01  0.4702778328652932E+00
  0.2101720157657657E+01  0.4697006209398100E+00
  0.2102069507129199E+01  0.4699604674581249E+00
  0.2102418856600741E+01  0.4702203139764399E+00
  0.2102768206072283E+01  0.4711220386059641E+00
  0.2103117555543825E+01  0.4727157849029863E+00
  0.2103466905015367E+01  0.4743095312000086E+00
  0.2103816254486909E+01  0.4730814166167208E+00
  0.2104165603958450E+01  0.4701145131100938E+00
  0.2104514953429992E+01  0.4671476096034669E+00
  0.2104864302901534E+01  0.4678836478282246E+00
  0.2105213652373076E+01  0.4698130162923422E+00
  0.2105563001844618E+01  0.4717423847564600E+00
  0.2105912351316160E+01  0.4721313418577752E+00
  0.2106261700787702E+01  0.4723372977101468E+00
  0.2106611050259243E+01  0.4723905006424410E+00
  0.2106960399730785E+01  0.4677241761850535E+00
  0.2107309749202327E+01  0.4630578517276660E+00
  0.2107659098673869E+01  0.4602456985973221E+00
  0.2108008448145411E+01  0.4665580622946403E+00
  0.2108357797616953E+01  0.4728704259919585E+00
  0.2108707147088495E+01  0.4764127896413201E+00
  0.2109056496560036E+01  0.4736854225093198E+00
  0.2109405846031578E+01  0.4709580553773193E+00
  0.2109755195503120E+01  0.4687758469297390E+00
  0.2110104544974662E+01  0.4672764201086582E+00
  0.2110453894446204E+01  0.4657769932875774E+00
  0.2110803243917746E+01  0.4654553354867346E+00
  0.2111152593389288E+01  0.4659813113572367E+00
  0.2111501942860829E+01  0.4665072872277389E+00
  0.2111851292332371E+01  0.4660164391923547E+00
  0.2112200641803913E+01  0.4651282652900296E+00
  0.2112549991275455E+01  0.4642400913877046E+00
  0.2112899340746997E+01  0.4669596516754963E+00
  0.2113248690218539E+01  0.4702833044510538E+00
  0.2113598039690081E+01  0.4736069572266112E+00
  0.2113947389161623E+01  0.4705201400890311E+00
  0.2114296738633164E+01  0.4673953360441768E+00
  0.2114646088104706E+01  0.4648088208687313E+00
  0.2114995437576248E+01  0.4657729295954895E+00
  0.2115344787047790E+01  0.4667370383222478E+00
  0.2115694136519332E+01  0.4669168106719734E+00
  0.2116043485990874E+01  0.4649671506668748E+00
  0.2116392835462416E+01  0.4630174906617761E+00
  0.2116742184933957E+01  0.4633514360142852E+00
  0.2117091534405499E+01  0.4670164681741827E+00
  0.2117440883877041E+01  0.4706815003340802E+00
  0.2117790233348583E+01  0.4714454034717058E+00
  0.2118139582820125E+01  0.4697799904197111E+00
  0.2118488932291667E+01  0.4681145773677162E+00
  0.2118838281763209E+01  0.4680879378542391E+00
  0.2119187631234750E+01  0.4688261472645845E+00
  0.2119536980706292E+01  0.4695643566749299E+00
  0.2119886330177834E+01  0.4687397203741942E+00
  0.2120235679649376E+01  0.4675704619669561E+00
  0.2120585029120918E+01  0.4664012035597180E+00
  0.2120934378592460E+01  0.4661647671640508E+00
  0.2121283728064002E+01  0.4659703800147424E+00
  0.2121633077535543E+01  0.4658103749267539E+00
  0.2121982427007085E+01  0.4659801902915235E+00
  0.2122331776478627E+01  0.4661500056562931E+00
  0.2122681125950169E+01  0.4662987009725799E+00
  0.2123030475421711E+01  0.4663774582955279E+00
  0.2123379824893253E+01  0.4664562156184759E+00
  0.2123729174364795E+01  0.4663412665004112E+00
  0.2124078523836336E+01  0.4658957522985808E+00
  0.2124427873307878E+01  0.4654502380967505E+00
  0.2124777222779420E+01  0.4663340100124552E+00
  0.2125126572250962E+01  0.4685102887803528E+00
  0.2125475921722503E+01  0.4706865675482450E+00
  0.2125825271194046E+01  0.4713726690393417E+00
  0.2126174620665587E+01  0.4712369858899947E+00
  0.2126523970137129E+01  0.4711013027406476E+00
  0.2126873319608671E+01  0.4698420660749336E+00
  0.2127222669080213E+01  0.4682697749820669E+00
  0.2127572018551755E+01  0.4666974838892000E+00
  0.2127921368023296E+01  0.4700556691447134E+00
  0.2128270717494838E+01  0.4738447791751154E+00
  0.2128620066966380E+01  0.4772863662208430E+00
  0.2128969416437922E+01  0.4749957984730967E+00
  0.2129318765909464E+01  0.4727052307253504E+00
  0.2129668115381006E+01  0.4712071936799975E+00
  0.2130017464852548E+01  0.4729871852321483E+00
  0.2130366814324089E+01  0.4747671767842991E+00
  0.2130716163795631E+01  0.4751286960720824E+00
  0.2131065513267173E+01  0.4726392035301205E+00
  0.2131414862738715E+01  0.4701497109881585E+00
  0.2131764212210257E+01  0.4687754044970535E+00
  0.2132113561681799E+01  0.4686598004861541E+00
  0.2132462911153341E+01  0.4685441964752549E+00
  0.2132812260624882E+01  0.4696227045453596E+00
  0.2133161610096424E+01  0.4714733363349346E+00
  0.2133510959567966E+01  0.4733239681245096E+00
  0.2133860309039508E+01  0.4728583293635573E+00
  0.2134209658511050E+01  0.4715992282788692E+00
  0.2134559007982592E+01  0.4703401271941811E+00
  0.2134908357454134E+01  0.4720963179613358E+00
  0.2135257706925676E+01  0.4742544338547223E+00
  0.2135607056397217E+01  0.4763212634561697E+00
  0.2135956405868759E+01  0.4738965362753422E+00
  0.2136305755340301E+01  0.4714718090945147E+00
  0.2136655104811843E+01  0.4696279303571174E+00
  0.2137004454283385E+01  0.4708921613594607E+00
  0.2137353803754927E+01  0.4721563923618040E+00
  0.2137703153226469E+01  0.4728426286761367E+00
  0.2138052502698010E+01  0.4721475076669140E+00
  0.2138401852169552E+01  0.4714523866576915E+00
  0.2138751201641094E+01  0.4720581622607208E+00
  0.2139100551112636E+01  0.4743706888955344E+00
  0.2139449900584178E+01  0.4766832155303480E+00
  0.2139799250055720E+01  0.4763931406010714E+00
  0.2140148599527262E+01  0.4741402315018962E+00
  0.2140497948998803E+01  0.4718873224027210E+00
  0.2140847298470345E+01  0.4708859178566782E+00
  0.2141196647941887E+01  0.4704016617284443E+00
  0.2141545997413429E+01  0.4699174056002104E+00
  0.2141895346884971E+01  0.4708372261561560E+00
  0.2142244696356513E+01  0.4720143238941039E+00
  0.2142594045828055E+01  0.4731914216320519E+00
  0.2142943395299596E+01  0.4731483002127324E+00
  0.2143292744771138E+01  0.4730836681397754E+00
  0.2143642094242680E+01  0.4727990182892524E+00
  0.2143991443714222E+01  0.4709041637897610E+00
  0.2144340793185764E+01  0.4690093092902695E+00
  0.2144690142657306E+01  0.4681415242278051E+00
  0.2145039492128848E+01  0.4702314124775457E+00
  0.2145388841600389E+01  0.4723213007272864E+00
  0.2145738191071931E+01  0.4736299111796353E+00
  0.2146087540543473E+01  0.4737433186225257E+00
  0.2146436890015015E+01  0.4738567260654162E+00
  0.2146786239486557E+01  0.4735185492348926E+00
  0.2147135588958099E+01  0.4727844269902661E+00
  0.2147484938429641E+01  0.4720503047456396E+00
  0.2147834287901182E+01  0.4710410493317397E+00
  0.2148183637372724E+01  0.4698965016771351E+00
  0.2148532986844266E+01  0.4687519540225306E+00
  0.2148882336315808E+01  0.4696159375060293E+00
  0.2149231685787350E+01  0.4709575102601952E+00
  0.2149581035258892E+01  0.4722990830143610E+00
  0.2149930384730434E+01  0.4714026709466930E+00
  0.2150279734201975E+01  0.4703770944057822E+00
  0.2150629083673517E+01  0.4693889249641708E+00
  0.2150978433145059E+01  0.4688141916781869E+00
  0.2151327782616601E+01  0.4682394583922030E+00
  0.2151677132088142E+01  0.4677597222737861E+00
  0.2152026481559685E+01  0.4676157990745639E+00
  0.2152375831031226E+01  0.4674718758753420E+00
  0.2152725180502769E+01  0.4675203645339868E+00
  0.2153074529974310E+01  0.4679138370107911E+00
  0.2153423879445852E+01  0.4683073094875960E+00
  0.2153773228917394E+01  0.4686671259829669E+00
  0.2154122578388936E+01  0.4689926864070870E+00
  0.2154471927860477E+01  0.4693182468312073E+00
  0.2154821277332019E+01  0.4694078265860840E+00
  0.2155170626803561E+01  0.4693606596255223E+00
  0.2155519976275103E+01  0.4693134926649606E+00
  0.2155869325746645E+01  0.4702593259761274E+00
  0.2156218675218187E+01  0.4715006728540012E+00
  0.2156568024689729E+01  0.4727420197318748E+00
  0.2156917374161270E+01  0.4700030042034703E+00
  0.2157266723632812E+01  0.4668616203049563E+00
  0.2157616073104354E+01  0.4639522790559087E+00
  0.2157965422575896E+01  0.4658851801751851E+00
  0.2158314772047438E+01  0.4678180812944615E+00
  0.2158664121518980E+01  0.4690591945821644E+00
  0.2159013470990522E+01  0.4672173201244061E+00
  0.2159362820462063E+01  0.4653754456666479E+00
  0.2159712169933605E+01  0.4642055086252164E+00
  0.2160061519405147E+01  0.4644581841029313E+00
  0.2160410868876689E+01  0.4647108595806463E+00
  0.2160760218348231E+01  0.4647579725274232E+00
  0.2161109567819773E+01  0.4645621540555832E+00
  0.2161458917291315E+01  0.4643663355837432E+00
  0.2161808266762856E+01  0.4648823341751131E+00
  0.2162157616234398E+01  0.4658810873614836E+00
  0.2162506965705940E+01  0.4668798405478542E+00
  0.2162856315177482E+01  0.4663504280667518E+00
  0.2163205664649024E+01  0.4652655459662257E+00
  0.2163555014120566E+01  0.4641806638656996E+00
  0.2163904363592108E+01  0.4619238460232170E+00
  0.2164253713063649E+01  0.4594933807210108E+00
  0.2164603062535191E+01  0.4571141707533188E+00
  0.2164952412006733E+01  0.4607230832401421E+00
  0.2165301761478275E+01  0.4643319957269654E+00
  0.2165651110949817E+01  0.4670628378434977E+00
  0.2166000460421359E+01  0.4646585447834859E+00
  0.2166349809892901E+01  0.4622542517234741E+00
  0.2166699159364442E+01  0.4609293884340055E+00
  0.2167048508835984E+01  0.4623317955287440E+00
  0.2167397858307526E+01  0.4637342026234824E+00
  0.2167747207779068E+01  0.4635727707320177E+00
  0.2168096557250610E+01  0.4612614543049414E+00
  0.2168445906722152E+01  0.4589501378778649E+00
  0.2168795256193694E+01  0.4594168763841317E+00
  0.2169144605665235E+01  0.4620785016258625E+00
  0.2169493955136777E+01  0.4647401268675933E+00
  0.2169843304608319E+01  0.4639533523149017E+00
  0.2170192654079861E+01  0.4616615967605744E+00
  0.2170542003551403E+01  0.4593698412062472E+00
  0.2170891353022945E+01  0.4587513882858394E+00
  0.2171240702494487E+01  0.4584666940863750E+00
  0.2171590051966029E+01  0.4581819998869106E+00
  0.2171939401437570E+01  0.4606560519174234E+00
  0.2172288750909112E+01  0.4632117815228753E+00
  0.2172638100380654E+01  0.4650513983262893E+00
  0.2172987449852196E+01  0.4610240833506425E+00
  0.2173336799323738E+01  0.4569967683749957E+00
  0.2173686148795280E+01  0.4543767666508554E+00
  0.2174035498266822E+01  0.4560628465965610E+00
  0.2174384847738363E+01  0.4577489265422666E+00
  0.2174734197209905E+01  0.4597282418468121E+00
  0.2175083546681447E+01  0.4621782439298839E+00
  0.2175432896152989E+01  0.4646282460129557E+00
  0.2175782245624531E+01  0.4647001027179792E+00
  0.2176131595096073E+01  0.4625889568568156E+00
  0.2176480944567615E+01  0.4604778109956521E+00
  0.2176830294039156E+01  0.4599144124234621E+00
  0.2177179643510698E+01  0.4601521509828792E+00
  0.2177528992982240E+01  0.4603898895422969E+00
  0.2177878342453782E+01  0.4591449470745094E+00
  0.2178227691925324E+01  0.4575211096479059E+00
  0.2178577041396865E+01  0.4558972722213064E+00
  0.2178926390868408E+01  0.4550881329128682E+00
  0.2179275740339949E+01  0.4543365611247874E+00
  0.2179625089811491E+01  0.4539019255027909E+00
  0.2179974439283033E+01  0.4575806031696088E+00
  0.2180323788754575E+01  0.4612592808364359E+00
  0.2180673138226116E+01  0.4638704395246778E+00
  0.2181022487697658E+01  0.4624432261544000E+00
  0.2181371837169200E+01  0.4610160127841222E+00
  0.2181721186640742E+01  0.4597726213098123E+00
  0.2182070536112284E+01  0.4588757458764141E+00
  0.2182419885583826E+01  0.4579788704430158E+00
  0.2182769235055368E+01  0.4576344748245282E+00
  0.2183118584526909E+01  0.4578787339502730E+00
  0.2183467933998451E+01  0.4581229930760179E+00
  0.2183817283469993E+01  0.4563376071684234E+00
  0.2184166632941535E+01  0.4533171253444989E+00
  0.2184515982413077E+01  0.4502966435205744E+00
  0.2184865331884619E+01  0.4508263277556352E+00
  0.2185214681356161E+01  0.4524818963955576E+00
  0.2185564030827702E+01  0.4541374650354800E+00
  0.2185913380299244E+01  0.4517784122154331E+00
  0.2186262729770786E+01  0.4489571739946986E+00
  0.2186612079242328E+01  0.4462088699868559E+00
  0.2186961428713870E+01  0.4455141890153327E+00
  0.2187310778185412E+01  0.4448195080438095E+00
  0.2187660127656954E+01  0.4438816205096314E+00
  0.2188009477128495E+01  0.4417715791659097E+00
  0.2188358826600037E+01  0.4396615378221880E+00
  0.2188708176071579E+01  0.4378511902265179E+00
  0.2189057525543121E+01  0.4367098700857043E+00
  0.2189406875014663E+01  0.4355685499448907E+00
  0.2189756224486205E+01  0.4332564967425372E+00
  0.2190105573957747E+01  0.4294955437270630E+00
  0.2190454923429288E+01  0.4257345907115889E+00
  0.2190804272900830E+01  0.4219016618480089E+00
  0.2191153622372372E+01  0.4180175561724205E+00
  0.2191502971843914E+01  0.4141334504968321E+00
  0.2191852321315456E+01  0.4103560751258292E+00
  0.2192201670786998E+01  0.4066197992597907E+00
  0.2192551020258540E+01  0.4028835233937524E+00
  0.2192900369730082E+01  0.3967343331575607E+00
  0.2193249719201623E+01  0.3901907687237502E+00
  0.2193599068673165E+01  0.3836472042899397E+00
  0.2193948418144707E+01  0.3795062815748168E+00
  0.2194297767616249E+01  0.3753724565693311E+00
  0.2194647117087791E+01  0.3708248480695138E+00
  0.2194996466559333E+01  0.3636166548647379E+00
  0.2195345816030875E+01  0.3564084616599622E+00
  0.2195695165502416E+01  0.3492880837648666E+00
  0.2196044514973958E+01  0.3424025888568040E+00
  0.2196393864445500E+01  0.3355170939487413E+00
  0.2196743213917042E+01  0.3286120683175608E+00
  0.2197092563388584E+01  0.3216788985487781E+00
  0.2197441912860126E+01  0.3147457287799953E+00
  0.2197791262331668E+01  0.3070553678479805E+00
  0.2198140611803209E+01  0.2987384469643345E+00
  0.2198489961274751E+01  0.2904215260806884E+00
  0.2198839310746293E+01  0.2828686147381037E+00
  0.2199188660217835E+01  0.2756674619312575E+00
  0.2199538009689377E+01  0.2684663091244114E+00
  0.2199887359160919E+01  0.2609659142644097E+00
  0.2200236708632461E+01  0.2534008419924283E+00
  0.2200586058104002E+01  0.2458357697204469E+00
  0.2200935407575544E+01  0.2415476567265744E+00
  0.2201284757047086E+01  0.2373967512483475E+00
  0.2201634106518628E+01  0.2329421632225971E+00
  0.2201983455990170E+01  0.2256717374171332E+00
  0.2202332805461712E+01  0.2184013116116692E+00
  0.2202682154933254E+01  0.2114319306778059E+00
  0.2203031504404795E+01  0.2054431689811762E+00
  0.2203380853876337E+01  0.1994544072845466E+00
  0.2203730203347879E+01  0.1940697674623323E+00
  0.2204079552819421E+01  0.1897031458499053E+00
  0.2204428902290963E+01  0.1853365242374672E+00
  0.2204778251762504E+01  0.1805624732276917E+00
  0.2205127601234047E+01  0.1753969071078998E+00
  0.2205476950705588E+01  0.1702313409881210E+00
  0.2205826300177130E+01  0.1658959766114263E+00
  0.2206175649648672E+01  0.1620125824988174E+00
  0.2206524999120214E+01  0.1581291883861987E+00
  0.2206874348591755E+01  0.1534130974923255E+00
  0.2207223698063297E+01  0.1484689880171432E+00
  0.2207573047534839E+01  0.1435248785419609E+00
  0.2207922397006381E+01  0.1394364888485341E+00
  0.2208271746477923E+01  0.1354199184869822E+00
  0.2208621095949465E+01  0.1313941940654806E+00
  0.2208970445421007E+01  0.1272253272304407E+00
  0.2209319794892548E+01  0.1230564603954008E+00
  0.2209669144364090E+01  0.1189584258091785E+00
  0.2210018493835632E+01  0.1151479425881674E+00
  0.2210367843307174E+01  0.1113374593671564E+00
  0.2210717192778716E+01  0.1075032394340586E+00
  0.2211066542250258E+01  0.1036219385081848E+00
  0.2211415891721800E+01  0.9974063758231100E-01
  0.2211765241193342E+01  0.9578225681385918E-01
  0.2212114590664883E+01  0.9173789893313627E-01
  0.2212463940136425E+01  0.8769354105241337E-01
  0.2212813289607967E+01  0.8449017530971116E-01
  0.2213162639079509E+01  0.8182391897842251E-01
  0.2213511988551051E+01  0.7915766264713384E-01
  0.2213861338022593E+01  0.7609597850240873E-01
  0.2214210687494135E+01  0.7290092756104097E-01
  0.2214560036965676E+01  0.6970587661967322E-01
  0.2214909386437218E+01  0.6667181933924740E-01
  0.2215258735908760E+01  0.6365861479462123E-01
  0.2215608085380302E+01  0.6065156200960321E-01
  0.2215957434851844E+01  0.5790740956970272E-01
  0.2216306784323386E+01  0.5516325712980223E-01
  0.2216656133794928E+01  0.5243936893268891E-01
  0.2217005483266469E+01  0.4982155108107283E-01
  0.2217354832738011E+01  0.4720373322945678E-01
  0.2217704182209553E+01  0.4475118126308185E-01
  0.2218053531681095E+01  0.4268806195068962E-01
  0.2218402881152637E+01  0.4062494263829739E-01
  0.2218752230624179E+01  0.3871855589800730E-01
  0.2219101580095721E+01  0.3701534832586964E-01
  0.2219450929567262E+01  0.3531214075373199E-01
  0.2219800279038804E+01  0.3371791876699545E-01
  0.2220149628510346E+01  0.3220490898538027E-01
  0.2220498977981888E+01  0.3069189920376510E-01
  0.2220848327453430E+01  0.2908839885433642E-01
  0.2221197676924972E+01  0.2744803598133450E-01
  0.2221547026396514E+01  0.2580767310833258E-01
  0.2221896375868055E+01  0.2455222346037164E-01
  0.2222245725339597E+01  0.2336572194605086E-01
  0.2222595074811139E+01  0.2217922043173009E-01
  0.2222944424282681E+01  0.2107587143355820E-01
  0.2223293773754223E+01  0.1997373541799393E-01
  0.2223643123225765E+01  0.1889796005709243E-01
  0.2223992472697307E+01  0.1800986143556612E-01
  0.2224341822168848E+01  0.1712176281403980E-01
  0.2224691171640390E+01  0.1626485542629435E-01
  0.2225040521111932E+01  0.1549640283915346E-01
  0.2225389870583474E+01  0.1472795025201257E-01
  0.2225739220055016E+01  0.1398552241815514E-01
  0.2226088569526558E+01  0.1328242044232663E-01
  0.2226437918998100E+01  0.1257931846649813E-01
  0.2226787268469641E+01  0.1193160049674039E-01
  0.2227136617941183E+01  0.1133187133263460E-01
  0.2227485967412725E+01  0.1073214216852880E-01
  0.2227835316884267E+01  0.1025799761225555E-01
  0.2228184666355809E+01  0.9844787708288243E-02
  0.2228534015827351E+01  0.9431577804320940E-02
  0.2228883365298893E+01  0.8997291542853421E-02
  0.2229232714770434E+01  0.8558088502903365E-02
  0.2229582064241976E+01  0.8118885462953309E-02
  0.2229931413713518E+01  0.7749103372159288E-02
  0.2230280763185060E+01  0.7383099838751548E-02
  0.2230630112656602E+01  0.7021230615648414E-02
  0.2230979462128143E+01  0.6703346992391831E-02
  0.2231328811599686E+01  0.6385463369134439E-02
  0.2231678161071227E+01  0.6075863684501966E-02
  0.2232027510542769E+01  0.5795052351528981E-02
  0.2232376860014311E+01  0.5514241018556709E-02
  0.2232726209485853E+01  0.5248380503801797E-02
  0.2233075558957395E+01  0.5008985273189074E-02
  0.2233424908428937E+01  0.4769590042575742E-02
  0.2233774257900478E+01  0.4549233528850804E-02
  0.2234123607372020E+01  0.4348028217602256E-02
  0.2234472956843562E+01  0.4146822906353707E-02
  0.2234822306315104E+01  0.3963794504889159E-02
  0.2235171655786646E+01  0.3791166360075358E-02
  0.2235521005258188E+01  0.3618538215261558E-02
  0.2235870354729729E+01  0.3456064629460205E-02
  0.2236219704201271E+01  0.3296562837933176E-02
  0.2236569053672813E+01  0.3137061046406146E-02
  0.2236918403144355E+01  0.3006500530941752E-02
  0.2237267752615897E+01  0.2878762626234328E-02
  0.2237617102087439E+01  0.2751402504453364E-02
  0.2237966451558981E+01  0.2631426004067548E-02
  0.2238315801030522E+01  0.2511449503681733E-02
  0.2238665150502064E+01  0.2394124694193713E-02
  0.2239014499973606E+01  0.2288388413466906E-02
  0.2239363849445148E+01  0.2182652132740100E-02
  0.2239713198916690E+01  0.2083859058856406E-02
  0.2240062548388232E+01  0.1999569096517336E-02
  0.2240411897859774E+01  0.1915279134178266E-02
  0.2240761247331315E+01  0.1827733457012198E-02
  0.2241110596802857E+01  0.1736385570083206E-02
  0.2241459946274399E+01  0.1645037683154214E-02
  0.2241809295745941E+01  0.1579025767271558E-02
  0.2242158645217483E+01  0.1529987578815921E-02
  0.2242507994689025E+01  0.1480949390360285E-02
  0.2242857344160567E+01  0.1417789003418972E-02
  0.2243206693632108E+01  0.1349572390785758E-02
  0.2243556043103650E+01  0.1281355778152544E-02
  0.2243905392575192E+01  0.1232681263832447E-02
  0.2244254742046734E+01  0.1186826706035132E-02
  0.2244604091518276E+01  0.1140908390122768E-02
  0.2244953440989818E+01  0.1089476808468727E-02
  0.2245302790461360E+01  0.1038045226814686E-02
  0.2245652139932901E+01  0.9881181137707694E-03
  0.2246001489404443E+01  0.9467857312239474E-03
  0.2246350838875985E+01  0.9054533486771258E-03
  0.2246700188347527E+01  0.8663085476418114E-03
  0.2247049537819069E+01  0.8326115449215261E-03
  0.2247398887290611E+01  0.7989145422012406E-03
  0.2247748236762153E+01  0.7654389004265632E-03
  0.2248097586233694E+01  0.7322639227913957E-03
  0.2248446935705236E+01  0.6990889451562285E-03
  0.2248796285176778E+01  0.6727044931915125E-03
  0.2249145634648320E+01  0.6516213476365686E-03
  0.2249494984119862E+01  0.6305382020816247E-03
  0.2249844333591404E+01  0.6050307412573387E-03
  0.2250193683062946E+01  0.5776191567677036E-03
  0.2250543032534488E+01  0.5502075722780684E-03
  0.2250892382006029E+01  0.5260968362560261E-03
  0.2251241731477571E+01  0.5026305525280100E-03
  0.2251591080949113E+01  0.4791642687999938E-03
  0.2251940430420655E+01  0.4629537759807557E-03
  0.2252289779892197E+01  0.4469355166121691E-03
  0.2252639129363739E+01  0.4308143265355834E-03
  0.2252988478835281E+01  0.4138747959555024E-03
  0.2253337828306822E+01  0.3969352653754214E-03
  0.2253687177778364E+01  0.3802117177992937E-03
  0.2254036527249906E+01  0.3641386714002289E-03
  0.2254385876721448E+01  0.3480656250011642E-03
  0.2254735226192990E+01  0.3331055452336171E-03
  0.2255084575664532E+01  0.3199098651847367E-03
  0.2255433925136074E+01  0.3067141851358563E-03
  0.2255783274607615E+01  0.2952713492105360E-03
  0.2256132624079157E+01  0.2854186397903103E-03
  0.2256481973550699E+01  0.2755659303700847E-03
  0.2256831323022241E+01  0.2664359098669075E-03
  0.2257180672493783E+01  0.2576750832086700E-03
  0.2257530021965325E+01  0.2489142565504324E-03
  0.2257879371436866E+01  0.2397447360652300E-03
  0.2258228720908408E+01  0.2304726656655833E-03
  0.2258578070379950E+01  0.2212005952659601E-03
  0.2258927419851492E+01  0.2132716731642240E-03
  0.2259276769323034E+01  0.2054331387572637E-03
  0.2259626118794576E+01  0.1975586794381672E-03
  0.2259975468266117E+01  0.1892378314250221E-03
  0.2260324817737660E+01  0.1809169834118558E-03
  0.2260674167209201E+01  0.1733134762465246E-03
  0.2261023516680743E+01  0.1683759704585427E-03
  0.2261372866152285E+01  0.1634384646705609E-03
  0.2261722215623827E+01  0.1579869710143315E-03
  0.2262071565095368E+01  0.1515790723454794E-03
  0.2262420914566910E+01  0.1451711736766272E-03
  0.2262770264038452E+01  0.1398336218931055E-03
  0.2263119613509994E+01  0.1356231321008946E-03
  0.2263468962981536E+01  0.1314126423086838E-03
  0.2263818312453078E+01  0.1268661816728342E-03
  0.2264167661924620E+01  0.1221178216794045E-03
  0.2264517011396161E+01  0.1173694616859748E-03
  0.2264866360867703E+01  0.1142827336920688E-03
  0.2265215710339245E+01  0.1117145106306698E-03
  0.2265565059810787E+01  0.1091462875692707E-03
  0.2265914409282329E+01  0.1027303436870758E-03
  0.2266263758753871E+01  0.9588547565344321E-04
  0.2266613108225413E+01  0.8923168665724109E-04
  0.2266962457696954E+01  0.8751752120206123E-04
  0.2267311807168496E+01  0.8580335574688135E-04
  0.2267661156640038E+01  0.8413817222516531E-04
  0.2268010506111580E+01  0.8270425730003124E-04
  0.2268359855583122E+01  0.8127034237489718E-04
  0.2268709205054664E+01  0.7931778905774126E-04
  0.2269058554526206E+01  0.7622325303075586E-04
  0.2269407903997747E+01  0.7312871700377045E-04
  0.2269757253469289E+01  0.7041768482263954E-04
  0.2270106602940831E+01  0.6817565856473172E-04
  0.2270455952412373E+01  0.6593363230682392E-04
  0.2270805301883915E+01  0.6449780512963739E-04
  0.2271154651355457E+01  0.6362829066650407E-04
  0.2271504000826999E+01  0.6275877620337077E-04
  0.2271853350298541E+01  0.6108389180930231E-04
  0.2272202699770082E+01  0.5910340943198162E-04
  0.2272552049241624E+01  0.5712292705466094E-04
  0.2272901398713166E+01  0.5499558209091045E-04
  0.2273250748184708E+01  0.5284481698214618E-04
  0.2273949447127792E+01  0.0000000000000000E+00
