  1000 NIRCAM_F140M        
  0.1275349975585937E+01  0.1545620245856208E+01  0.2422616133532651E+02  0.1079331820216787E+01  0.3126161335326508E+01  0.2039555209376663E-09  0.1343591574943033E+04  0.1402379163309420E+01  0.9238410512427665E-18  0.1405323324735055E+01
  0.1407447365555118E+01  0.1404614602159917E+01  0.1406032404908417E+01  0.1403809572011236E+01  0.1406423017324210E+01  0.2785655075124169E+00  0.1477562851279168E+00  0.1425155715680664E+00  0.1331315397562468E+01  0.1479071682690385E+01
  0.6090797177771498E+00  0.1425155715680664E+01  0.4336276419457338E-01  0.1422021727004962E-16  0.9132159257382676E-20  0.2539999961853027E+06  0.2587240497311217E+02  0.2695173831920788E+02  0.2899856630843868E+02
  0.1275349975585937E+01  0.0000000000000000E+00
  0.1275620245856208E+01  0.4722636727768052E-04
  0.1275890516126478E+01  0.4900245222849200E-04
  0.1276160786396748E+01  0.5077853717930494E-04
  0.1276431056667019E+01  0.5271419107539257E-04
  0.1276701326937289E+01  0.5502217251046039E-04
  0.1276971597207559E+01  0.5733015394552632E-04
  0.1277241867477829E+01  0.5963813538059414E-04
  0.1277512137748100E+01  0.6146500852773987E-04
  0.1277782408018370E+01  0.6297114281627361E-04
  0.1278052678288640E+01  0.6447727710480611E-04
  0.1278322948558910E+01  0.6598341139333985E-04
  0.1278593218829181E+01  0.6892542382484990E-04
  0.1278863489099451E+01  0.7202697827224917E-04
  0.1279133759369721E+01  0.7512853271964591E-04
  0.1279404029639992E+01  0.7807675348000296E-04
  0.1279674299910262E+01  0.8041163949218985E-04
  0.1279944570180532E+01  0.8274652550437864E-04
  0.1280214840450802E+01  0.8508141151656553E-04
  0.1280485110721073E+01  0.8778808176077872E-04
  0.1280755380991343E+01  0.9086653623701442E-04
  0.1281025651261613E+01  0.9394499071325263E-04
  0.1281295921531883E+01  0.9702344518948831E-04
  0.1281566191802154E+01  0.1002922086036373E-03
  0.1281836462072424E+01  0.1036085492522613E-03
  0.1282106732342694E+01  0.1069248899008881E-03
  0.1282377002612964E+01  0.1104841530636975E-03
  0.1282647272883235E+01  0.1162297188541968E-03
  0.1282917543153505E+01  0.1219752846446914E-03
  0.1283187813423775E+01  0.1277208504351907E-03
  0.1283458083694045E+01  0.1325916007665940E-03
  0.1283728353964316E+01  0.1361501279093624E-03
  0.1283998624234586E+01  0.1397086550521280E-03
  0.1284268894504856E+01  0.1432671821948965E-03
  0.1284539164775127E+01  0.1480422711834474E-03
  0.1284809435045397E+01  0.1533387438201978E-03
  0.1285079705315667E+01  0.1586352164569437E-03
  0.1285349975585937E+01  0.1639316890936940E-03
  0.1285620245856208E+01  0.1694422221922696E-03
  0.1285890516126478E+01  0.1749527552908499E-03
  0.1286160786396748E+01  0.1804632883894301E-03
  0.1286431056667019E+01  0.1872355726762386E-03
  0.1286701326937289E+01  0.1969519430689365E-03
  0.1286971597207559E+01  0.2066683134616264E-03
  0.1287241867477829E+01  0.2163846838543242E-03
  0.1287512137748100E+01  0.2254374339758520E-03
  0.1287782408018370E+01  0.2340477705832791E-03
  0.1288052678288640E+01  0.2426581071906992E-03
  0.1288322948558910E+01  0.2512684437981264E-03
  0.1288593218829181E+01  0.2616942700649555E-03
  0.1288863489099451E+01  0.2723218174050614E-03
  0.1289133759369721E+01  0.2829493647451586E-03
  0.1289404029639992E+01  0.2948376516930406E-03
  0.1289674299910262E+01  0.3117688970720080E-03
  0.1289944570180532E+01  0.3287001424509892E-03
  0.1290214840450802E+01  0.3456313878299565E-03
  0.1290485110721073E+01  0.3608173125648553E-03
  0.1290755380991343E+01  0.3742579166556577E-03
  0.1291025651261613E+01  0.3876985207464711E-03
  0.1291295921531883E+01  0.4011391248372736E-03
  0.1291566191802154E+01  0.4217373962599403E-03
  0.1291836462072424E+01  0.4441250845155537E-03
  0.1292106732342694E+01  0.4665127727711855E-03
  0.1292377002612964E+01  0.4885193869489378E-03
  0.1292647272883235E+01  0.5070963344259303E-03
  0.1292917543153505E+01  0.5256732819029074E-03
  0.1293187813423775E+01  0.5442502293798999E-03
  0.1293458083694045E+01  0.5681076631928257E-03
  0.1293728353964316E+01  0.5998858265097065E-03
  0.1293998624234586E+01  0.6316639898265611E-03
  0.1294268894504856E+01  0.6634421531434418E-03
  0.1294539164775127E+01  0.7015388577549861E-03
  0.1294809435045397E+01  0.7423435086357231E-03
  0.1295079705315667E+01  0.7831481595164265E-03
  0.1295349975585937E+01  0.8239528103971635E-03
  0.1295620245856208E+01  0.8716874001808575E-03
  0.1295890516126478E+01  0.9194219899645907E-03
  0.1296160786396748E+01  0.9671565797482846E-03
  0.1296431056667019E+01  0.1017985463548156E-02
  0.1296701326937289E+01  0.1076034366718987E-02
  0.1296971597207559E+01  0.1134083269889866E-02
  0.1297241867477829E+01  0.1192132173060745E-02
  0.1297512137748100E+01  0.1256516523022264E-02
  0.1297782408018370E+01  0.1325124504177628E-02
  0.1298052678288640E+01  0.1393732485332937E-02
  0.1298322948558911E+01  0.1462340466488301E-02
  0.1298593218829181E+01  0.1550308645203638E-02
  0.1298863489099451E+01  0.1640427956981278E-02
  0.1299133759369721E+01  0.1730547268758844E-02
  0.1299404029639992E+01  0.1823336697503841E-02
  0.1299674299910262E+01  0.1926806594118166E-02
  0.1299944570180532E+01  0.2030276490732577E-02
  0.1300214840450802E+01  0.2133746387346903E-02
  0.1300485110721073E+01  0.2255086066482056E-02
  0.1300755380991343E+01  0.2394295528137866E-02
  0.1301025651261613E+01  0.2533504989793791E-02
  0.1301295921531883E+01  0.2672714451449603E-02
  0.1301566191802154E+01  0.2822607683156334E-02
  0.1301836462072424E+01  0.2975171857375644E-02
  0.1302106732342694E+01  0.3127736031595081E-02
  0.1302377002612964E+01  0.3285122266905834E-02
  0.1302647272883235E+01  0.3485907052040064E-02
  0.1302917543153505E+01  0.3686691837174128E-02
  0.1303187813423775E+01  0.3887476622308356E-02
  0.1303458083694045E+01  0.4106085464532685E-02
  0.1303728353964316E+01  0.4351430392392629E-02
  0.1303998624234586E+01  0.4596775320252372E-02
  0.1304268894504856E+01  0.4842120248112317E-02
  0.1304539164775127E+01  0.5055030803336101E-02
  0.1304809435045397E+01  0.5254040913144605E-02
  0.1305079705315667E+01  0.5453051022952944E-02
  0.1305349975585937E+01  0.5652061132761447E-02
  0.1305620245856208E+01  0.6029729445771226E-02
  0.1305890516126478E+01  0.6407397758781316E-02
  0.1306160786396748E+01  0.6785066071791097E-02
  0.1306431056667019E+01  0.7145825961782112E-02
  0.1306701326937289E+01  0.7467132864728244E-02
  0.1306971597207559E+01  0.7788439767674642E-02
  0.1307241867477829E+01  0.8109746670620775E-02
  0.1307512137748100E+01  0.8412146210373716E-02
  0.1307782408018370E+01  0.8701940841330764E-02
  0.1308052678288640E+01  0.8991735472288050E-02
  0.1308322948558911E+01  0.9281530103245336E-02
  0.1308593218829181E+01  0.9618854445107822E-02
  0.1308863489099451E+01  0.9961459865960094E-02
  0.1309133759369721E+01  0.1030406528681209E-01
  0.1309404029639992E+01  0.1064226414328088E-01
  0.1309674299910262E+01  0.1096283674221552E-01
  0.1309944570180532E+01  0.1128340934115042E-01
  0.1310214840450802E+01  0.1160398194008506E-01
  0.1310485110721073E+01  0.1198333405746473E-01
  0.1310755380991343E+01  0.1242146569328890E-01
  0.1311025651261613E+01  0.1285959732911343E-01
  0.1311295921531883E+01  0.1329772896493760E-01
  0.1311566191802154E+01  0.1350933790667024E-01
  0.1311836462072424E+01  0.1366431617487972E-01
  0.1312106732342694E+01  0.1381929444308933E-01
  0.1312377002612964E+01  0.1402167701162580E-01
  0.1312647272883235E+01  0.1465069828310874E-01
  0.1312917543153505E+01  0.1527971955459118E-01
  0.1313187813423775E+01  0.1590874082607412E-01
  0.1313458083694045E+01  0.1647302899283772E-01
  0.1313728353964316E+01  0.1694021750252338E-01
  0.1313998624234586E+01  0.1740740601220865E-01
  0.1314268894504856E+01  0.1787459452189432E-01
  0.1314539164775127E+01  0.1854178643138225E-01
  0.1314809435045397E+01  0.1929469408364358E-01
  0.1315079705315667E+01  0.2004760173590429E-01
  0.1315349975585937E+01  0.2080050938816561E-01
  0.1315620245856208E+01  0.2147328002062575E-01
  0.1315890516126478E+01  0.2214605065308643E-01
  0.1316160786396748E+01  0.2281882128554657E-01
  0.1316431056667019E+01  0.2357433468171975E-01
  0.1316701326937289E+01  0.2452291452655516E-01
  0.1316971597207559E+01  0.2547149437139136E-01
  0.1317241867477829E+01  0.2642007421622678E-01
  0.1317512137748100E+01  0.2743535277708508E-01
  0.1317782408018370E+01  0.2849509714862397E-01
  0.1318052678288640E+01  0.2955484152016374E-01
  0.1318322948558910E+01  0.3061458589170262E-01
  0.1318593218829181E+01  0.3204688321797448E-01
  0.1318863489099451E+01  0.3352057531699477E-01
  0.1319133759369721E+01  0.3499426741601385E-01
  0.1319404029639992E+01  0.3642988824602015E-01
  0.1319674299910262E+01  0.3771322399996961E-01
  0.1319944570180532E+01  0.3899655975392013E-01
  0.1320214840450802E+01  0.4027989550786958E-01
  0.1320485110721073E+01  0.4190883075336618E-01
  0.1320755380991343E+01  0.4388336549040778E-01
  0.1321025651261613E+01  0.4585790022745100E-01
  0.1321295921531883E+01  0.4783243496449260E-01
  0.1321566191802154E+01  0.4976402467402391E-01
  0.1321836462072424E+01  0.5168487812667564E-01
  0.1322106732342694E+01  0.5360573157932895E-01
  0.1322377002612964E+01  0.5564671357839031E-01
  0.1322647272883235E+01  0.5876885249514872E-01
  0.1322917543153505E+01  0.6189099141190457E-01
  0.1323187813423775E+01  0.6501313032866299E-01
  0.1323458083694045E+01  0.6772206547583798E-01
  0.1323728353964316E+01  0.6981119496864296E-01
  0.1323998624234586E+01  0.7190032446144624E-01
  0.1324268894504856E+01  0.7398945395425123E-01
  0.1324539164775127E+01  0.7736252377363662E-01
  0.1324809435045397E+01  0.8128585373299027E-01
  0.1325079705315667E+01  0.8520918369234071E-01
  0.1325349975585937E+01  0.8913251365169438E-01
  0.1325620245856208E+01  0.9287546250308454E-01
  0.1325890516126478E+01  0.9661841135447777E-01
  0.1326160786396748E+01  0.1003613602058679E+00
  0.1326431056667019E+01  0.1044511446271891E+00
  0.1326701326937289E+01  0.1093502120450069E+00
  0.1326971597207559E+01  0.1142492794628287E+00
  0.1327241867477829E+01  0.1191483468806465E+00
  0.1327512137748100E+01  0.1246950150145500E+00
  0.1327782408018370E+01  0.1306734169591704E+00
  0.1328052678288640E+01  0.1366518189037957E+00
  0.1328322948558910E+01  0.1426302208484160E+00
  0.1328593218829181E+01  0.1484367976795777E+00
  0.1328863489099451E+01  0.1542242828314608E+00
  0.1329133759369721E+01  0.1600117679833485E+00
  0.1329404029639992E+01  0.1660504717547000E+00
  0.1329674299910262E+01  0.1730940500038993E+00
  0.1329944570180532E+01  0.1801376282530985E+00
  0.1330214840450802E+01  0.1871812065023036E+00
  0.1330485110721073E+01  0.1938978268695504E+00
  0.1330755380991343E+01  0.2002874893548330E+00
  0.1331025651261613E+01  0.2066771518401209E+00
  0.1331295921531883E+01  0.2130668143254036E+00
  0.1331566191802154E+01  0.2216985843496557E+00
  0.1331836462072424E+01  0.2308908812586419E+00
  0.1332106732342694E+01  0.2400831781676356E+00
  0.1332377002612964E+01  0.2491281016794324E+00
  0.1332647272883235E+01  0.2568466646165216E+00
  0.1332917543153505E+01  0.2645652275536044E+00
  0.1333187813423775E+01  0.2722837904906936E+00
  0.1333458083694046E+01  0.2800699702289337E+00
  0.1333728353964316E+01  0.2879575751689161E+00
  0.1333998624234586E+01  0.2958451801088922E+00
  0.1334268894504856E+01  0.3037327850488747E+00
  0.1334539164775127E+01  0.3099275599423383E+00
  0.1334809435045397E+01  0.3153968362444423E+00
  0.1335079705315667E+01  0.3208661125465418E+00
  0.1335349975585937E+01  0.3263353888486458E+00
  0.1335620245856208E+01  0.3312465832216882E+00
  0.1335890516126478E+01  0.3361577775947348E+00
  0.1336160786396748E+01  0.3410689719677773E+00
  0.1336431056667019E+01  0.3464132328659810E+00
  0.1336701326937289E+01  0.3527679823228822E+00
  0.1336971597207559E+01  0.3591227317797887E+00
  0.1337241867477829E+01  0.3654774812366900E+00
  0.1337512137748100E+01  0.3682717164072518E+00
  0.1337782408018370E+01  0.3686922753869137E+00
  0.1338052678288640E+01  0.3691128343665759E+00
  0.1338322948558910E+01  0.3695333933462377E+00
  0.1338593218829181E+01  0.3736643415970410E+00
  0.1338863489099451E+01  0.3782075553224158E+00
  0.1339133759369721E+01  0.3827507690477944E+00
  0.1339404029639991E+01  0.3864019986941882E+00
  0.1339674299910262E+01  0.3864852920246472E+00
  0.1339944570180532E+01  0.3865685853551062E+00
  0.1340214840450802E+01  0.3866518786855650E+00
  0.1340485110721072E+01  0.3869484614692291E+00
  0.1340755380991343E+01  0.3874583337060996E+00
  0.1341025651261613E+01  0.3879682059429700E+00
  0.1341295921531883E+01  0.3884780781798400E+00
  0.1341566191802154E+01  0.3900586955467839E+00
  0.1341836462072424E+01  0.3919069991962449E+00
  0.1342106732342694E+01  0.3937553028457075E+00
  0.1342377002612964E+01  0.3952484064981995E+00
  0.1342647272883235E+01  0.3935447101779466E+00
  0.1342917543153505E+01  0.3918410138576951E+00
  0.1343187813423775E+01  0.3901373175374421E+00
  0.1343458083694046E+01  0.3894592279740134E+00
  0.1343728353964316E+01  0.3903195485458206E+00
  0.1343998624234586E+01  0.3911798691176272E+00
  0.1344268894504856E+01  0.3920401896894344E+00
  0.1344539164775127E+01  0.3927715534124899E+00
  0.1344809435045397E+01  0.3934476499146524E+00
  0.1345079705315667E+01  0.3941237464168145E+00
  0.1345349975585937E+01  0.3947998429189770E+00
  0.1345620245856208E+01  0.3947807676950969E+00
  0.1345890516126478E+01  0.3947616924712169E+00
  0.1346160786396748E+01  0.3947426172473368E+00
  0.1346431056667019E+01  0.3944869339414784E+00
  0.1346701326937289E+01  0.3936791651110029E+00
  0.1346971597207559E+01  0.3928713962805268E+00
  0.1347241867477829E+01  0.3920636274500512E+00
  0.1347512137748100E+01  0.3932182376681324E+00
  0.1347782408018370E+01  0.3956811005852514E+00
  0.1348052678288640E+01  0.3981439635023726E+00
  0.1348322948558910E+01  0.4006068264194916E+00
  0.1348593218829181E+01  0.3991538620917197E+00
  0.1348863489099451E+01  0.3972658058478457E+00
  0.1349133759369721E+01  0.3953777496039702E+00
  0.1349404029639991E+01  0.3943144917211882E+00
  0.1349674299910262E+01  0.3965504272827858E+00
  0.1349944570180532E+01  0.3987863628443816E+00
  0.1350214840450802E+01  0.4010222984059792E+00
  0.1350485110721072E+01  0.4010772353288409E+00
  0.1350755380991343E+01  0.3989511736129669E+00
  0.1351025651261613E+01  0.3968251118970947E+00
  0.1351295921531883E+01  0.3946990501812206E+00
  0.1351566191802154E+01  0.3954371917835574E+00
  0.1351836462072424E+01  0.3968913842154463E+00
  0.1352106732342694E+01  0.3983455766473366E+00
  0.1352377002612964E+01  0.3995799228130301E+00
  0.1352647272883235E+01  0.3988356525829669E+00
  0.1352917543153505E+01  0.3980913823529043E+00
  0.1353187813423775E+01  0.3973471121228411E+00
  0.1353458083694046E+01  0.3964326438967287E+00
  0.1353728353964316E+01  0.3952628786765401E+00
  0.1353998624234586E+01  0.3940931134563523E+00
  0.1354268894504856E+01  0.3929233482361638E+00
  0.1354539164775127E+01  0.3940107837663598E+00
  0.1354809435045397E+01  0.3960655910467204E+00
  0.1355079705315667E+01  0.3981203983270793E+00
  0.1355349975585938E+01  0.4001752056074399E+00
  0.1355620245856208E+01  0.3994831149040200E+00
  0.1355890516126478E+01  0.3987910242005996E+00
  0.1356160786396748E+01  0.3980989334971797E+00
  0.1356431056667019E+01  0.3974439449441693E+00
  0.1356701326937289E+01  0.3968755280754497E+00
  0.1356971597207559E+01  0.3963071112067295E+00
  0.1357241867477829E+01  0.3957386943380097E+00
  0.1357512137748100E+01  0.3956726797497827E+00
  0.1357782408018370E+01  0.3959416000152182E+00
  0.1358052678288640E+01  0.3962105202806538E+00
  0.1358322948558910E+01  0.3964794405460892E+00
  0.1358593218829181E+01  0.3950938282211847E+00
  0.1358863489099451E+01  0.3935243789417989E+00
  0.1359133759369721E+01  0.3919549296624120E+00
  0.1359404029639991E+01  0.3912202008426892E+00
  0.1359674299910262E+01  0.3938243538616302E+00
  0.1359944570180532E+01  0.3964285068805691E+00
  0.1360214840450802E+01  0.3990326598995100E+00
  0.1360485110721072E+01  0.4001798889175793E+00
  0.1360755380991343E+01  0.3998701939347787E+00
  0.1361025651261613E+01  0.3995604989519785E+00
  0.1361295921531883E+01  0.3992508039691779E+00
  0.1361566191802154E+01  0.3982166354261805E+00
  0.1361836462072424E+01  0.3970013484931322E+00
  0.1362106732342694E+01  0.3957860615600840E+00
  0.1362377002612964E+01  0.3946903435411203E+00
  0.1362647272883235E+01  0.3946707457489061E+00
  0.1362917543153505E+01  0.3946511479566920E+00
  0.1363187813423775E+01  0.3946315501644777E+00
  0.1363458083694046E+01  0.3949688291300064E+00
  0.1363728353964316E+01  0.3958414232321502E+00
  0.1363998624234586E+01  0.3967140173342933E+00
  0.1364268894504856E+01  0.3975866114364371E+00
  0.1364539164775127E+01  0.3979362046212247E+00
  0.1364809435045397E+01  0.3980616545557175E+00
  0.1365079705315667E+01  0.3981871044902102E+00
  0.1365349975585938E+01  0.3983125544247029E+00
  0.1365620245856208E+01  0.3976117679167681E+00
  0.1365890516126478E+01  0.3969109814088327E+00
  0.1366160786396748E+01  0.3962101949008978E+00
  0.1366431056667019E+01  0.3961384326913809E+00
  0.1366701326937289E+01  0.3975343938448377E+00
  0.1366971597207559E+01  0.3989303549982956E+00
  0.1367241867477829E+01  0.4003263161517523E+00
  0.1367512137748100E+01  0.3998029498188567E+00
  0.1367782408018370E+01  0.3980000318283917E+00
  0.1368052678288640E+01  0.3961971138379251E+00
  0.1368322948558910E+01  0.3943941958474602E+00
  0.1368593218829181E+01  0.3949802908062132E+00
  0.1368863489099451E+01  0.3958318316482125E+00
  0.1369133759369721E+01  0.3966833724902123E+00
  0.1369404029639991E+01  0.3973994878234641E+00
  0.1369674299910262E+01  0.3975739011217244E+00
  0.1369944570180532E+01  0.3977483144199845E+00
  0.1370214840450802E+01  0.3979227277182448E+00
  0.1370485110721072E+01  0.3975523794155806E+00
  0.1370755380991343E+01  0.3966372695119916E+00
  0.1371025651261613E+01  0.3957221596084033E+00
  0.1371295921531883E+01  0.3948070497048142E+00
  0.1371566191802154E+01  0.3948072728026073E+00
  0.1371836462072424E+01  0.3950363291507463E+00
  0.1372106732342694E+01  0.3952653854988850E+00
  0.1372377002612964E+01  0.3955374298899076E+00
  0.1372647272883235E+01  0.3961963666668825E+00
  0.1372917543153505E+01  0.3968553034438567E+00
  0.1373187813423775E+01  0.3975142402208309E+00
  0.1373458083694046E+01  0.3972062702086137E+00
  0.1373728353964316E+01  0.3954479400126054E+00
  0.1373998624234586E+01  0.3936896098165984E+00
  0.1374268894504856E+01  0.3919312796205900E+00
  0.1374539164775127E+01  0.3919883816977348E+00
  0.1374809435045397E+01  0.3928235261776584E+00
  0.1375079705315667E+01  0.3936586706575813E+00
  0.1375349975585938E+01  0.3944938151375049E+00
  0.1375620245856208E+01  0.3932105260306824E+00
  0.1375890516126478E+01  0.3919272369238586E+00
  0.1376160786396748E+01  0.3906439478170360E+00
  0.1376431056667019E+01  0.3894964620447369E+00
  0.1376701326937289E+01  0.3886658507196621E+00
  0.1376971597207559E+01  0.3878352393945866E+00
  0.1377241867477829E+01  0.3870046280695117E+00
  0.1377512137748100E+01  0.3869935895205561E+00
  0.1377782408018370E+01  0.3875289328223472E+00
  0.1378052678288640E+01  0.3880642761241388E+00
  0.1378322948558910E+01  0.3885996194259299E+00
  0.1378593218829181E+01  0.3878336205943207E+00
  0.1378863489099451E+01  0.3869230281923343E+00
  0.1379133759369721E+01  0.3860124357903472E+00
  0.1379404029639991E+01  0.3852362396185290E+00
  0.1379674299910262E+01  0.3849976283673857E+00
  0.1379944570180532E+01  0.3847590171162425E+00
  0.1380214840450802E+01  0.3845204058650991E+00
  0.1380485110721072E+01  0.3843958962648025E+00
  0.1380755380991343E+01  0.3843854883153522E+00
  0.1381025651261613E+01  0.3843750803659020E+00
  0.1381295921531883E+01  0.3843646724164518E+00
  0.1381566191802154E+01  0.3834269384497873E+00
  0.1381836462072424E+01  0.3822573729788177E+00
  0.1382106732342694E+01  0.3810878075078490E+00
  0.1382377002612964E+01  0.3800626219631962E+00
  0.1382647272883235E+01  0.3803368557553927E+00
  0.1382917543153505E+01  0.3806110895475893E+00
  0.1383187813423775E+01  0.3808853233397858E+00
  0.1383458083694046E+01  0.3812911193792498E+00
  0.1383728353964316E+01  0.3818942587896147E+00
  0.1383998624234586E+01  0.3824973981999800E+00
  0.1384268894504856E+01  0.3831005376103455E+00
  0.1384539164775127E+01  0.3819260299345093E+00
  0.1384809435045397E+01  0.3799896735074438E+00
  0.1385079705315667E+01  0.3780533170803798E+00
  0.1385349975585938E+01  0.3761169606533143E+00
  0.1385620245856208E+01  0.3787847107710662E+00
  0.1385890516126478E+01  0.3814524608888203E+00
  0.1386160786396748E+01  0.3841202110065722E+00
  0.1386431056667019E+01  0.3854162765351987E+00
  0.1386701326937289E+01  0.3835117446891994E+00
  0.1386971597207559E+01  0.3816072128431985E+00
  0.1387241867477829E+01  0.3797026809971992E+00
  0.1387512137748100E+01  0.3790128292524887E+00
  0.1387782408018370E+01  0.3791327642419730E+00
  0.1388052678288640E+01  0.3792526992314572E+00
  0.1388322948558910E+01  0.3793726342209414E+00
  0.1388593218829181E+01  0.3791747172680382E+00
  0.1388863489099451E+01  0.3789414834326477E+00
  0.1389133759369721E+01  0.3787082495972570E+00
  0.1389404029639991E+01  0.3787709456540936E+00
  0.1389674299910262E+01  0.3800173612798435E+00
  0.1389944570180532E+01  0.3812637769055923E+00
  0.1390214840450802E+01  0.3825101925313422E+00
  0.1390485110721073E+01  0.3823196540947289E+00
  0.1390755380991343E+01  0.3806921615957522E+00
  0.1391025651261613E+01  0.3790646690967767E+00
  0.1391295921531883E+01  0.3774371765978000E+00
  0.1391566191802154E+01  0.3784947639359145E+00
  0.1391836462072424E+01  0.3802236212333042E+00
  0.1392106732342694E+01  0.3819524785306926E+00
  0.1392377002612964E+01  0.3834227313317105E+00
  0.1392647272883235E+01  0.3825655436653845E+00
  0.1392917543153505E+01  0.3817083559990578E+00
  0.1393187813423775E+01  0.3808511683327319E+00
  0.1393458083694046E+01  0.3804276994166551E+00
  0.1393728353964316E+01  0.3806548086259542E+00
  0.1393998624234586E+01  0.3808819178352535E+00
  0.1394268894504856E+01  0.3811090270445526E+00
  0.1394539164775127E+01  0.3809747471172856E+00
  0.1394809435045397E+01  0.3806855861314902E+00
  0.1395079705315667E+01  0.3803964251456949E+00
  0.1395349975585937E+01  0.3801072641598998E+00
  0.1395620245856208E+01  0.3796854241497154E+00
  0.1395890516126478E+01  0.3792635841395310E+00
  0.1396160786396748E+01  0.3788417441293469E+00
  0.1396431056667019E+01  0.3786778658654210E+00
  0.1396701326937289E+01  0.3791158983427636E+00
  0.1396971597207559E+01  0.3795539308201066E+00
  0.1397241867477829E+01  0.3799919632974492E+00
  0.1397512137748100E+01  0.3817389772236719E+00
  0.1397782408018370E+01  0.3843586454491467E+00
  0.1398052678288640E+01  0.3869783136746238E+00
  0.1398322948558910E+01  0.3895979819000985E+00
  0.1398593218829181E+01  0.3884195870057244E+00
  0.1398863489099451E+01  0.3868191850980345E+00
  0.1399133759369721E+01  0.3852187831903433E+00
  0.1399404029639991E+01  0.3839383326087666E+00
  0.1399674299910262E+01  0.3839376873316466E+00
  0.1399944570180532E+01  0.3839370420545267E+00
  0.1400214840450802E+01  0.3839363967774068E+00
  0.1400485110721073E+01  0.3840909657664467E+00
  0.1400755380991343E+01  0.3844007490216468E+00
  0.1401025651261613E+01  0.3847105322768466E+00
  0.1401295921531883E+01  0.3850203155320466E+00
  0.1401566191802154E+01  0.3854034868724278E+00
  0.1401836462072424E+01  0.3858050052341044E+00
  0.1402106732342694E+01  0.3862065235957809E+00
  0.1402377002612964E+01  0.3866420464242431E+00
  0.1402647272883235E+01  0.3873836094537731E+00
  0.1402917543153505E+01  0.3881251724833038E+00
  0.1403187813423775E+01  0.3888667355128338E+00
  0.1403458083694046E+01  0.3898030798331674E+00
  0.1403728353964316E+01  0.3910315960897048E+00
  0.1403998624234586E+01  0.3922601123462433E+00
  0.1404268894504856E+01  0.3934886286027818E+00
  0.1404539164775127E+01  0.3937961881140221E+00
  0.1404809435045397E+01  0.3937090518772784E+00
  0.1405079705315667E+01  0.3936219156405348E+00
  0.1405349975585938E+01  0.3935347794037911E+00
  0.1405620245856208E+01  0.3925896116887559E+00
  0.1405890516126478E+01  0.3916444439737207E+00
  0.1406160786396748E+01  0.3906992762586847E+00
  0.1406431056667019E+01  0.3905440087317034E+00
  0.1406701326937289E+01  0.3922318416435127E+00
  0.1406971597207559E+01  0.3939196745553232E+00
  0.1407241867477829E+01  0.3956075074671325E+00
  0.1407512137748100E+01  0.3964376297976265E+00
  0.1407782408018370E+01  0.3966959450739085E+00
  0.1408052678288640E+01  0.3969542603501907E+00
  0.1408322948558910E+01  0.3972125756264726E+00
  0.1408593218829181E+01  0.3971916406141353E+00
  0.1408863489099451E+01  0.3971396777919514E+00
  0.1409133759369721E+01  0.3970877149697675E+00
  0.1409404029639991E+01  0.3973027574459687E+00
  0.1409674299910262E+01  0.3985858211157147E+00
  0.1409944570180532E+01  0.3998688847854597E+00
  0.1410214840450802E+01  0.4011519484552059E+00
  0.1410485110721073E+01  0.4015770183597789E+00
  0.1410755380991343E+01  0.4011440944991796E+00
  0.1411025651261613E+01  0.4007111706385806E+00
  0.1411295921531883E+01  0.4002782467779814E+00
  0.1411566191802154E+01  0.4004782722061658E+00
  0.1411836462072424E+01  0.4008365349565465E+00
  0.1412106732342694E+01  0.4011947977069271E+00
  0.1412377002612965E+01  0.4016152197880857E+00
  0.1412647272883235E+01  0.4025950758462425E+00
  0.1412917543153505E+01  0.4035749319044002E+00
  0.1413187813423775E+01  0.4045547879625569E+00
  0.1413458083694046E+01  0.4044149059051624E+00
  0.1413728353964316E+01  0.4025954166744374E+00
  0.1413998624234586E+01  0.4007759274437109E+00
  0.1414268894504856E+01  0.3989564382129860E+00
  0.1414539164775127E+01  0.4001407612321410E+00
  0.1414809435045397E+01  0.4026124323583877E+00
  0.1415079705315667E+01  0.4050841034846364E+00
  0.1415349975585937E+01  0.4075557746108832E+00
  0.1415620245856208E+01  0.4074891864172212E+00
  0.1415890516126478E+01  0.4074225982235572E+00
  0.1416160786396748E+01  0.4073560100298932E+00
  0.1416431056667018E+01  0.4074068065325886E+00
  0.1416701326937289E+01  0.4077315006601229E+00
  0.1416971597207559E+01  0.4080561947876573E+00
  0.1417241867477829E+01  0.4083808889151914E+00
  0.1417512137748099E+01  0.4088509704129564E+00
  0.1417782408018370E+01  0.4094179768242094E+00
  0.1418052678288640E+01  0.4099849832354625E+00
  0.1418322948558910E+01  0.4105519896467151E+00
  0.1418593218829181E+01  0.4103882825018491E+00
  0.1418863489099451E+01  0.4101433849618590E+00
  0.1419133759369721E+01  0.4098984874218687E+00
  0.1419404029639991E+01  0.4094857703013419E+00
  0.1419674299910262E+01  0.4084017748586650E+00
  0.1419944570180532E+01  0.4073177794159891E+00
  0.1420214840450802E+01  0.4062337839733123E+00
  0.1420485110721073E+01  0.4069459669358251E+00
  0.1420755380991343E+01  0.4094543283035287E+00
  0.1421025651261613E+01  0.4119626896712302E+00
  0.1421295921531883E+01  0.4144710510389337E+00
  0.1421566191802154E+01  0.4138289866592963E+00
  0.1421836462072424E+01  0.4123993158428214E+00
  0.1422106732342694E+01  0.4109696450263478E+00
  0.1422377002612965E+01  0.4097713523546734E+00
  0.1422647272883235E+01  0.4106554629862016E+00
  0.1422917543153505E+01  0.4115395736177304E+00
  0.1423187813423775E+01  0.4124236842492586E+00
  0.1423458083694046E+01  0.4129433763390434E+00
  0.1423728353964316E+01  0.4129164406162113E+00
  0.1423998624234586E+01  0.4128895048933791E+00
  0.1424268894504856E+01  0.4128625691705469E+00
  0.1424539164775127E+01  0.4127194061612086E+00
  0.1424809435045397E+01  0.4125264314576534E+00
  0.1425079705315667E+01  0.4123334567540982E+00
  0.1425349975585937E+01  0.4121404820505430E+00
  0.1425620245856208E+01  0.4128777037705030E+00
  0.1425890516126478E+01  0.4136149254904631E+00
  0.1426160786396748E+01  0.4143521472104238E+00
  0.1426431056667019E+01  0.4146309099217645E+00
  0.1426701326937289E+01  0.4138399349463271E+00
  0.1426971597207559E+01  0.4130489599708896E+00
  0.1427241867477829E+01  0.4122579849954515E+00
  0.1427512137748100E+01  0.4117426082476831E+00
  0.1427782408018370E+01  0.4114109636516949E+00
  0.1428052678288640E+01  0.4110793190557067E+00
  0.1428322948558910E+01  0.4107476744597183E+00
  0.1428593218829181E+01  0.4112397928110166E+00
  0.1428863489099451E+01  0.4118234403786799E+00
  0.1429133759369721E+01  0.4124070879463435E+00
  0.1429404029639991E+01  0.4131119513456892E+00
  0.1429674299910262E+01  0.4143016780717669E+00
  0.1429944570180532E+01  0.4154914047978438E+00
  0.1430214840450802E+01  0.4166811315239216E+00
  0.1430485110721073E+01  0.4170026018802447E+00
  0.1430755380991343E+01  0.4164558158668138E+00
  0.1431025651261613E+01  0.4159090298533832E+00
  0.1431295921531883E+01  0.4153622438399522E+00
  0.1431566191802154E+01  0.4145833055205534E+00
  0.1431836462072424E+01  0.4137463291246618E+00
  0.1432106732342694E+01  0.4129093527287708E+00
  0.1432377002612965E+01  0.4121585995038835E+00
  0.1432647272883235E+01  0.4121838548180337E+00
  0.1432917543153505E+01  0.4122091101321839E+00
  0.1433187813423775E+01  0.4122343654463340E+00
  0.1433458083694046E+01  0.4122239962358693E+00
  0.1433728353964316E+01  0.4121601902384820E+00
  0.1433998624234586E+01  0.4120963842410947E+00
  0.1434268894504856E+01  0.4120325782437075E+00
  0.1434539164775127E+01  0.4119274913014978E+00
  0.1434809435045397E+01  0.4118047125257929E+00
  0.1435079705315667E+01  0.4116819337500878E+00
  0.1435349975585937E+01  0.4115591549743830E+00
  0.1435620245856208E+01  0.4113865065036163E+00
  0.1435890516126478E+01  0.4112138580328498E+00
  0.1436160786396748E+01  0.4110412095620831E+00
  0.1436431056667018E+01  0.4109343714648983E+00
  0.1436701326937289E+01  0.4109810909060713E+00
  0.1436971597207559E+01  0.4110278103472443E+00
  0.1437241867477829E+01  0.4110745297884172E+00
  0.1437512137748099E+01  0.4111349717780416E+00
  0.1437782408018370E+01  0.4112045621333001E+00
  0.1438052678288640E+01  0.4112741524885588E+00
  0.1438322948558910E+01  0.4113437428438173E+00
  0.1438593218829181E+01  0.4111707016851064E+00
  0.1438863489099451E+01  0.4109707014692875E+00
  0.1439133759369721E+01  0.4107707012534687E+00
  0.1439404029639991E+01  0.4107463703086693E+00
  0.1439674299910262E+01  0.4114247164479493E+00
  0.1439944570180532E+01  0.4121030625872289E+00
  0.1440214840450802E+01  0.4127814087265090E+00
  0.1440485110721073E+01  0.4128069750861115E+00
  0.1440755380991343E+01  0.4121797616660366E+00
  0.1441025651261613E+01  0.4115525482459622E+00
  0.1441295921531883E+01  0.4109253348258872E+00
  0.1441566191802154E+01  0.4107119655527714E+00
  0.1441836462072424E+01  0.4106020573163952E+00
  0.1442106732342694E+01  0.4104921490800192E+00
  0.1442377002612965E+01  0.4104824827982164E+00
  0.1442647272883235E+01  0.4113749941075714E+00
  0.1442917543153505E+01  0.4122675054169272E+00
  0.1443187813423775E+01  0.4131600167262823E+00
  0.1443458083694046E+01  0.4135211173443625E+00
  0.1443728353964316E+01  0.4130851019255283E+00
  0.1443998624234586E+01  0.4126490865066935E+00
  0.1444268894504856E+01  0.4122130710878592E+00
  0.1444539164775127E+01  0.4124047698841254E+00
  0.1444809435045397E+01  0.4128654890582920E+00
  0.1445079705315667E+01  0.4133262082324588E+00
  0.1445349975585937E+01  0.4137869274066254E+00
  0.1445620245856208E+01  0.4132941538566238E+00
  0.1445890516126478E+01  0.4128013803066218E+00
  0.1446160786396748E+01  0.4123086067566195E+00
  0.1446431056667018E+01  0.4122009750316795E+00
  0.1446701326937289E+01  0.4129920075652195E+00
  0.1446971597207559E+01  0.4137830400987587E+00
  0.1447241867477829E+01  0.4145740726322987E+00
  0.1447512137748100E+01  0.4151416189506784E+00
  0.1447782408018370E+01  0.4155601744589516E+00
  0.1448052678288640E+01  0.4159787299672245E+00
  0.1448322948558910E+01  0.4163972854754977E+00
  0.1448593218829181E+01  0.4167186458151307E+00
  0.1448863489099451E+01  0.4170292066915813E+00
  0.1449133759369721E+01  0.4173397675680319E+00
  0.1449404029639991E+01  0.4172760525291218E+00
  0.1449674299910262E+01  0.4157152338287621E+00
  0.1449944570180532E+01  0.4141544151284037E+00
  0.1450214840450802E+01  0.4125935964280453E+00
  0.1450485110721073E+01  0.4125753188977768E+00
  0.1450755380991343E+01  0.4140995825376023E+00
  0.1451025651261613E+01  0.4156238461774265E+00
  0.1451295921531883E+01  0.4171481098172519E+00
  0.1451566191802154E+01  0.4177104712551228E+00
  0.1451836462072424E+01  0.4180323571425049E+00
  0.1452106732342694E+01  0.4183542430298870E+00
  0.1452377002612965E+01  0.4186844082888653E+00
  0.1452647272883235E+01  0.4190890878922084E+00
  0.1452917543153505E+01  0.4194937674955518E+00
  0.1453187813423775E+01  0.4198984470988949E+00
  0.1453458083694046E+01  0.4201251745433310E+00
  0.1453728353964316E+01  0.4200849737494053E+00
  0.1453998624234586E+01  0.4200447729554796E+00
  0.1454268894504856E+01  0.4200045721615540E+00
  0.1454539164775127E+01  0.4204651547128495E+00
  0.1454809435045397E+01  0.4211403586978109E+00
  0.1455079705315667E+01  0.4218155626827728E+00
  0.1455349975585937E+01  0.4224907666677341E+00
  0.1455620245856208E+01  0.4208467140385346E+00
  0.1455890516126478E+01  0.4192026614093345E+00
  0.1456160786396748E+01  0.4175586087801331E+00
  0.1456431056667018E+01  0.4167775639399552E+00
  0.1456701326937289E+01  0.4180102039408330E+00
  0.1456971597207559E+01  0.4192428439417099E+00
  0.1457241867477829E+01  0.4204754839425877E+00
  0.1457512137748100E+01  0.4217903007480386E+00
  0.1457782408018370E+01  0.4231599020898733E+00
  0.1458052678288640E+01  0.4245295034317069E+00
  0.1458322948558910E+01  0.4258991047735418E+00
  0.1458593218829181E+01  0.4252553799231855E+00
  0.1458863489099451E+01  0.4243879521625848E+00
  0.1459133759369721E+01  0.4235205244019842E+00
  0.1459404029639991E+01  0.4228311747484067E+00
  0.1459674299910262E+01  0.4228541375229207E+00
  0.1459944570180532E+01  0.4228771002974348E+00
  0.1460214840450802E+01  0.4229000630719489E+00
  0.1460485110721073E+01  0.4230463748284961E+00
  0.1460755380991343E+01  0.4233160355670768E+00
  0.1461025651261613E+01  0.4235856963056575E+00
  0.1461295921531883E+01  0.4238553570442383E+00
  0.1461566191802154E+01  0.4239825019446300E+00
  0.1461836462072424E+01  0.4240740178854744E+00
  0.1462106732342694E+01  0.4241655338263187E+00
  0.1462377002612965E+01  0.4242396794472797E+00
  0.1462647272883235E+01  0.4241574921892899E+00
  0.1462917543153505E+01  0.4240753049313000E+00
  0.1463187813423775E+01  0.4239931176733102E+00
  0.1463458083694046E+01  0.4243477884594631E+00
  0.1463728353964316E+01  0.4253577463118309E+00
  0.1463998624234586E+01  0.4263677041641994E+00
  0.1464268894504856E+01  0.4273776620165672E+00
  0.1464539164775127E+01  0.4270245086275105E+00
  0.1464809435045397E+01  0.4260871647064144E+00
  0.1465079705315667E+01  0.4251498207853175E+00
  0.1465349975585937E+01  0.4242124768642214E+00
  0.1465620245856208E+01  0.4234784341381910E+00
  0.1465890516126478E+01  0.4227443914121614E+00
  0.1466160786396748E+01  0.4220103486861311E+00
  0.1466431056667018E+01  0.4218705159731997E+00
  0.1466701326937289E+01  0.4231171732908338E+00
  0.1466971597207559E+01  0.4243638306084669E+00
  0.1467241867477829E+01  0.4256104879261011E+00
  0.1467512137748100E+01  0.4244623952033273E+00
  0.1467782408018370E+01  0.4217178024536088E+00
  0.1468052678288640E+01  0.4189732097038926E+00
  0.1468322948558910E+01  0.4162286169541742E+00
  0.1468593218829181E+01  0.4151282878202848E+00
  0.1468863489099451E+01  0.4142106546437090E+00
  0.1469133759369721E+01  0.4132930214671340E+00
  0.1469404029639992E+01  0.4122356073313894E+00
  0.1469674299910262E+01  0.4106190693589671E+00
  0.1469944570180532E+01  0.4090025313865463E+00
  0.1470214840450802E+01  0.4073859934141254E+00
  0.1470485110721073E+01  0.4053243133354490E+00
  0.1470755380991343E+01  0.4028174911505176E+00
  0.1471025651261613E+01  0.4003106689655883E+00
  0.1471295921531883E+01  0.3978038467806589E+00
  0.1471566191802154E+01  0.3944616914856287E+00
  0.1471836462072424E+01  0.3909107029130723E+00
  0.1472106732342694E+01  0.3873597143405190E+00
  0.1472377002612965E+01  0.3836667864650631E+00
  0.1472647272883235E+01  0.3786964048635164E+00
  0.1472917543153505E+01  0.3737260232619655E+00
  0.1473187813423775E+01  0.3687556416604187E+00
  0.1473458083694046E+01  0.3636377779883442E+00
  0.1473728353964316E+01  0.3582986912104880E+00
  0.1473998624234586E+01  0.3529596044326274E+00
  0.1474268894504856E+01  0.3476205176547712E+00
  0.1474539164775127E+01  0.3409783719571496E+00
  0.1474809435045397E+01  0.3337777724367786E+00
  0.1475079705315667E+01  0.3265771729164016E+00
  0.1475349975585937E+01  0.3193765733960306E+00
  0.1475620245856208E+01  0.3135967901751888E+00
  0.1475890516126478E+01  0.3078170069543518E+00
  0.1476160786396748E+01  0.3020372237335099E+00
  0.1476431056667018E+01  0.2953914874108136E+00
  0.1476701326937289E+01  0.2867251938504350E+00
  0.1476971597207559E+01  0.2780589002900637E+00
  0.1477241867477829E+01  0.2693926067296852E+00
  0.1477512137748100E+01  0.2611526036735074E+00
  0.1477782408018370E+01  0.2531967942867852E+00
  0.1478052678288640E+01  0.2452409849000696E+00
  0.1478322948558910E+01  0.2372851755133474E+00
  0.1478593218829181E+01  0.2288048542636419E+00
  0.1478863489099451E+01  0.2202662539180416E+00
  0.1479133759369721E+01  0.2117276535724484E+00
  0.1479404029639992E+01  0.2034242228287268E+00
  0.1479674299910262E+01  0.1960614704925257E+00
  0.1479944570180532E+01  0.1886987181563185E+00
  0.1480214840450802E+01  0.1813359658201113E+00
  0.1480485110721073E+01  0.1743186328257153E+00
  0.1480755380991343E+01  0.1676467191731243E+00
  0.1481025651261613E+01  0.1609748055205279E+00
  0.1481295921531883E+01  0.1543028918679315E+00
  0.1481566191802154E+01  0.1477843457303460E+00
  0.1481836462072424E+01  0.1413041414715118E+00
  0.1482106732342694E+01  0.1348239372126722E+00
  0.1482377002612965E+01  0.1285020992814361E+00
  0.1482647272883235E+01  0.1236055582986331E+00
  0.1482917543153505E+01  0.1187090173158300E+00
  0.1483187813423775E+01  0.1138124763330230E+00
  0.1483458083694046E+01  0.1092420664965692E+00
  0.1483728353964316E+01  0.1051608533796480E+00
  0.1483998624234586E+01  0.1010796402627234E+00
  0.1484268894504856E+01  0.9699842714580220E-01
  0.1484539164775127E+01  0.9303833295935809E-01
  0.1484809435045397E+01  0.8913014688598034E-01
  0.1485079705315667E+01  0.8522196081259936E-01
  0.1485349975585937E+01  0.8131377473922159E-01
  0.1485620245856208E+01  0.7812554255933452E-01
  0.1485890516126478E+01  0.7493731037945006E-01
  0.1486160786396748E+01  0.7174907819956300E-01
  0.1486431056667018E+01  0.6860559331938529E-01
  0.1486701326937289E+01  0.6556651880518763E-01
  0.1486971597207559E+01  0.6252744429099247E-01
  0.1487241867477829E+01  0.5948836977679482E-01
  0.1487512137748100E+01  0.5749569744122381E-01
  0.1487782408018370E+01  0.5620062655806736E-01
  0.1488052678288640E+01  0.5490555567491198E-01
  0.1488322948558910E+01  0.5361048479175552E-01
  0.1488593218829181E+01  0.5118127861256158E-01
  0.1488863489099451E+01  0.4862605740047213E-01
  0.1489133759369721E+01  0.4607083618838480E-01
  0.1489404029639992E+01  0.4374103875461042E-01
  0.1489674299910262E+01  0.4231293643409654E-01
  0.1489944570180532E+01  0.4088483411358149E-01
  0.1490214840450802E+01  0.3945673179306759E-01
  0.1490485110721073E+01  0.3805330407018218E-01
  0.1490755380991343E+01  0.3667455094492755E-01
  0.1491025651261613E+01  0.3529579781967181E-01
  0.1491295921531883E+01  0.3391704469441718E-01
  0.1491566191802154E+01  0.3276551204801230E-01
  0.1491836462072424E+01  0.3167078452132018E-01
  0.1492106732342694E+01  0.3057605699462897E-01
  0.1492377002612964E+01  0.2950500644485843E-01
  0.1492647272883235E+01  0.2864704868737486E-01
  0.1492917543153505E+01  0.2778909092989128E-01
  0.1493187813423775E+01  0.2693113317240841E-01
  0.1493458083694045E+01  0.2603538573583822E-01
  0.1493728353964316E+01  0.2508295378063624E-01
  0.1493998624234586E+01  0.2413052182543426E-01
  0.1494268894504856E+01  0.2317808987023307E-01
  0.1494539164775127E+01  0.2258961080099037E-01
  0.1494809435045397E+01  0.2215711154001646E-01
  0.1495079705315667E+01  0.2172461227904221E-01
  0.1495349975585937E+01  0.2129211301806831E-01
  0.1495620245856208E+01  0.2068963182762489E-01
  0.1495890516126478E+01  0.2008715063718198E-01
  0.1496160786396748E+01  0.1948466944673857E-01
  0.1496431056667018E+01  0.1891178254854610E-01
  0.1496701326937289E+01  0.1840794899893768E-01
  0.1496971597207559E+01  0.1790411544932968E-01
  0.1497241867477829E+01  0.1740028189972126E-01
  0.1497512137748100E+01  0.1686657331271187E-01
  0.1497782408018370E+01  0.1631294803410110E-01
  0.1498052678288640E+01  0.1575932275549079E-01
  0.1498322948558910E+01  0.1520569747688002E-01
  0.1498593218829181E+01  0.1474901364661708E-01
  0.1498863489099451E+01  0.1430310108839239E-01
  0.1499133759369721E+01  0.1385718853016807E-01
  0.1499404029639992E+01  0.1338924962307803E-01
  0.1499674299910262E+01  0.1283320532052715E-01
  0.1499944570180532E+01  0.1227716101797582E-01
  0.1500214840450802E+01  0.1172111671542494E-01
  0.1500485110721073E+01  0.1117699071338569E-01
  0.1500755380991343E+01  0.1064478301185897E-01
  0.1501025651261613E+01  0.1011257531033181E-01
  0.1501295921531883E+01  0.9580367608805092E-02
  0.1501566191802154E+01  0.9133752571776363E-02
  0.1501836462072424E+01  0.8708535700872612E-02
  0.1502106732342694E+01  0.8283318829968510E-02
  0.1502377002612965E+01  0.7863689841714259E-02
  0.1502647272883235E+01  0.7494351797308906E-02
  0.1502917543153505E+01  0.7125013752903553E-02
  0.1503187813423775E+01  0.6755675708497897E-02
  0.1503458083694046E+01  0.6416662354298888E-02
  0.1503728353964316E+01  0.6123136035410029E-02
  0.1503998624234586E+01  0.5829609716521170E-02
  0.1504268894504856E+01  0.5536083397632070E-02
  0.1504539164775127E+01  0.5277708950584765E-02
  0.1504809435045397E+01  0.5034399591469878E-02
  0.1505079705315667E+01  0.4791090232354790E-02
  0.1505349975585937E+01  0.4547780873239902E-02
  0.1505620245856208E+01  0.4340837928332765E-02
  0.1505890516126478E+01  0.4133894983425798E-02
  0.1506160786396748E+01  0.3926952038518662E-02
  0.1506431056667018E+01  0.3738750293092586E-02
  0.1506701326937289E+01  0.3594278013121870E-02
  0.1506971597207559E+01  0.3449805733151273E-02
  0.1507241867477829E+01  0.3305333453180557E-02
  0.1507512137748100E+01  0.3166530508100329E-02
  0.1507782408018370E+01  0.3031507119613566E-02
  0.1508052678288640E+01  0.2896483731126913E-02
  0.1508322948558910E+01  0.2761460342640149E-02
  0.1508593218829181E+01  0.2653686495274555E-02
  0.1508863489099451E+01  0.2548940374700109E-02
  0.1509133759369721E+01  0.2444194254125749E-02
  0.1509404029639992E+01  0.2341322243885414E-02
  0.1509674299910262E+01  0.2245946674981594E-02
  0.1509944570180532E+01  0.2150571106077696E-02
  0.1510214840450802E+01  0.2055195537173876E-02
  0.1510485110721073E+01  0.1968614574829608E-02
  0.1510755380991343E+01  0.1890828219045048E-02
  0.1511025651261613E+01  0.1813041863260424E-02
  0.1511295921531883E+01  0.1735255507475864E-02
  0.1511566191802154E+01  0.1669193399701451E-02
  0.1511836462072424E+01  0.1606062353929644E-02
  0.1512106732342694E+01  0.1542931308157786E-02
  0.1512377002612964E+01  0.1480546127785409E-02
  0.1512647272883235E+01  0.1424873736007893E-02
  0.1512917543153505E+01  0.1369201344230377E-02
  0.1513187813423775E+01  0.1313528952452907E-02
  0.1513458083694045E+01  0.1265460933591780E-02
  0.1513728353964316E+01  0.1228799474105143E-02
  0.1513998624234586E+01  0.1192138014618506E-02
  0.1514268894504856E+01  0.1155476555131900E-02
  0.1514539164775127E+01  0.1113295134579657E-02
  0.1514809435045397E+01  0.1068748016427814E-02
  0.1515079705315667E+01  0.1024200898275971E-02
  0.1515349975585937E+01  0.9796537801241645E-03
  0.1515620245856208E+01  0.9482941285009021E-03
  0.1515890516126478E+01  0.9169344768776655E-03
  0.1516160786396748E+01  0.8855748252544031E-03
  0.1516431056667018E+01  0.8547600340262667E-03
  0.1516701326937289E+01  0.8252165837200082E-03
  0.1516971597207559E+01  0.7956731334137742E-03
  0.1517241867477829E+01  0.7661296831075158E-03
  0.1517512137748100E+01  0.7410241430369207E-03
  0.1517782408018370E+01  0.7188772097900650E-03
  0.1518052678288640E+01  0.6967302765432273E-03
  0.1518322948558910E+01  0.6745833432963716E-03
  0.1518593218829181E+01  0.6528672268983775E-03
  0.1518863489099451E+01  0.6311989790391262E-03
  0.1519133759369721E+01  0.6095307311798927E-03
  0.1519404029639992E+01  0.5882758136578769E-03
  0.1519674299910262E+01  0.5686742174848176E-03
  0.1519944570180532E+01  0.5490726213117422E-03
  0.1520214840450802E+01  0.5294710251386829E-03
  0.1520485110721073E+01  0.5130475835737832E-03
  0.1520755380991343E+01  0.4998022966170754E-03
  0.1521025651261613E+01  0.4865570096603568E-03
  0.1521295921531883E+01  0.4733117227036490E-03
  0.1521566191802154E+01  0.4581918549156648E-03
  0.1521836462072424E+01  0.4426033419198764E-03
  0.1522106732342694E+01  0.4270148289240754E-03
  0.1522377002612964E+01  0.4120455875264267E-03
  0.1522647272883235E+01  0.4026497905120690E-03
  0.1522917543153505E+01  0.3932539934977190E-03
  0.1523187813423775E+01  0.3838581964833612E-03
  0.1523458083694045E+01  0.3737798157563888E-03
  0.1523728353964316E+01  0.3626775594604729E-03
  0.1523998624234586E+01  0.3515753031645662E-03
  0.1524268894504856E+01  0.3404730468686503E-03
  0.1524539164775127E+01  0.3297832276416266E-03
  0.1524809435045397E+01  0.3192701671584227E-03
  0.1525079705315667E+01  0.3087571066752188E-03
  0.1525349975585937E+01  0.2982440461920062E-03
  0.1525620245856208E+01  0.2909704282637747E-03
  0.1525890516126478E+01  0.2836968103355493E-03
  0.1526160786396748E+01  0.2764231924073238E-03
  0.1526431056667019E+01  0.2691200142059442E-03
  0.1526701326937289E+01  0.2617478620338855E-03
  0.1526971597207559E+01  0.2543757098618329E-03
  0.1527241867477829E+01  0.2470035576897802E-03
  0.1527512137748100E+01  0.2406270586164250E-03
  0.1527782408018370E+01  0.2349143282755398E-03
  0.1528052678288640E+01  0.2292015979346593E-03
  0.1528322948558910E+01  0.2234888675937740E-03
  0.1528593218829181E+01  0.2169326743177034E-03
  0.1528863489099451E+01  0.2102827629377170E-03
  0.1529133759369721E+01  0.2036328515577361E-03
  0.1529404029639992E+01  0.1973217398840171E-03
  0.1529674299910262E+01  0.1923658270353700E-03
  0.1529944570180532E+01  0.1874099141867188E-03
  0.1530214840450802E+01  0.1824540013380716E-03
  0.1530485110721073E+01  0.1779428237175714E-03
  0.1530755380991343E+01  0.1738763813252263E-03
  0.1531025651261613E+01  0.1698099389328778E-03
  0.1531295921531883E+01  0.1657434965405326E-03
  0.1531566191802154E+01  0.1613092652901972E-03
  0.1531836462072424E+01  0.1567830868253686E-03
  0.1532106732342694E+01  0.1522569083605363E-03
  0.1532377002612964E+01  0.1478364206777339E-03
  0.1532647272883235E+01  0.1443671500331711E-03
  0.1532917543153505E+01  0.1408978793886111E-03
  0.1533187813423775E+01  0.1374286087440482E-03
  0.1533458083694045E+01  0.1340429139000959E-03
  0.1533728353964316E+01  0.1307825827570528E-03
  0.1533998624234586E+01  0.1275222516140096E-03
  0.1534268894504856E+01  0.1242619204709691E-03
  0.1534539164775127E+01  0.1208756824413067E-03
  0.1534809435045397E+01  0.1174354843173749E-03
  0.1535079705315667E+01  0.1139952861934431E-03
  0.1535349975585937E+01  0.1105550880695142E-03
  0.1535620245856208E+01  0.1083747433504180E-03
  0.1535890516126478E+01  0.1061943986313200E-03
  0.1536160786396748E+01  0.1040140539122220E-03
  0.1536431056667019E+01  0.1017677844688556E-03
  0.1536701326937289E+01  0.9936769066885845E-04
  0.1536971597207559E+01  0.9696759686885937E-04
  0.1537241867477829E+01  0.9456750306886027E-04
  0.1537512137748100E+01  0.9232898636314473E-04
  0.1537782408018370E+01  0.9019818772028348E-04
  0.1538052678288640E+01  0.8806738907742051E-04
  0.1538322948558910E+01  0.8593659043455751E-04
  0.1538593218829181E+01  0.8374516588075631E-04
  0.1538863489099451E+01  0.8154700511462659E-04
  0.1539133759369721E+01  0.7934884434849870E-04
  0.1539404029639992E+01  0.7726153003713094E-04
  0.1539674299910262E+01  0.7561760154481193E-04
  0.1539944570180532E+01  0.7397367305249157E-04
  0.1540214840450802E+01  0.7232974456017254E-04
  0.1540485110721073E+01  0.7050531220738395E-04
  0.1540755380991343E+01  0.6850037599412850E-04
  0.1541025651261613E+01  0.6649543978087139E-04
  0.1541295921531883E+01  0.6449050356761594E-04
  0.1541566191802154E+01  0.6291973103059027E-04
  0.1541836462072424E+01  0.6145749941262375E-04
  0.1542106732342694E+01  0.5999526779465606E-04
  0.1542377002612964E+01  0.5857975175224006E-04
  0.1542647272883235E+01  0.5758467588978093E-04
  0.1542917543153505E+01  0.5658960002732260E-04
  0.1543187813423775E+01  0.5559452416486347E-04
  0.1543458083694045E+01  0.5450004336928331E-04
  0.1543728353964316E+01  0.5325645517401925E-04
  0.1543998624234586E+01  0.5201286697875623E-04
  0.1544268894504856E+01  0.5076927878349218E-04
  0.1544539164775127E+01  0.4938046475398964E-04
  0.1544809435045397E+01  0.4792941108124318E-04
  0.1545079705315667E+01  0.4647835740849670E-04
  0.1545620245856208E+01  0.0000000000000000E+00
