  1000 NIRCAM_F150W2       
  0.5820000000000000E+00  0.2431849849849850E+01  0.2470958829888890E+02  0.1202656851790131E+01  0.3609588298888895E+01  0.1306666269949040E-09  0.1199326028994357E+04  0.1479588989997691E+01  0.1358043464293991E-17  0.1658809985008983E+01
  0.1786415242523543E+01  0.1614957501773963E+01  0.1703853236597824E+01  0.1593202071906529E+01  0.1638256385185430E+01  0.3247924276887267E+00  0.1325493873611883E+01  0.1175342634795033E+01  0.1008032244305057E+01  0.2333526117916940E+01
  0.5491469423634165E+01  0.1175342634795033E+02  0.3400380144741900E+00  0.1030994522986944E-16  0.8358381527035184E-21  0.2539999961853027E+06  0.2798510622340043E+02  0.2918776460106946E+02  0.3159469452228932E+02
  0.5820000000000000E+00  0.0000000000000000E+00
  0.5838498498498498E+00  0.1051075411777257E-03
  0.5856996996996997E+00  0.3369559847949895E-03
  0.5875495495495495E+00  0.4783560077794016E-03
  0.5893993993993993E+00  0.2355181215692761E-03
  0.5912492492492493E+00  0.7630224749923941E-04
  0.5930990990990991E+00  0.5543298950885410E-04
  0.5949489489489489E+00  0.5384402262272734E-04
  0.5967987987987987E+00  0.5225505573660058E-04
  0.5986486486486486E+00  0.5066608885047373E-04
  0.6004984984984985E+00  0.4907712196434697E-04
  0.6023483483483483E+00  0.5150238365786258E-04
  0.6041981981981982E+00  0.7365204892860522E-04
  0.6060480480480480E+00  0.9623284559886869E-04
  0.6078978978978978E+00  0.1102435982495764E-03
  0.6097477477477478E+00  0.1009834559137214E-03
  0.6115975975975976E+00  0.7977554618876075E-04
  0.6134474474474474E+00  0.5928977590440273E-04
  0.6152972972972972E+00  0.4897243605018400E-04
  0.6171471471471471E+00  0.5022327498078202E-04
  0.6189969969969970E+00  0.5147411391137998E-04
  0.6208468468468468E+00  0.5272495284197793E-04
  0.6226966966966967E+00  0.5397579177257595E-04
  0.6245465465465465E+00  0.5522663070317391E-04
  0.6263963963963963E+00  0.7700746747229224E-04
  0.6282462462462463E+00  0.1406148572741018E-03
  0.6300960960960961E+00  0.2881869765829884E-03
  0.6319459459459459E+00  0.4723129415878466E-03
  0.6337957957957958E+00  0.4253605770717664E-03
  0.6356456456456456E+00  0.2733881596158068E-03
  0.6374954954954954E+00  0.1968348654840947E-03
  0.6393453453453453E+00  0.1841130620673168E-03
  0.6411951951951952E+00  0.2168803881321530E-03
  0.6430450450450450E+00  0.2719073765712810E-03
  0.6448948948948948E+00  0.2989129971424263E-03
  0.6467447447447447E+00  0.2395381045958149E-03
  0.6485945945945946E+00  0.1569547929641881E-03
  0.6504444444444444E+00  0.1065723914017046E-03
  0.6522942942942943E+00  0.8147076398145848E-04
  0.6541441441441441E+00  0.7892623126340840E-04
  0.6559939939939939E+00  0.8765308207360113E-04
  0.6578438438438439E+00  0.1188390815198425E-03
  0.6596936936936937E+00  0.1678548321393389E-03
  0.6615435435435435E+00  0.2144594930265345E-03
  0.6633933933933933E+00  0.2008490383438483E-03
  0.6652432432432432E+00  0.1593012784995673E-03
  0.6670930930930931E+00  0.1214143212989490E-03
  0.6689429429429429E+00  0.1085618718474049E-03
  0.6707927927927928E+00  0.1078430010843734E-03
  0.6726426426426426E+00  0.1320736894129053E-03
  0.6744924924924924E+00  0.1769720134798385E-03
  0.6763423423423424E+00  0.2181512421752772E-03
  0.6781921921921922E+00  0.2311788829545531E-03
  0.6800420420420420E+00  0.1978583102144786E-03
  0.6818918918918919E+00  0.1426077695635862E-03
  0.6837417417417417E+00  0.1271889827897826E-03
  0.6855915915915916E+00  0.1187746529370327E-03
  0.6874414414414414E+00  0.1235510060414813E-03
  0.6892912912912913E+00  0.1349433533613644E-03
  0.6911411411411411E+00  0.1516746123698602E-03
  0.6929909909909909E+00  0.1451019334003347E-03
  0.6948408408408409E+00  0.1230296977730394E-03
  0.6966906906906907E+00  0.9531097596429954E-04
  0.6985405405405405E+00  0.8046486207915422E-04
  0.7003903903903904E+00  0.6951630861803258E-04
  0.7022402402402402E+00  0.6290883814318889E-04
  0.7040900900900900E+00  0.7693005819570722E-04
  0.7059399399399400E+00  0.1035299786848598E-03
  0.7077897897897898E+00  0.1409588510507861E-03
  0.7096396396396396E+00  0.2302833499553750E-03
  0.7114894894894894E+00  0.4633727448059298E-03
  0.7133393393393394E+00  0.9120256711630582E-03
  0.7151891891891892E+00  0.1505938317519193E-02
  0.7170390390390391E+00  0.1559173750272626E-02
  0.7188888888888889E+00  0.9589520936539849E-03
  0.7207387387387387E+00  0.5007929864346977E-03
  0.7225885885885885E+00  0.2620283347245695E-03
  0.7244384384384384E+00  0.1498669293244226E-03
  0.7262882882882883E+00  0.9724321997976432E-04
  0.7281381381381381E+00  0.6705649667766195E-04
  0.7299879879879880E+00  0.4901429998294752E-04
  0.7318378378378378E+00  0.4999010751331831E-04
  0.7336876876876877E+00  0.5102755798903140E-04
  0.7355375375375375E+00  0.5206500846474449E-04
  0.7373873873873874E+00  0.5310245894045764E-04
  0.7392372372372372E+00  0.6892072986847802E-04
  0.7410870870870870E+00  0.9499370010193551E-04
  0.7429369369369370E+00  0.1720941784708571E-03
  0.7447867867867868E+00  0.3688871626938980E-03
  0.7466366366366366E+00  0.7583522909600283E-03
  0.7484864864864864E+00  0.1213529898988812E-02
  0.7503363363363363E+00  0.1409971280111307E-02
  0.7521861861861862E+00  0.1802304455084808E-02
  0.7540360360360361E+00  0.2945202540582812E-02
  0.7558858858858859E+00  0.2179663598336194E-02
  0.7577357357357357E+00  0.5810994590669416E-03
  0.7595855855855855E+00  0.1546898104807722E-03
  0.7614354354354355E+00  0.6682201870601049E-04
  0.7632852852852853E+00  0.6804605562612628E-04
  0.7651351351351351E+00  0.6927009254624208E-04
  0.7669849849849850E+00  0.7049412946635794E-04
  0.7688348348348348E+00  0.7171816638647374E-04
  0.7706846846846847E+00  0.7294220330658953E-04
  0.7725345345345345E+00  0.7416624022670533E-04
  0.7743843843843844E+00  0.7539027714682119E-04
  0.7762342342342342E+00  0.7661431406693700E-04
  0.7780840840840841E+00  0.7783835098705288E-04
  0.7799339339339340E+00  0.7906238790716866E-04
  0.7817837837837838E+00  0.8028642482728446E-04
  0.7836336336336336E+00  0.8151046174740027E-04
  0.7854834834834835E+00  0.8273449866751612E-04
  0.7873333333333333E+00  0.8395853558763193E-04
  0.7891831831831831E+00  0.8518257250774772E-04
  0.7910330330330331E+00  0.1311714677158531E-03
  0.7928828828828829E+00  0.1272956747145265E-03
  0.7947327327327327E+00  0.6275968893154048E-04
  0.7965825825825825E+00  0.1802053763631242E-03
  0.7984324324324324E+00  0.5333637709017331E-03
  0.8002822822822823E+00  0.1672182305843208E-02
  0.8021321321321322E+00  0.1952519868074696E-02
  0.8039819819819820E+00  0.1814143026275215E-02
  0.8058318318318318E+00  0.1859105170832359E-03
  0.8076816816816816E+00  0.1242146287643498E-02
  0.8095315315315316E+00  0.1219719421832430E-02
  0.8113813813813814E+00  0.1008733043944852E-02
  0.8132312312312312E+00  0.1388332960025431E-02
  0.8150810810810811E+00  0.1457190209690941E-02
  0.8169309309309309E+00  0.1164592816815533E-02
  0.8187807807807808E+00  0.9256649922804914E-03
  0.8206306306306306E+00  0.1696813155500680E-02
  0.8224804804804805E+00  0.1096336774559897E-02
  0.8243303303303303E+00  0.3042876548000189E-03
  0.8261801801801802E+00  0.1366297847216831E-02
  0.8280300300300301E+00  0.7190259303605144E-03
  0.8298798798798799E+00  0.4841612598884248E-03
  0.8317297297297297E+00  0.1092168281587653E-02
  0.8335795795795795E+00  0.1005732604121637E-02
  0.8354294294294294E+00  0.9307240433154156E-03
  0.8372792792792794E+00  0.9583133323214717E-03
  0.8391291291291292E+00  0.1128050804345213E-02
  0.8409789789789790E+00  0.7636291551610512E-03
  0.8428288288288288E+00  0.8206137864356027E-03
  0.8446786786786786E+00  0.6440060517088619E-03
  0.8465285285285286E+00  0.9349487228361205E-03
  0.8483783783783784E+00  0.1069405169203824E-02
  0.8502282282282283E+00  0.8152142110504520E-03
  0.8520780780780781E+00  0.1138528870893558E-02
  0.8539279279279279E+00  0.1334618650728236E-02
  0.8557777777777777E+00  0.5943945902265444E-03
  0.8576276276276276E+00  0.6291751981723060E-03
  0.8594774774774775E+00  0.1187966141699720E-02
  0.8613273273273274E+00  0.8426608332659854E-03
  0.8631771771771772E+00  0.5791781339484249E-03
  0.8650270270270271E+00  0.9832015611596040E-03
  0.8668768768768769E+00  0.6796560498935739E-03
  0.8687267267267267E+00  0.9480380171987032E-03
  0.8705765765765766E+00  0.1073567373450565E-02
  0.8724264264264264E+00  0.1091728779896223E-02
  0.8742762762762764E+00  0.9452826072722243E-03
  0.8761261261261262E+00  0.1046334958364494E-02
  0.8779759759759760E+00  0.1006106576264993E-02
  0.8798258258258258E+00  0.8880021546712580E-03
  0.8816756756756756E+00  0.7395014836016519E-03
  0.8835255255255255E+00  0.7302223044058354E-03
  0.8853753753753755E+00  0.5916010272274145E-03
  0.8872252252252253E+00  0.7660863039868382E-03
  0.8890750750750751E+00  0.5755982584903444E-03
  0.8909249249249249E+00  0.8279158134270182E-03
  0.8927747747747747E+00  0.8462087983904948E-03
  0.8946246246246247E+00  0.9682290275093429E-03
  0.8964744744744745E+00  0.9444412320762981E-03
  0.8983243243243244E+00  0.8982033741888253E-03
  0.9001741741741742E+00  0.9705828928874072E-03
  0.9020240240240240E+00  0.1085992734850697E-02
  0.9038738738738739E+00  0.1012144844055645E-02
  0.9057237237237237E+00  0.9160785254347195E-03
  0.9075735735735736E+00  0.7783384906383239E-03
  0.9094234234234235E+00  0.8130878070509466E-03
  0.9112732732732733E+00  0.6593158030929318E-03
  0.9131231231231232E+00  0.7998653007426705E-03
  0.9149729729729730E+00  0.6754228916600259E-03
  0.9168228228228228E+00  0.4486904952226044E-03
  0.9186726726726727E+00  0.5262103489522989E-03
  0.9205225225225225E+00  0.6214831814411513E-03
  0.9223723723723725E+00  0.5996844999207948E-03
  0.9242222222222223E+00  0.7854455937025710E-03
  0.9260720720720721E+00  0.8707447821482840E-03
  0.9279219219219219E+00  0.1113778541429384E-02
  0.9297717717717717E+00  0.1267908376113478E-02
  0.9316216216216217E+00  0.1473645203645598E-02
  0.9334714714714716E+00  0.1744770737810119E-02
  0.9353213213213214E+00  0.1867006393019888E-02
  0.9371711711711712E+00  0.2075491847791841E-02
  0.9390210210210210E+00  0.2239356028289158E-02
  0.9408708708708708E+00  0.2268565250571414E-02
  0.9427207207207208E+00  0.2299274511282374E-02
  0.9445705705705706E+00  0.2250200759104620E-02
  0.9464204204204205E+00  0.2147563558710568E-02
  0.9482702702702703E+00  0.1997262412191531E-02
  0.9501201201201201E+00  0.1846487878000095E-02
  0.9519699699699700E+00  0.1717570897871729E-02
  0.9538198198198198E+00  0.1564697251175442E-02
  0.9556696696696697E+00  0.1458533414498906E-02
  0.9575195195195195E+00  0.1373433342892345E-02
  0.9593693693693695E+00  0.1338899798295602E-02
  0.9612192192192193E+00  0.1386570577689348E-02
  0.9630690690690691E+00  0.1566228054170916E-02
  0.9649189189189189E+00  0.1731309132437681E-02
  0.9667687687687688E+00  0.2070243966058513E-02
  0.9686186186186186E+00  0.2523265601061002E-02
  0.9704684684684686E+00  0.3275815606596289E-02
  0.9723183183183184E+00  0.4307755734026852E-02
  0.9741681681681682E+00  0.5811358001407217E-02
  0.9760180180180180E+00  0.7905691777215857E-02
  0.9778678678678678E+00  0.1089366630292835E-01
  0.9797177177177178E+00  0.1499825456429484E-01
  0.9815675675675676E+00  0.2044979744527056E-01
  0.9834174174174175E+00  0.2745572483431993E-01
  0.9852672672672673E+00  0.3648183629406036E-01
  0.9871171171171171E+00  0.4693349892868558E-01
  0.9889669669669670E+00  0.5950243620243825E-01
  0.9908168168168169E+00  0.7389512538431151E-01
  0.9926666666666667E+00  0.9077784775705303E-01
  0.9945165165165166E+00  0.1074799048397392E+00
  0.9963663663663664E+00  0.1265825594743388E+00
  0.9982162162162163E+00  0.1464602545831512E+00
  0.1000066066066066E+01  0.1652984652706594E+00
  0.1001915915915916E+01  0.1830243006819641E+00
  0.1003765765765766E+01  0.2010933035857328E+00
  0.1005615615615616E+01  0.2171132823402585E+00
  0.1007465465465466E+01  0.2299246649702303E+00
  0.1009315315315315E+01  0.2419575027696960E+00
  0.1011165165165165E+01  0.2535322353663493E+00
  0.1013015015015015E+01  0.2639421414681714E+00
  0.1014864864864865E+01  0.2721573988284059E+00
  0.1016714714714715E+01  0.2777363185543237E+00
  0.1018564564564565E+01  0.2842038759676283E+00
  0.1020414414414414E+01  0.2904324972219546E+00
  0.1022264264264264E+01  0.2955237457704644E+00
  0.1024114114114114E+01  0.2982377906154448E+00
  0.1025963963963964E+01  0.2997819593728445E+00
  0.1027813813813814E+01  0.3021349657251517E+00
  0.1029663663663664E+01  0.3046645492442414E+00
  0.1031513513513514E+01  0.3061629714919299E+00
  0.1033363363363363E+01  0.3072027669678274E+00
  0.1035213213213213E+01  0.3083827960646864E+00
  0.1037063063063063E+01  0.3101649767667763E+00
  0.1038912912912913E+01  0.3107680162340730E+00
  0.1040762762762763E+01  0.3100747276998756E+00
  0.1042612612612613E+01  0.3106425190922737E+00
  0.1044462462462463E+01  0.3122964002623257E+00
  0.1046312312312312E+01  0.3124870285377335E+00
  0.1048162162162162E+01  0.3135298471620767E+00
  0.1050012012012012E+01  0.3130962394825467E+00
  0.1051861861861862E+01  0.3145389392125033E+00
  0.1053711711711712E+01  0.3158459035581967E+00
  0.1055561561561562E+01  0.3153050070563974E+00
  0.1057411411411411E+01  0.3139425635381921E+00
  0.1059261261261261E+01  0.3144109051158810E+00
  0.1061111111111111E+01  0.3155195826837747E+00
  0.1062960960960961E+01  0.3168083331334475E+00
  0.1064810810810811E+01  0.3174710949764260E+00
  0.1066660660660661E+01  0.3191607669024663E+00
  0.1068510510510511E+01  0.3211394899990304E+00
  0.1070360360360360E+01  0.3212645378408426E+00
  0.1072210210210210E+01  0.3219931237897106E+00
  0.1074060060060060E+01  0.3230414755253244E+00
  0.1075909909909910E+01  0.3256402605137138E+00
  0.1077759759759760E+01  0.3270279053442761E+00
  0.1079609609609610E+01  0.3289742487000860E+00
  0.1081459459459460E+01  0.3300685486839355E+00
  0.1083309309309309E+01  0.3308344347576698E+00
  0.1085159159159159E+01  0.3321076693990373E+00
  0.1087009009009009E+01  0.3345671671504303E+00
  0.1088858858858859E+01  0.3344805502415106E+00
  0.1090708708708709E+01  0.3347488426666990E+00
  0.1092558558558559E+01  0.3376990051125464E+00
  0.1094408408408408E+01  0.3385217273117661E+00
  0.1096258258258258E+01  0.3382868554974726E+00
  0.1098108108108108E+01  0.3387134544846885E+00
  0.1099957957957958E+01  0.3397159503691690E+00
  0.1101807807807808E+01  0.3405868832230178E+00
  0.1103657657657658E+01  0.3406310927565117E+00
  0.1105507507507508E+01  0.3405301595437400E+00
  0.1107357357357357E+01  0.3410370082850764E+00
  0.1109207207207207E+01  0.3416833726967731E+00
  0.1111057057057057E+01  0.3415774724821231E+00
  0.1112906906906907E+01  0.3417695543281012E+00
  0.1114756756756757E+01  0.3425776580251408E+00
  0.1116606606606607E+01  0.3436208887038544E+00
  0.1118456456456457E+01  0.3444663408279258E+00
  0.1120306306306306E+01  0.3437318764337015E+00
  0.1122156156156156E+01  0.3431085630077709E+00
  0.1124006006006006E+01  0.3430605109419735E+00
  0.1125855855855856E+01  0.3456610863806818E+00
  0.1127705705705706E+01  0.3453844142586045E+00
  0.1129555555555556E+01  0.3459788604147268E+00
  0.1131405405405405E+01  0.3485227435778218E+00
  0.1133255255255255E+01  0.3490843594380387E+00
  0.1135105105105105E+01  0.3497146836338117E+00
  0.1136954954954955E+01  0.3506071293840340E+00
  0.1138804804804805E+01  0.3514270445331855E+00
  0.1140654654654655E+01  0.3531428841945302E+00
  0.1142504504504505E+01  0.3555800770584773E+00
  0.1144354354354354E+01  0.3552391357474520E+00
  0.1146204204204204E+01  0.3556888635699428E+00
  0.1148054054054054E+01  0.3583475645113633E+00
  0.1149903903903904E+01  0.3583985659213089E+00
  0.1151753753753754E+01  0.3593158336109923E+00
  0.1153603603603604E+01  0.3598501660979188E+00
  0.1155453453453454E+01  0.3608072976635194E+00
  0.1157303303303303E+01  0.3623928465188124E+00
  0.1159153153153153E+01  0.3635221212487724E+00
  0.1161003003003003E+01  0.3628842878999811E+00
  0.1162852852852853E+01  0.3640158484913018E+00
  0.1164702702702703E+01  0.3652955735265444E+00
  0.1166552552552553E+01  0.3650563782097220E+00
  0.1168402402402402E+01  0.3644201371878089E+00
  0.1170252252252252E+01  0.3635978022204567E+00
  0.1172102102102102E+01  0.3624772907023008E+00
  0.1173951951951952E+01  0.3617551272388675E+00
  0.1175801801801802E+01  0.3596668270502629E+00
  0.1177651651651652E+01  0.3556702560260795E+00
  0.1179501501501502E+01  0.3505449793913145E+00
  0.1181351351351351E+01  0.3441146360737868E+00
  0.1183201201201201E+01  0.3339960967600801E+00
  0.1185051051051051E+01  0.3199816723993873E+00
  0.1186900900900901E+01  0.3033926762662733E+00
  0.1188750750750751E+01  0.2842494341813859E+00
  0.1190600600600601E+01  0.2658342950411992E+00
  0.1192450450450451E+01  0.2460350696273143E+00
  0.1194300300300300E+01  0.2288781964032630E+00
  0.1196150150150150E+01  0.2163636762389801E+00
  0.1198000000000000E+01  0.2111091098926303E+00
  0.1199849849849850E+01  0.2134077163476048E+00
  0.1201699699699700E+01  0.2199028798142796E+00
  0.1203549549549550E+01  0.2328342450238209E+00
  0.1205399399399399E+01  0.2496313529039757E+00
  0.1207249249249249E+01  0.2692383303618106E+00
  0.1209099099099099E+01  0.2899528982057721E+00
  0.1210948948948949E+01  0.3118558028193134E+00
  0.1212798798798799E+01  0.3302679525199330E+00
  0.1214648648648649E+01  0.3455775473322567E+00
  0.1216498498498499E+01  0.3570518580551820E+00
  0.1218348348348348E+01  0.3668951396441420E+00
  0.1220198198198198E+01  0.3723993848462297E+00
  0.1222048048048048E+01  0.3753515011473239E+00
  0.1223897897897898E+01  0.3770109498287886E+00
  0.1225747747747748E+01  0.3777216068300000E+00
  0.1227597597597598E+01  0.3788009370464481E+00
  0.1229447447447447E+01  0.3785085419669462E+00
  0.1231297297297298E+01  0.3776114698941337E+00
  0.1233147147147147E+01  0.3785761848615862E+00
  0.1234996996996997E+01  0.3789309840702910E+00
  0.1236846846846847E+01  0.3794398214826007E+00
  0.1238696696696697E+01  0.3793167881630554E+00
  0.1240546546546547E+01  0.3795185335294263E+00
  0.1242396396396396E+01  0.3810627928213417E+00
  0.1244246246246246E+01  0.3813012272138582E+00
  0.1246096096096096E+01  0.3808511074913703E+00
  0.1247945945945946E+01  0.3807825931695002E+00
  0.1249795795795796E+01  0.3817074706640813E+00
  0.1251645645645646E+01  0.3820234874139702E+00
  0.1253495495495496E+01  0.3820444867631059E+00
  0.1255345345345345E+01  0.3816991260207278E+00
  0.1257195195195195E+01  0.3815592709109434E+00
  0.1259045045045045E+01  0.3825386529564422E+00
  0.1260894894894895E+01  0.3830402510661705E+00
  0.1262744744744745E+01  0.3826311012148459E+00
  0.1264594594594595E+01  0.3827003022710954E+00
  0.1266444444444444E+01  0.3833695287725736E+00
  0.1268294294294294E+01  0.3828701874007129E+00
  0.1270144144144144E+01  0.3816480104219983E+00
  0.1271993993993994E+01  0.3815306881305816E+00
  0.1273843843843844E+01  0.3812189876611919E+00
  0.1275693693693694E+01  0.3816915741725432E+00
  0.1277543543543544E+01  0.3820367634599126E+00
  0.1279393393393394E+01  0.3813678380616680E+00
  0.1281243243243243E+01  0.3823195990994245E+00
  0.1283093093093093E+01  0.3835087201102294E+00
  0.1284942942942943E+01  0.3840519587132660E+00
  0.1286792792792793E+01  0.3833130592653675E+00
  0.1288642642642643E+01  0.3828127629233760E+00
  0.1290492492492493E+01  0.3822859199168279E+00
  0.1292342342342343E+01  0.3831318170929577E+00
  0.1294192192192192E+01  0.3834509900026473E+00
  0.1296042042042042E+01  0.3824997072504732E+00
  0.1297891891891892E+01  0.3856368958357396E+00
  0.1299741741741742E+01  0.3889777322568835E+00
  0.1301591591591592E+01  0.3884282943230404E+00
  0.1303441441441441E+01  0.3877715712035723E+00
  0.1305291291291292E+01  0.3884449666578470E+00
  0.1307141141141141E+01  0.3891295639808096E+00
  0.1308990990990991E+01  0.3901701989231116E+00
  0.1310840840840841E+01  0.3907587082199840E+00
  0.1312690690690691E+01  0.3913480629146046E+00
  0.1314540540540541E+01  0.3920853925667789E+00
  0.1316390390390390E+01  0.3930358020548880E+00
  0.1318240240240240E+01  0.3923683263136766E+00
  0.1320090090090090E+01  0.3931942550525199E+00
  0.1321939939939940E+01  0.3924805804341059E+00
  0.1323789789789790E+01  0.3940424319716549E+00
  0.1325639639639640E+01  0.3955048604164114E+00
  0.1327489489489490E+01  0.3944926150583449E+00
  0.1329339339339339E+01  0.3940584358075206E+00
  0.1331189189189189E+01  0.3954878151501624E+00
  0.1333039039039039E+01  0.3956783582494363E+00
  0.1334888888888889E+01  0.3947257604131580E+00
  0.1336738738738739E+01  0.3954591272924697E+00
  0.1338588588588589E+01  0.3962698919389412E+00
  0.1340438438438439E+01  0.3968142767760092E+00
  0.1342288288288288E+01  0.3978605509973944E+00
  0.1344138138138138E+01  0.3977731291964437E+00
  0.1345987987987988E+01  0.3980264342362250E+00
  0.1347837837837838E+01  0.3993585212083528E+00
  0.1349687687687688E+01  0.3998974917070528E+00
  0.1351537537537538E+01  0.3989498547017098E+00
  0.1353387387387388E+01  0.3993735750311918E+00
  0.1355237237237237E+01  0.4008623587450167E+00
  0.1357087087087087E+01  0.4011721251898429E+00
  0.1358936936936937E+01  0.4011187292848579E+00
  0.1360786786786787E+01  0.3993591004665150E+00
  0.1362636636636637E+01  0.4001168877943415E+00
  0.1364486486486487E+01  0.4008209248082372E+00
  0.1366336336336337E+01  0.3990178286691928E+00
  0.1368186186186186E+01  0.3963066742909531E+00
  0.1370036036036036E+01  0.3968773457663402E+00
  0.1371885885885886E+01  0.3959268873915502E+00
  0.1373735735735736E+01  0.3931911142057203E+00
  0.1375585585585586E+01  0.3913323153076488E+00
  0.1377435435435435E+01  0.3898431337256605E+00
  0.1379285285285285E+01  0.3876534167912715E+00
  0.1381135135135135E+01  0.3861672915765402E+00
  0.1382984984984985E+01  0.3845321535685219E+00
  0.1384834834834835E+01  0.3834754020924430E+00
  0.1386684684684685E+01  0.3843349380729550E+00
  0.1388534534534535E+01  0.3837436637972900E+00
  0.1390384384384384E+01  0.3846662180874162E+00
  0.1392234234234234E+01  0.3852323776032665E+00
  0.1394084084084084E+01  0.3873035857040018E+00
  0.1395933933933934E+01  0.3886162315788039E+00
  0.1397783783783784E+01  0.3903500368631512E+00
  0.1399633633633634E+01  0.3921346317705323E+00
  0.1401483483483484E+01  0.3937524411021094E+00
  0.1403333333333333E+01  0.3948654989877848E+00
  0.1405183183183183E+01  0.3957768611025980E+00
  0.1407033033033033E+01  0.3961683614910881E+00
  0.1408882882882883E+01  0.3980030676392420E+00
  0.1410732732732733E+01  0.3999052635133356E+00
  0.1412582582582583E+01  0.4016586728102215E+00
  0.1414432432432433E+01  0.4024140691803557E+00
  0.1416282282282282E+01  0.4027796808770311E+00
  0.1418132132132132E+01  0.4044018291902738E+00
  0.1419981981981982E+01  0.4032447234722074E+00
  0.1421831831831832E+01  0.4023620386945100E+00
  0.1423681681681682E+01  0.3998807657583574E+00
  0.1425531531531532E+01  0.3964535883637062E+00
  0.1427381381381382E+01  0.3918422188677270E+00
  0.1429231231231231E+01  0.3850183001468477E+00
  0.1431081081081081E+01  0.3778263391034012E+00
  0.1432930930930931E+01  0.3680427237584622E+00
  0.1434780780780781E+01  0.3575011967171600E+00
  0.1436630630630631E+01  0.3454573849323982E+00
  0.1438480480480480E+01  0.3325901079787016E+00
  0.1440330330330331E+01  0.3169882753797855E+00
  0.1442180180180180E+01  0.3034333340896286E+00
  0.1444030030030030E+01  0.2877383190144965E+00
  0.1445879879879880E+01  0.2722285983865739E+00
  0.1447729729729730E+01  0.2594355287918388E+00
  0.1449579579579580E+01  0.2490862144456115E+00
  0.1451429429429429E+01  0.2407739995861824E+00
  0.1453279279279279E+01  0.2345741106566910E+00
  0.1455129129129129E+01  0.2327538638725427E+00
  0.1456978978978979E+01  0.2351632291438686E+00
  0.1458828828828829E+01  0.2416379696894722E+00
  0.1460678678678679E+01  0.2523376126591096E+00
  0.1462528528528529E+01  0.2654359552196244E+00
  0.1464378378378378E+01  0.2827952447896793E+00
  0.1466228228228228E+01  0.3037168718215091E+00
  0.1468078078078078E+01  0.3224351004071345E+00
  0.1469927927927928E+01  0.3407539494663481E+00
  0.1471777777777778E+01  0.3603707706492982E+00
  0.1473627627627628E+01  0.3788849141203978E+00
  0.1475477477477478E+01  0.3933722637146206E+00
  0.1477327327327327E+01  0.4037589273715204E+00
  0.1479177177177177E+01  0.4113037268921006E+00
  0.1481027027027027E+01  0.4177497543279035E+00
  0.1482876876876877E+01  0.4220598824845193E+00
  0.1484726726726727E+01  0.4248148270977523E+00
  0.1486576576576577E+01  0.4249578252532389E+00
  0.1488426426426427E+01  0.4255298111044596E+00
  0.1490276276276276E+01  0.4275108690756857E+00
  0.1492126126126126E+01  0.4280389296306546E+00
  0.1493975975975976E+01  0.4265474896914825E+00
  0.1495825825825826E+01  0.4260519527729636E+00
  0.1497675675675676E+01  0.4277906045101462E+00
  0.1499525525525526E+01  0.4284872917318043E+00
  0.1501375375375376E+01  0.4282371618795406E+00
  0.1503225225225225E+01  0.4279636665622284E+00
  0.1505075075075075E+01  0.4290696047835022E+00
  0.1506924924924925E+01  0.4308659368412793E+00
  0.1508774774774775E+01  0.4315518626150301E+00
  0.1510624624624625E+01  0.4318845726701209E+00
  0.1512474474474474E+01  0.4325125810043681E+00
  0.1514324324324325E+01  0.4335224975557971E+00
  0.1516174174174174E+01  0.4344837224372937E+00
  0.1518024024024024E+01  0.4344631370585467E+00
  0.1519873873873874E+01  0.4330261511206439E+00
  0.1521723723723724E+01  0.4329302950986789E+00
  0.1523573573573574E+01  0.4349805936789182E+00
  0.1525423423423423E+01  0.4349230390162526E+00
  0.1527273273273273E+01  0.4355435460128131E+00
  0.1529123123123123E+01  0.4364826251041911E+00
  0.1530972972972973E+01  0.4369056064465733E+00
  0.1532822822822823E+01  0.4380307299525513E+00
  0.1534672672672673E+01  0.4372362046334529E+00
  0.1536522522522523E+01  0.4370736885225843E+00
  0.1538372372372373E+01  0.4382585054125299E+00
  0.1540222222222222E+01  0.4385585063420061E+00
  0.1542072072072072E+01  0.4375522339220971E+00
  0.1543921921921922E+01  0.4353511884474512E+00
  0.1545771771771772E+01  0.4358348949153930E+00
  0.1547621621621622E+01  0.4369932218030210E+00
  0.1549471471471472E+01  0.4370675865482712E+00
  0.1551321321321322E+01  0.4358522578968765E+00
  0.1553171171171171E+01  0.4362125702938089E+00
  0.1555021021021021E+01  0.4369685330910050E+00
  0.1556870870870871E+01  0.4370640675097138E+00
  0.1558720720720721E+01  0.4345299331264751E+00
  0.1560570570570571E+01  0.4342643662294258E+00
  0.1562420420420421E+01  0.4350950292269700E+00
  0.1564270270270270E+01  0.4368586803851012E+00
  0.1566120120120120E+01  0.4351310566633616E+00
  0.1567969969969970E+01  0.4340057670444655E+00
  0.1569819819819820E+01  0.4347383743803248E+00
  0.1571669669669670E+01  0.4359226652892693E+00
  0.1573519519519520E+01  0.4363113087617638E+00
  0.1575369369369370E+01  0.4354551579274611E+00
  0.1577219219219219E+01  0.4359291891892954E+00
  0.1579069069069069E+01  0.4374106463869716E+00
  0.1580918918918919E+01  0.4388954137843079E+00
  0.1582768768768769E+01  0.4364174906399192E+00
  0.1584618618618619E+01  0.4371951618650312E+00
  0.1586468468468468E+01  0.4372752993004940E+00
  0.1588318318318318E+01  0.4369847172680822E+00
  0.1590168168168169E+01  0.4360916939396809E+00
  0.1592018018018018E+01  0.4354436053786831E+00
  0.1593867867867868E+01  0.4359930073481352E+00
  0.1595717717717718E+01  0.4362408997083673E+00
  0.1597567567567568E+01  0.4369175605445286E+00
  0.1599417417417417E+01  0.4362268511084829E+00
  0.1601267267267267E+01  0.4368768076345687E+00
  0.1603117117117117E+01  0.4399031035650541E+00
  0.1604966966966967E+01  0.4408762641216647E+00
  0.1606816816816817E+01  0.4391971784937114E+00
  0.1608666666666667E+01  0.4390449643787009E+00
  0.1610516516516517E+01  0.4403434947851628E+00
  0.1612366366366366E+01  0.4399233834875191E+00
  0.1614216216216216E+01  0.4409572590045790E+00
  0.1616066066066066E+01  0.4398061145271028E+00
  0.1617915915915916E+01  0.4396304322726902E+00
  0.1619765765765766E+01  0.4412177998277003E+00
  0.1621615615615616E+01  0.4402587656609073E+00
  0.1623465465465466E+01  0.4379927669969436E+00
  0.1625315315315315E+01  0.4386678296432721E+00
  0.1627165165165165E+01  0.4405493362366033E+00
  0.1629015015015015E+01  0.4405126758293711E+00
  0.1630864864864865E+01  0.4379333729033391E+00
  0.1632714714714715E+01  0.4360245976955267E+00
  0.1634564564564565E+01  0.4380589230328916E+00
  0.1636414414414415E+01  0.4403995621725173E+00
  0.1638264264264265E+01  0.4401880735136662E+00
  0.1640114114114114E+01  0.4404499684057969E+00
  0.1641963963963964E+01  0.4426057813954903E+00
  0.1643813813813814E+01  0.4427244442541317E+00
  0.1645663663663664E+01  0.4429414949294043E+00
  0.1647513513513513E+01  0.4429568488173556E+00
  0.1649363363363364E+01  0.4426400714550891E+00
  0.1651213213213214E+01  0.4445472690331118E+00
  0.1653063063063063E+01  0.4455918387774759E+00
  0.1654912912912913E+01  0.4441797849527206E+00
  0.1656762762762763E+01  0.4438269373915601E+00
  0.1658612612612613E+01  0.4443923295014215E+00
  0.1660462462462462E+01  0.4457168656357309E+00
  0.1662312312312312E+01  0.4449430759554101E+00
  0.1664162162162163E+01  0.4438238115256728E+00
  0.1666012012012012E+01  0.4435045720087532E+00
  0.1667861861861862E+01  0.4442750315699975E+00
  0.1669711711711712E+01  0.4430878771960338E+00
  0.1671561561561562E+01  0.4402958281165022E+00
  0.1673411411411411E+01  0.4401627879691440E+00
  0.1675261261261261E+01  0.4430727369849210E+00
  0.1677111111111111E+01  0.4434682513368585E+00
  0.1678960960960961E+01  0.4429057034034916E+00
  0.1680810810810811E+01  0.4436713449440167E+00
  0.1682660660660661E+01  0.4424232242028485E+00
  0.1684510510510511E+01  0.4438014264530787E+00
  0.1686360360360361E+01  0.4433234250567042E+00
  0.1688210210210210E+01  0.4414704776059313E+00
  0.1690060060060060E+01  0.4422131241096766E+00
  0.1691909909909910E+01  0.4437861912706282E+00
  0.1693759759759760E+01  0.4455588947860585E+00
  0.1695609609609610E+01  0.4450610418058640E+00
  0.1697459459459460E+01  0.4450807590968676E+00
  0.1699309309309310E+01  0.4459087862958007E+00
  0.1701159159159159E+01  0.4476645735598658E+00
  0.1703009009009009E+01  0.4462278997047641E+00
  0.1704858858858859E+01  0.4439739009803772E+00
  0.1706708708708709E+01  0.4449922578963085E+00
  0.1708558558558559E+01  0.4454807139972834E+00
  0.1710408408408409E+01  0.4450026640250825E+00
  0.1712258258258259E+01  0.4440513451678315E+00
  0.1714108108108108E+01  0.4432107228622671E+00
  0.1715957957957958E+01  0.4447347524306031E+00
  0.1717807807807808E+01  0.4461703146623923E+00
  0.1719657657657658E+01  0.4459972937443353E+00
  0.1721507507507507E+01  0.4447897738991782E+00
  0.1723357357357358E+01  0.4460283129112536E+00
  0.1725207207207208E+01  0.4477311776238920E+00
  0.1727057057057057E+01  0.4499854151450032E+00
  0.1728906906906907E+01  0.4472970167837248E+00
  0.1730756756756757E+01  0.4463159316483684E+00
  0.1732606606606607E+01  0.4472759991202406E+00
  0.1734456456456457E+01  0.4473067877144179E+00
  0.1736306306306306E+01  0.4464785160311473E+00
  0.1738156156156156E+01  0.4467280499811047E+00
  0.1740006006006006E+01  0.4475923954758305E+00
  0.1741855855855856E+01  0.4479813835528534E+00
  0.1743705705705706E+01  0.4487315098242516E+00
  0.1745555555555556E+01  0.4475110898134121E+00
  0.1747405405405406E+01  0.4471178784968859E+00
  0.1749255255255255E+01  0.4485293852838252E+00
  0.1751105105105105E+01  0.4499955406698576E+00
  0.1752954954954955E+01  0.4485908900634317E+00
  0.1754804804804805E+01  0.4485519162361311E+00
  0.1756654654654655E+01  0.4499042169245823E+00
  0.1758504504504505E+01  0.4501740520554209E+00
  0.1760354354354355E+01  0.4502153757920033E+00
  0.1762204204204204E+01  0.4485712161386962E+00
  0.1764054054054054E+01  0.4495134078366794E+00
  0.1765903903903904E+01  0.4512969818491330E+00
  0.1767753753753754E+01  0.4507908322208622E+00
  0.1769603603603604E+01  0.4490687693949479E+00
  0.1771453453453454E+01  0.4495259517965148E+00
  0.1773303303303304E+01  0.4495698416603727E+00
  0.1775153153153153E+01  0.4531484368307936E+00
  0.1777003003003003E+01  0.4554248301357286E+00
  0.1778852852852853E+01  0.4494012712907456E+00
  0.1780702702702703E+01  0.4518218234342392E+00
  0.1782552552552553E+01  0.4538791162074565E+00
  0.1784402402402403E+01  0.4536392731077912E+00
  0.1786252252252253E+01  0.4520982889062856E+00
  0.1788102102102102E+01  0.4529665305152298E+00
  0.1789951951951952E+01  0.4540221553881045E+00
  0.1791801801801802E+01  0.4534746421538863E+00
  0.1793651651651652E+01  0.4515731644434839E+00
  0.1795501501501502E+01  0.4508624213722602E+00
  0.1797351351351351E+01  0.4512868582834342E+00
  0.1799201201201202E+01  0.4535002631583518E+00
  0.1801051051051051E+01  0.4534114088327921E+00
  0.1802900900900901E+01  0.4529709647404584E+00
  0.1804750750750751E+01  0.4532521202183918E+00
  0.1806600600600601E+01  0.4551282963021340E+00
  0.1808450450450451E+01  0.4556669999674562E+00
  0.1810300300300300E+01  0.4553244996333226E+00
  0.1812150150150150E+01  0.4553457516974583E+00
  0.1814000000000000E+01  0.4580086858160981E+00
  0.1815849849849850E+01  0.4587223521901587E+00
  0.1817699699699700E+01  0.4574660367397616E+00
  0.1819549549549550E+01  0.4550039450049137E+00
  0.1821399399399400E+01  0.4547898332812642E+00
  0.1823249249249249E+01  0.4556371883284433E+00
  0.1825099099099099E+01  0.4553337360340493E+00
  0.1826948948948949E+01  0.4538997811706759E+00
  0.1828798798798799E+01  0.4534884040812114E+00
  0.1830648648648649E+01  0.4544364858891583E+00
  0.1832498498498499E+01  0.4558586584837581E+00
  0.1834348348348349E+01  0.4547890933826875E+00
  0.1836198198198198E+01  0.4546542855996761E+00
  0.1838048048048048E+01  0.4555182262105694E+00
  0.1839897897897898E+01  0.4576779653114317E+00
  0.1841747747747748E+01  0.4554913209855634E+00
  0.1843597597597598E+01  0.4540335989735584E+00
  0.1845447447447448E+01  0.4554748611288812E+00
  0.1847297297297298E+01  0.4566952671210560E+00
  0.1849147147147147E+01  0.4564249983006439E+00
  0.1850996996996997E+01  0.4546678039416370E+00
  0.1852846846846847E+01  0.4545103100712223E+00
  0.1854696696696697E+01  0.4562950536003462E+00
  0.1856546546546547E+01  0.4558694130550269E+00
  0.1858396396396397E+01  0.4540914516887054E+00
  0.1860246246246247E+01  0.4536875607270094E+00
  0.1862096096096096E+01  0.4542954673694041E+00
  0.1863945945945946E+01  0.4564147797843651E+00
  0.1865795795795796E+01  0.4552736107459940E+00
  0.1867645645645646E+01  0.4532749493606761E+00
  0.1869495495495496E+01  0.4550410416445959E+00
  0.1871345345345345E+01  0.4554969863499974E+00
  0.1873195195195196E+01  0.4564287671574041E+00
  0.1875045045045045E+01  0.4569073500853782E+00
  0.1876894894894895E+01  0.4565807162371097E+00
  0.1878744744744745E+01  0.4576936421709031E+00
  0.1880594594594595E+01  0.4578803900938125E+00
  0.1882444444444445E+01  0.4549676757979837E+00
  0.1884294294294294E+01  0.4544171390132005E+00
  0.1886144144144144E+01  0.4557956969460283E+00
  0.1887993993993994E+01  0.4562155100668511E+00
  0.1889843843843844E+01  0.4551408456138754E+00
  0.1891693693693694E+01  0.4541582600306425E+00
  0.1893543543543544E+01  0.4541189629588995E+00
  0.1895393393393394E+01  0.4554899629901951E+00
  0.1897243243243243E+01  0.4565048033248387E+00
  0.1899093093093093E+01  0.4545182892472386E+00
  0.1900942942942943E+01  0.4545611529263160E+00
  0.1902792792792793E+01  0.4553368378507321E+00
  0.1904642642642643E+01  0.4559909048889151E+00
  0.1906492492492493E+01  0.4552633517061890E+00
  0.1908342342342343E+01  0.4555311062717349E+00
  0.1910192192192192E+01  0.4577662599756231E+00
  0.1912042042042042E+01  0.4593755115655057E+00
  0.1913891891891892E+01  0.4590060398265576E+00
  0.1915741741741742E+01  0.4569905658597051E+00
  0.1917591591591592E+01  0.4570972220359881E+00
  0.1919441441441442E+01  0.4583589645823786E+00
  0.1921291291291292E+01  0.4578204158322368E+00
  0.1923141141141141E+01  0.4569143875356267E+00
  0.1924990990990991E+01  0.4557147134397672E+00
  0.1926840840840841E+01  0.4563194358943525E+00
  0.1928690690690691E+01  0.4574083393100814E+00
  0.1930540540540541E+01  0.4564762630633184E+00
  0.1932390390390391E+01  0.4543061017842314E+00
  0.1934240240240241E+01  0.4544022943880252E+00
  0.1936090090090090E+01  0.4565935108255802E+00
  0.1937939939939940E+01  0.4568203377644738E+00
  0.1939789789789790E+01  0.4561736133461463E+00
  0.1941639639639640E+01  0.4565456948657808E+00
  0.1943489489489490E+01  0.4588010500120491E+00
  0.1945339339339339E+01  0.4605449397037698E+00
  0.1947189189189189E+01  0.4603190348971546E+00
  0.1949039039039039E+01  0.4582512999775347E+00
  0.1950888888888889E+01  0.4594726837934267E+00
  0.1952738738738739E+01  0.4601764058253363E+00
  0.1954588588588589E+01  0.4595188366431696E+00
  0.1956438438438439E+01  0.4589262322287383E+00
  0.1958288288288288E+01  0.4571235154186390E+00
  0.1960138138138138E+01  0.4549764993453095E+00
  0.1961987987987988E+01  0.4573634312794214E+00
  0.1963837837837838E+01  0.4594746171281588E+00
  0.1965687687687688E+01  0.4596858705814939E+00
  0.1967537537537538E+01  0.4615490136555281E+00
  0.1969387387387388E+01  0.4611587974971972E+00
  0.1971237237237237E+01  0.4605685223233906E+00
  0.1973087087087087E+01  0.4603709375487028E+00
  0.1974936936936937E+01  0.4602741324882889E+00
  0.1976786786786787E+01  0.4609214092144686E+00
  0.1978636636636637E+01  0.4620700826921068E+00
  0.1980486486486487E+01  0.4620900854311395E+00
  0.1982336336336337E+01  0.4619389661031881E+00
  0.1984186186186186E+01  0.4625830359413203E+00
  0.1986036036036036E+01  0.4636284006335983E+00
  0.1987885885885886E+01  0.4640069257507623E+00
  0.1989735735735736E+01  0.4638685683087331E+00
  0.1991585585585586E+01  0.4641892170581970E+00
  0.1993435435435436E+01  0.4640352049330085E+00
  0.1995285285285286E+01  0.4610682326957936E+00
  0.1997135135135135E+01  0.4582850482594574E+00
  0.1998984984984985E+01  0.4616168664088835E+00
  0.2000834834834835E+01  0.4616406934393598E+00
  0.2002684684684685E+01  0.4607813151349076E+00
  0.2004534534534535E+01  0.4606063811620397E+00
  0.2006384384384384E+01  0.4612895392778256E+00
  0.2008234234234235E+01  0.4620943092301312E+00
  0.2010084084084084E+01  0.4614559283474715E+00
  0.2011933933933934E+01  0.4601495120169757E+00
  0.2013783783783784E+01  0.4606234576584415E+00
  0.2015633633633634E+01  0.4601911601592035E+00
  0.2017483483483484E+01  0.4602964598410971E+00
  0.2019333333333333E+01  0.4591706059760151E+00
  0.2021183183183183E+01  0.4586701083142695E+00
  0.2023033033033033E+01  0.4607933556386966E+00
  0.2024882882882883E+01  0.4594883449326357E+00
  0.2026732732732733E+01  0.4594280459659173E+00
  0.2028582582582583E+01  0.4589462986294063E+00
  0.2030432432432433E+01  0.4603029367008529E+00
  0.2032282282282282E+01  0.4614271128150116E+00
  0.2034132132132132E+01  0.4602969633231689E+00
  0.2035981981981982E+01  0.4605099332074212E+00
  0.2037831831831832E+01  0.4604577441558530E+00
  0.2039681681681682E+01  0.4608094689489510E+00
  0.2041531531531532E+01  0.4592663880006734E+00
  0.2043381381381382E+01  0.4592773025886563E+00
  0.2045231231231231E+01  0.4590921340950179E+00
  0.2047081081081081E+01  0.4590260273354380E+00
  0.2048930930930931E+01  0.4588120503317856E+00
  0.2050780780780781E+01  0.4586094728355629E+00
  0.2052630630630631E+01  0.4574571727284767E+00
  0.2054480480480481E+01  0.4581595942148085E+00
  0.2056330330330331E+01  0.4593152919545653E+00
  0.2058180180180180E+01  0.4604402436017966E+00
  0.2060030030030030E+01  0.4598901566552353E+00
  0.2061879879879880E+01  0.4596406583684980E+00
  0.2063729729729730E+01  0.4608637496732025E+00
  0.2065579579579580E+01  0.4600825980798274E+00
  0.2067429429429430E+01  0.4594327943897074E+00
  0.2069279279279280E+01  0.4591718151087114E+00
  0.2071129129129129E+01  0.4608279385185500E+00
  0.2072978978978979E+01  0.4630527409955816E+00
  0.2074828828828829E+01  0.4638567707517862E+00
  0.2076678678678679E+01  0.4632016872355735E+00
  0.2078528528528529E+01  0.4614568101879784E+00
  0.2080378378378378E+01  0.4637081280711043E+00
  0.2082228228228229E+01  0.4649397384240537E+00
  0.2084078078078078E+01  0.4657723238081756E+00
  0.2085927927927928E+01  0.4653235300155712E+00
  0.2087777777777778E+01  0.4661625980931076E+00
  0.2089627627627628E+01  0.4638823965717659E+00
  0.2091477477477478E+01  0.4622654193595581E+00
  0.2093327327327327E+01  0.4634939648020286E+00
  0.2095177177177177E+01  0.4623575655245260E+00
  0.2097027027027027E+01  0.4629983385187220E+00
  0.2098876876876877E+01  0.4636331963370224E+00
  0.2100726726726727E+01  0.4621951446734648E+00
  0.2102576576576577E+01  0.4611723869158674E+00
  0.2104426426426427E+01  0.4606582590894602E+00
  0.2106276276276276E+01  0.4614775101328429E+00
  0.2108126126126126E+01  0.4613345770454403E+00
  0.2109975975975976E+01  0.4618989053642830E+00
  0.2111825825825826E+01  0.4599242354296061E+00
  0.2113675675675676E+01  0.4604856152222250E+00
  0.2115525525525526E+01  0.4605653965592661E+00
  0.2117375375375376E+01  0.4609707687679778E+00
  0.2119225225225225E+01  0.4623437491843649E+00
  0.2121075075075075E+01  0.4639745127519836E+00
  0.2122924924924925E+01  0.4640363895735128E+00
  0.2124774774774775E+01  0.4648416606920675E+00
  0.2126624624624625E+01  0.4666225199804737E+00
  0.2128474474474475E+01  0.4654414605176370E+00
  0.2130324324324325E+01  0.4667575980928479E+00
  0.2132174174174174E+01  0.4672228557923297E+00
  0.2134024024024024E+01  0.4654451684894044E+00
  0.2135873873873874E+01  0.4657451641621493E+00
  0.2137723723723724E+01  0.4649646054577717E+00
  0.2139573573573574E+01  0.4630517947647511E+00
  0.2141423423423424E+01  0.4618918139918444E+00
  0.2143273273273274E+01  0.4619851145256131E+00
  0.2145123123123124E+01  0.4608357613461554E+00
  0.2146972972972973E+01  0.4610144778488949E+00
  0.2148822822822823E+01  0.4624749524117699E+00
  0.2150672672672673E+01  0.4617539633145581E+00
  0.2152522522522523E+01  0.4596425128122167E+00
  0.2154372372372372E+01  0.4590740142455362E+00
  0.2156222222222222E+01  0.4595270749793510E+00
  0.2158072072072073E+01  0.4580665665881694E+00
  0.2159921921921922E+01  0.4590841623339252E+00
  0.2161771771771772E+01  0.4585572436998719E+00
  0.2163621621621622E+01  0.4580561856819120E+00
  0.2165471471471472E+01  0.4558530286894582E+00
  0.2167321321321321E+01  0.4554475492316837E+00
  0.2169171171171171E+01  0.4547388914752664E+00
  0.2171021021021021E+01  0.4535914537971243E+00
  0.2172870870870871E+01  0.4542334057092673E+00
  0.2174720720720721E+01  0.4537146166054706E+00
  0.2176570570570571E+01  0.4501865013930323E+00
  0.2178420420420421E+01  0.4466663316241606E+00
  0.2180270270270270E+01  0.4436012610278383E+00
  0.2182120120120120E+01  0.4415815054539098E+00
  0.2183969969969970E+01  0.4387137801897196E+00
  0.2185819819819820E+01  0.4331290084584526E+00
  0.2187669669669670E+01  0.4285786627707899E+00
  0.2189519519519520E+01  0.4244371148514249E+00
  0.2191369369369370E+01  0.4194670087864520E+00
  0.2193219219219220E+01  0.4146731730299091E+00
  0.2195069069069069E+01  0.4089558561115113E+00
  0.2196918918918919E+01  0.4040872509230150E+00
  0.2198768768768769E+01  0.3972503883856194E+00
  0.2200618618618619E+01  0.3913621877111509E+00
  0.2202468468468469E+01  0.3837675608682928E+00
  0.2204318318318319E+01  0.3770718126423772E+00
  0.2206168168168169E+01  0.3730441674379462E+00
  0.2208018018018018E+01  0.3689229002654743E+00
  0.2209867867867868E+01  0.3640323662812344E+00
  0.2211717717717718E+01  0.3619864430112897E+00
  0.2213567567567568E+01  0.3611240803657163E+00
  0.2215417417417417E+01  0.3592970636919102E+00
  0.2217267267267268E+01  0.3597260094627477E+00
  0.2219117117117118E+01  0.3602154759335588E+00
  0.2220966966966967E+01  0.3609702329997913E+00
  0.2222816816816817E+01  0.3625197183357117E+00
  0.2224666666666667E+01  0.3642191587943854E+00
  0.2226516516516517E+01  0.3642552385733502E+00
  0.2228366366366366E+01  0.3655484751365309E+00
  0.2230216216216216E+01  0.3683546431118488E+00
  0.2232066066066067E+01  0.3701246141740923E+00
  0.2233915915915916E+01  0.3726507113320526E+00
  0.2235765765765766E+01  0.3749899741885109E+00
  0.2237615615615616E+01  0.3762356955393523E+00
  0.2239465465465466E+01  0.3784555593034219E+00
  0.2241315315315316E+01  0.3788431095622154E+00
  0.2243165165165165E+01  0.3777761336421566E+00
  0.2245015015015015E+01  0.3803750000194102E+00
  0.2246864864864865E+01  0.3817008455709529E+00
  0.2248714714714715E+01  0.3804355598500387E+00
  0.2250564564564565E+01  0.3815988668299826E+00
  0.2252414414414415E+01  0.3820094359441165E+00
  0.2254264264264265E+01  0.3816697411216240E+00
  0.2256114114114114E+01  0.3832518330934778E+00
  0.2257963963963964E+01  0.3838737287681180E+00
  0.2259813813813814E+01  0.3846640454109597E+00
  0.2261663663663664E+01  0.3861698985022357E+00
  0.2263513513513514E+01  0.3872044096498171E+00
  0.2265363363363364E+01  0.3876111678377019E+00
  0.2267213213213214E+01  0.3897513777605636E+00
  0.2269063063063063E+01  0.3914187869893575E+00
  0.2270912912912913E+01  0.3948771199774060E+00
  0.2272762762762763E+01  0.3979461118613720E+00
  0.2274612612612613E+01  0.3993481061270032E+00
  0.2276462462462463E+01  0.4010795268653535E+00
  0.2278312312312313E+01  0.4025540024383751E+00
  0.2280162162162163E+01  0.4031773498577397E+00
  0.2282012012012012E+01  0.4053584149198425E+00
  0.2283861861861862E+01  0.4092048922601627E+00
  0.2285711711711712E+01  0.4099250118071663E+00
  0.2287561561561562E+01  0.4115424100972948E+00
  0.2289411411411412E+01  0.4135832061051418E+00
  0.2291261261261262E+01  0.4140466124688755E+00
  0.2293111111111112E+01  0.4149071670536289E+00
  0.2294960960960961E+01  0.4182945311596589E+00
  0.2296810810810811E+01  0.4182441330675637E+00
  0.2298660660660661E+01  0.4192187672097057E+00
  0.2300510510510511E+01  0.4206240012174824E+00
  0.2302360360360361E+01  0.4191137972224653E+00
  0.2304210210210210E+01  0.4192680269349986E+00
  0.2306060060060060E+01  0.4191689708546373E+00
  0.2307909909909910E+01  0.4174860959846326E+00
  0.2309759759759760E+01  0.4166266633799631E+00
  0.2311609609609610E+01  0.4133477369840041E+00
  0.2313459459459460E+01  0.4063023282643063E+00
  0.2315309309309310E+01  0.3977547274983939E+00
  0.2317159159159159E+01  0.3898541517165829E+00
  0.2319009009009009E+01  0.3774667496645964E+00
  0.2320858858858859E+01  0.3622320251634205E+00
  0.2322708708708709E+01  0.3465410950578534E+00
  0.2324558558558559E+01  0.3272032563122681E+00
  0.2326408408408409E+01  0.3074994926444920E+00
  0.2328258258258259E+01  0.2885699642049938E+00
  0.2330108108108108E+01  0.2690500138376786E+00
  0.2331957957957958E+01  0.2493991937981822E+00
  0.2333807807807808E+01  0.2307754582436326E+00
  0.2335657657657658E+01  0.2108072089084764E+00
  0.2337507507507508E+01  0.1933413002357184E+00
  0.2339357357357358E+01  0.1789745300123975E+00
  0.2341207207207208E+01  0.1678603731251410E+00
  0.2343057057057057E+01  0.1605685210134561E+00
  0.2344906906906907E+01  0.1564198777509457E+00
  0.2346756756756757E+01  0.1542431409092113E+00
  0.2348606606606607E+01  0.1536115664038978E+00
  0.2350456456456457E+01  0.1523638244977230E+00
  0.2352306306306307E+01  0.1497351241638415E+00
  0.2354156156156157E+01  0.1458118729964618E+00
  0.2356006006006006E+01  0.1400306380696837E+00
  0.2357855855855856E+01  0.1315396063883728E+00
  0.2359705705705706E+01  0.1211748220828447E+00
  0.2361555555555556E+01  0.1085577502647492E+00
  0.2363405405405406E+01  0.9393250226961905E-01
  0.2365255255255255E+01  0.7899812369233855E-01
  0.2367105105105106E+01  0.6409849696790042E-01
  0.2368954954954955E+01  0.4986403122717207E-01
  0.2370804804804805E+01  0.3762191126003173E-01
  0.2372654654654655E+01  0.2777620523501986E-01
  0.2374504504504505E+01  0.2120154531453966E-01
  0.2376354354354355E+01  0.1829270574660674E-01
  0.2378204204204204E+01  0.1642276118860603E-01
  0.2380054054054054E+01  0.1537878827583655E-01
  0.2381903903903904E+01  0.1257181062439970E-01
  0.2383753753753754E+01  0.1057267666515568E-01
  0.2385603603603604E+01  0.9060502610434364E-02
  0.2387453453453454E+01  0.7837296255622135E-02
  0.2389303303303304E+01  0.6733238901657125E-02
  0.2391153153153153E+01  0.5747717454045234E-02
  0.2393003003003003E+01  0.4891827525220468E-02
  0.2394852852852853E+01  0.4090012157532424E-02
  0.2396702702702703E+01  0.3390221922948850E-02
  0.2398552552552553E+01  0.2803781825114293E-02
  0.2400402402402403E+01  0.2285743111293569E-02
  0.2402252252252253E+01  0.1841821844490255E-02
  0.2404102102102102E+01  0.1473134143510802E-02
  0.2405951951951952E+01  0.1160208753731420E-02
  0.2407801801801802E+01  0.9107672113272136E-03
  0.2409651651651652E+01  0.7109352545117215E-03
  0.2411501501501502E+01  0.5489345892560876E-03
  0.2413351351351352E+01  0.4219722307082317E-03
  0.2415201201201202E+01  0.3255504728273600E-03
  0.2417051051051051E+01  0.2504632748762116E-03
  0.2418900900900901E+01  0.1931051629559631E-03
  0.2420750750750751E+01  0.1500213744008676E-03
  0.2422600600600601E+01  0.1174445936589886E-03
  0.2424450450450451E+01  0.9276313200753907E-04
  0.2426300300300301E+01  0.7417873260651947E-04
  0.2428150150150151E+01  0.5940437659667792E-04
  0.2431849849849850E+01  0.0000000000000000E+00
