  1000 NIRCAM_F277W        
  0.2328672943000000E+01  0.3729198780837838E+01  0.2687931444809993E+02  0.2265415796370512E+01  0.5779314448099925E+01  0.1771226987492070E-10  0.4506440916540034E+03  0.2727977458667755E+01  0.6940651495236048E-17  0.2761786369122957E+01
  0.2784529744470885E+01  0.2754209136925634E+01  0.2769384447394387E+01  0.2747114971831885E+01  0.2747615395490424E+01  0.3128815294805536E+00  0.7110735929186154E+00  0.6827654390566820E+00  0.2416037278515335E+01  0.3127110871433950E+01
  0.2808853450468513E+01  0.6827654390566820E+01  0.1019840292013509E+00  0.6950899640978232E-17  0.1005380863783234E-20  0.2539999961853027E+06  0.2561485901515739E+02  0.2788027633740683E+02  0.3139417346325732E+02
  0.2328672943000000E+01  0.0000000000000000E+00
  0.2330073468837838E+01  0.4829076018416110E-04
  0.2331473994675676E+01  0.5583177783726651E-04
  0.2332874520513514E+01  0.6472732837029757E-04
  0.2334275046351351E+01  0.7538088350087448E-04
  0.2335675572189189E+01  0.8780477690186844E-04
  0.2337076098027027E+01  0.1020930933147670E-03
  0.2338476623864865E+01  0.1196997859002838E-03
  0.2339877149702703E+01  0.1399482351665227E-03
  0.2341277675540541E+01  0.1634247130759649E-03
  0.2342678201378378E+01  0.1904331611368216E-03
  0.2344078727216216E+01  0.2219193416026801E-03
  0.2345479253054054E+01  0.2594608530313964E-03
  0.2346879778891892E+01  0.3052869515558260E-03
  0.2348280304729730E+01  0.3604677148905344E-03
  0.2349680830567567E+01  0.4290650757038984E-03
  0.2351081356405405E+01  0.5146205792669288E-03
  0.2352481882243243E+01  0.6213253330920195E-03
  0.2353882408081081E+01  0.7552566750755215E-03
  0.2355282933918919E+01  0.9276184569139388E-03
  0.2356683459756757E+01  0.1144465920750268E-02
  0.2358083985594595E+01  0.1412955006047359E-02
  0.2359484511432433E+01  0.1742043934432421E-02
  0.2360885037270270E+01  0.2141578636530565E-02
  0.2362285563108108E+01  0.2613843501231441E-02
  0.2363686088945946E+01  0.3174119021678256E-02
  0.2365086614783784E+01  0.3811478239551992E-02
  0.2366487140621622E+01  0.4519325815729596E-02
  0.2367887666459459E+01  0.5291786746507958E-02
  0.2369288192297297E+01  0.6122156726466757E-02
  0.2370688718135135E+01  0.6994790670138544E-02
  0.2372089243972973E+01  0.7911001009159698E-02
  0.2373489769810811E+01  0.8861396552662080E-02
  0.2374890295648648E+01  0.9818899257445019E-02
  0.2376290821486486E+01  0.1080599101179090E-01
  0.2377691347324324E+01  0.1188952041753989E-01
  0.2379091873162162E+01  0.1309145706616316E-01
  0.2380492399000000E+01  0.1447435049783129E-01
  0.2381892924837838E+01  0.1606629162702858E-01
  0.2383293450675676E+01  0.1790320935673413E-01
  0.2384693976513514E+01  0.2004807757478595E-01
  0.2386094502351351E+01  0.2257458361884786E-01
  0.2387495028189189E+01  0.2559028948198169E-01
  0.2388895554027027E+01  0.2926285878614054E-01
  0.2390296079864865E+01  0.3365590630381649E-01
  0.2391696605702703E+01  0.3891248010862257E-01
  0.2393097131540540E+01  0.4516975875345489E-01
  0.2394497657378378E+01  0.5259511983636790E-01
  0.2395898183216216E+01  0.6125439691802334E-01
  0.2397298709054054E+01  0.7131478312999417E-01
  0.2398699234891892E+01  0.8262192217096158E-01
  0.2400099760729730E+01  0.9496304433215866E-01
  0.2401500286567567E+01  0.1080280770322657E+00
  0.2402900812405405E+01  0.1214176569529920E+00
  0.2404301338243243E+01  0.1346732103248617E+00
  0.2405701864081081E+01  0.1472265446899735E+00
  0.2407102389918919E+01  0.1587041970021087E+00
  0.2408502915756757E+01  0.1688900554100718E+00
  0.2409903441594595E+01  0.1777229105579817E+00
  0.2411303967432433E+01  0.1853089470874121E+00
  0.2412704493270270E+01  0.1918871755058950E+00
  0.2414105019108108E+01  0.1977746450739075E+00
  0.2415505544945946E+01  0.2034651584243590E+00
  0.2416906070783784E+01  0.2093430742102400E+00
  0.2418306596621622E+01  0.2157040352376905E+00
  0.2419707122459459E+01  0.2227330879972986E+00
  0.2421107648297297E+01  0.2305456462294151E+00
  0.2422508174135135E+01  0.2392410849798594E+00
  0.2423908699972973E+01  0.2480720331894367E+00
  0.2425309225810811E+01  0.2569278817055434E+00
  0.2426709751648648E+01  0.2654620048923000E+00
  0.2428110277486486E+01  0.2733598860245569E+00
  0.2429510803324324E+01  0.2803867617186577E+00
  0.2430911329162162E+01  0.2863478432153850E+00
  0.2432311855000000E+01  0.2913217705682379E+00
  0.2433712380837838E+01  0.2954555266289106E+00
  0.2435112906675676E+01  0.2989514943616448E+00
  0.2436513432513514E+01  0.3020404806937118E+00
  0.2437913958351351E+01  0.3049471360679422E+00
  0.2439314484189189E+01  0.3078881092881336E+00
  0.2440715010027027E+01  0.3110332245524922E+00
  0.2442115535864865E+01  0.3144854545793482E+00
  0.2443516061702703E+01  0.3183110083840565E+00
  0.2444916587540540E+01  0.3225452327131481E+00
  0.2446317113378378E+01  0.3271902937476343E+00
  0.2447717639216216E+01  0.3320115841933775E+00
  0.2449118165054054E+01  0.3371873058909753E+00
  0.2450518690891892E+01  0.3425386694392741E+00
  0.2451919216729730E+01  0.3479890986006839E+00
  0.2453319742567567E+01  0.3534707650457948E+00
  0.2454720268405405E+01  0.3588688902795328E+00
  0.2456120794243243E+01  0.3640493943195942E+00
  0.2457521320081081E+01  0.3689197026363151E+00
  0.2458921845918919E+01  0.3734085131472585E+00
  0.2460322371756757E+01  0.3774372481339203E+00
  0.2461722897594595E+01  0.3809598041138530E+00
  0.2463123423432433E+01  0.3839981379583747E+00
  0.2464523949270270E+01  0.3865397809025410E+00
  0.2465924475108108E+01  0.3886445876547461E+00
  0.2467325000945946E+01  0.3903725436712812E+00
  0.2468725526783784E+01  0.3918403139147372E+00
  0.2470126052621622E+01  0.3930545406767691E+00
  0.2471526578459459E+01  0.3940826431207947E+00
  0.2472927104297297E+01  0.3950039070277914E+00
  0.2474327630135135E+01  0.3961021204058893E+00
  0.2475728155972973E+01  0.3967518478507882E+00
  0.2477128681810811E+01  0.3972948709115146E+00
  0.2478529207648648E+01  0.3978155263464767E+00
  0.2479929733486486E+01  0.3983416746494956E+00
  0.2481330259324324E+01  0.3985744994640762E+00
  0.2482730785162162E+01  0.3986781014047001E+00
  0.2484131311000000E+01  0.3990224336931241E+00
  0.2485531836837838E+01  0.3992898740968450E+00
  0.2486932362675676E+01  0.3995440243823651E+00
  0.2488332888513514E+01  0.3996871488940620E+00
  0.2489733414351351E+01  0.3997096358377468E+00
  0.2491133940189189E+01  0.3996641282857194E+00
  0.2492534466027027E+01  0.3995011816378005E+00
  0.2493934991864865E+01  0.3992302096581471E+00
  0.2495335517702703E+01  0.3988494833101091E+00
  0.2496736043540540E+01  0.3983613746979006E+00
  0.2498136569378378E+01  0.3977640119896013E+00
  0.2499537095216216E+01  0.3970632133282360E+00
  0.2500937621054054E+01  0.3962736587498364E+00
  0.2502338146891892E+01  0.3954084815852012E+00
  0.2503738672729729E+01  0.3944820098705621E+00
  0.2505139198567568E+01  0.3935101797439856E+00
  0.2506539724405406E+01  0.3925079620596413E+00
  0.2507940250243243E+01  0.3914905577480891E+00
  0.2509340776081081E+01  0.3904787990906239E+00
  0.2510741301918919E+01  0.3894959765639512E+00
  0.2512141827756757E+01  0.3885545503984668E+00
  0.2513542353594595E+01  0.3876611772724988E+00
  0.2514942879432432E+01  0.3868302476894914E+00
  0.2516343405270270E+01  0.3860727562653484E+00
  0.2517743931108108E+01  0.3853958370755208E+00
  0.2519144456945946E+01  0.3848041601842566E+00
  0.2520544982783784E+01  0.3843083037672252E+00
  0.2521945508621622E+01  0.3839142745213514E+00
  0.2523346034459459E+01  0.3836266413548138E+00
  0.2524746560297297E+01  0.3834453301390017E+00
  0.2526147086135135E+01  0.3833631722957976E+00
  0.2527547611972973E+01  0.3833802074912460E+00
  0.2528948137810811E+01  0.3834953386459815E+00
  0.2530348663648649E+01  0.3837150472463646E+00
  0.2531749189486487E+01  0.3840580881853671E+00
  0.2533149715324324E+01  0.3844888269954402E+00
  0.2534550241162162E+01  0.3849946922193805E+00
  0.2535950767000000E+01  0.3855699934419494E+00
  0.2537351292837838E+01  0.3862038173268260E+00
  0.2538751818675676E+01  0.3868869833302194E+00
  0.2540152344513514E+01  0.3876124936563116E+00
  0.2541552870351351E+01  0.3883454485571008E+00
  0.2542953396189189E+01  0.3891024808958728E+00
  0.2544353922027027E+01  0.3898740373686083E+00
  0.2545754447864865E+01  0.3906538049375953E+00
  0.2547154973702703E+01  0.3914366043020423E+00
  0.2548555499540540E+01  0.3922150387593346E+00
  0.2549956025378378E+01  0.3929853993325053E+00
  0.2551356551216216E+01  0.3937537489795021E+00
  0.2552757077054054E+01  0.3945054898538519E+00
  0.2554157602891892E+01  0.3952341462562090E+00
  0.2555558128729730E+01  0.3959351392479098E+00
  0.2556958654567568E+01  0.3966042923195180E+00
  0.2558359180405406E+01  0.3972406496333503E+00
  0.2559759706243243E+01  0.3978462841244511E+00
  0.2561160232081081E+01  0.3984240366124260E+00
  0.2562560757918919E+01  0.3989743445344587E+00
  0.2563961283756757E+01  0.3994966040401004E+00
  0.2565361809594595E+01  0.3999895237642925E+00
  0.2566762335432432E+01  0.4004593409094233E+00
  0.2568162861270270E+01  0.4009098471939360E+00
  0.2569563387108108E+01  0.4013560547564250E+00
  0.2570963912945946E+01  0.4021041436757654E+00
  0.2572364438783784E+01  0.4026113474012694E+00
  0.2573764964621621E+01  0.4030005656201930E+00
  0.2575165490459459E+01  0.4033875912696143E+00
  0.2576566016297297E+01  0.4037207713472063E+00
  0.2577966542135135E+01  0.4038558935229710E+00
  0.2579367067972973E+01  0.4041054881964483E+00
  0.2580767593810811E+01  0.4044848671481161E+00
  0.2582168119648649E+01  0.4048797839358151E+00
  0.2583568645486487E+01  0.4053000699623876E+00
  0.2584969171324324E+01  0.4057252951295327E+00
  0.2586369697162162E+01  0.4061556081844454E+00
  0.2587770223000000E+01  0.4065885754441345E+00
  0.2589170748837838E+01  0.4070271017435176E+00
  0.2590571274675676E+01  0.4074558929652301E+00
  0.2591971800513513E+01  0.4078911221634692E+00
  0.2593372326351351E+01  0.4083151959093649E+00
  0.2594772852189189E+01  0.4084774475061292E+00
  0.2596173378027027E+01  0.4087181947990864E+00
  0.2597573903864865E+01  0.4094268604765689E+00
  0.2598974429702703E+01  0.4100062587556850E+00
  0.2600374955540540E+01  0.4102932108420796E+00
  0.2601775481378378E+01  0.4102319406075183E+00
  0.2603176007216216E+01  0.4101201612664392E+00
  0.2604576533054054E+01  0.4099887198849645E+00
  0.2605977058891892E+01  0.4098337782263938E+00
  0.2607377584729730E+01  0.4096578461942490E+00
  0.2608778110567568E+01  0.4094568771902079E+00
  0.2610178636405405E+01  0.4092343752517148E+00
  0.2611579162243243E+01  0.4089891994440460E+00
  0.2612979688081081E+01  0.4086322376120021E+00
  0.2614380213918919E+01  0.4081781125357251E+00
  0.2615780739756757E+01  0.4081397901596275E+00
  0.2617181265594595E+01  0.4082293155303167E+00
  0.2618581791432432E+01  0.4085649300205411E+00
  0.2619982317270270E+01  0.4085262460358219E+00
  0.2621382843108108E+01  0.4084851507635407E+00
  0.2622783368945946E+01  0.4084386724627778E+00
  0.2624183894783784E+01  0.4083868131196535E+00
  0.2625584420621621E+01  0.4083342003996618E+00
  0.2626984946459459E+01  0.4082782057613066E+00
  0.2628385472297297E+01  0.4082245410488159E+00
  0.2629785998135135E+01  0.4081771226130321E+00
  0.2631186523972973E+01  0.4081318997870640E+00
  0.2632587049810811E+01  0.4081004039041450E+00
  0.2633987575648649E+01  0.4081729332362525E+00
  0.2635388101486487E+01  0.4085144649060524E+00
  0.2636788627324324E+01  0.4085479893986678E+00
  0.2638189153162162E+01  0.4085706670364946E+00
  0.2639589679000000E+01  0.4086133510245011E+00
  0.2640990204837838E+01  0.4086737560994128E+00
  0.2642390730675676E+01  0.4087517267178296E+00
  0.2643791256513513E+01  0.4088494300252616E+00
  0.2645191782351351E+01  0.4089641475119292E+00
  0.2646592308189189E+01  0.4090946303623143E+00
  0.2647992834027027E+01  0.4092381268588419E+00
  0.2649393359864865E+01  0.4093795752487333E+00
  0.2650793885702702E+01  0.4092384717738972E+00
  0.2652194411540540E+01  0.4093282073195094E+00
  0.2653594937378378E+01  0.4096897606207845E+00
  0.2654995463216216E+01  0.4097750639727652E+00
  0.2656395989054054E+01  0.4098426402206921E+00
  0.2657796514891892E+01  0.4099091611682231E+00
  0.2659197040729730E+01  0.4099579662476297E+00
  0.2660597566567568E+01  0.4097496546899475E+00
  0.2661998092405406E+01  0.4092657465613095E+00
  0.2663398618243243E+01  0.4091275504669225E+00
  0.2664799144081081E+01  0.4091246293612470E+00
  0.2666199669918919E+01  0.4090993265900024E+00
  0.2667600195756757E+01  0.4091251027735298E+00
  0.2669000721594595E+01  0.4093761270063047E+00
  0.2670401247432432E+01  0.4094851556597777E+00
  0.2671801773270270E+01  0.4091399976653877E+00
  0.2673202299108108E+01  0.4090009303589627E+00
  0.2674602824945946E+01  0.4090010984352049E+00
  0.2676003350783784E+01  0.4090135480375394E+00
  0.2677403876621621E+01  0.4090210806376912E+00
  0.2678804402459459E+01  0.4090197926880348E+00
  0.2680204928297298E+01  0.4090141035676920E+00
  0.2681605454135135E+01  0.4090018215292736E+00
  0.2683005979972973E+01  0.4085194922825763E+00
  0.2684406505810811E+01  0.4084591003815392E+00
  0.2685807031648649E+01  0.4085060421749021E+00
  0.2687207557486487E+01  0.4087201138631927E+00
  0.2688608083324324E+01  0.4087536350379838E+00
  0.2690008609162162E+01  0.4086879079999500E+00
  0.2691409135000000E+01  0.4085776931532131E+00
  0.2692809660837838E+01  0.4081805534023714E+00
  0.2694210186675676E+01  0.4079310945004285E+00
  0.2695610712513513E+01  0.4078602404190749E+00
  0.2697011238351351E+01  0.4078041159899251E+00
  0.2698411764189189E+01  0.4077642396227518E+00
  0.2699812290027027E+01  0.4080827545054112E+00
  0.2701212815864865E+01  0.4082877720710297E+00
  0.2702613341702703E+01  0.4083045902545406E+00
  0.2704013867540541E+01  0.4084913721552471E+00
  0.2705414393378379E+01  0.4088017060487605E+00
  0.2706814919216216E+01  0.4089770125068233E+00
  0.2708215445054054E+01  0.4091527392938708E+00
  0.2709615970891892E+01  0.4093291327620365E+00
  0.2711016496729730E+01  0.4094975688691685E+00
  0.2712417022567568E+01  0.4096583282822642E+00
  0.2713817548405405E+01  0.4094754651687476E+00
  0.2715218074243243E+01  0.4094670998032648E+00
  0.2716618600081081E+01  0.4095869949221162E+00
  0.2718019125918919E+01  0.4096958694086154E+00
  0.2719419651756757E+01  0.4097852664238915E+00
  0.2720820177594595E+01  0.4099304464275201E+00
  0.2722220703432432E+01  0.4102315348794992E+00
  0.2723621229270270E+01  0.4100007141958737E+00
  0.2725021755108108E+01  0.4098389308677799E+00
  0.2726422280945946E+01  0.4098223819255453E+00
  0.2727822806783784E+01  0.4097868726299487E+00
  0.2729223332621622E+01  0.4097404259328649E+00
  0.2730623858459460E+01  0.4096924155266156E+00
  0.2732024384297297E+01  0.4096415741551448E+00
  0.2733424910135135E+01  0.4093867327401358E+00
  0.2734825435972973E+01  0.4090382766163105E+00
  0.2736225961810811E+01  0.4089654799782806E+00
  0.2737626487648649E+01  0.4088933273048362E+00
  0.2739027013486487E+01  0.4088256054361144E+00
  0.2740427539324324E+01  0.4090016643822527E+00
  0.2741828065162162E+01  0.4091614050390232E+00
  0.2743228591000000E+01  0.4090901739167925E+00
  0.2744629116837838E+01  0.4088414658998208E+00
  0.2746029642675676E+01  0.4085774304021380E+00
  0.2747430168513513E+01  0.4085744661032066E+00
  0.2748830694351351E+01  0.4085904917210075E+00
  0.2750231220189189E+01  0.4085566087342916E+00
  0.2751631746027027E+01  0.4081301429636328E+00
  0.2753032271864865E+01  0.4074814227905673E+00
  0.2754432797702703E+01  0.4070416103333870E+00
  0.2755833323540541E+01  0.4066761205220085E+00
  0.2757233849378379E+01  0.4060604638003784E+00
  0.2758634375216216E+01  0.4057657649281549E+00
  0.2760034901054054E+01  0.4059449160135061E+00
  0.2761435426891892E+01  0.4057181067922370E+00
  0.2762835952729730E+01  0.4055019999665271E+00
  0.2764236478567568E+01  0.4057518987403439E+00
  0.2765637004405405E+01  0.4060043843421293E+00
  0.2767037530243243E+01  0.4058071511315433E+00
  0.2768438056081081E+01  0.4061209089171903E+00
  0.2769838581918919E+01  0.4063469740855749E+00
  0.2771239107756757E+01  0.4063801980479692E+00
  0.2772639633594594E+01  0.4066212695852159E+00
  0.2774040159432432E+01  0.4069684177535616E+00
  0.2775440685270270E+01  0.4071185693497908E+00
  0.2776841211108108E+01  0.4072196105244117E+00
  0.2778241736945946E+01  0.4077529567498148E+00
  0.2779642262783784E+01  0.4083837840478652E+00
  0.2781042788621622E+01  0.4084709553419114E+00
  0.2782443314459460E+01  0.4087405684464118E+00
  0.2783843840297297E+01  0.4091231544897106E+00
  0.2785244366135135E+01  0.4094018343653953E+00
  0.2786644891972973E+01  0.4093812717609620E+00
  0.2788045417810811E+01  0.4097322162048203E+00
  0.2789445943648649E+01  0.4100672265785744E+00
  0.2790846469486486E+01  0.4100051268889574E+00
  0.2792246995324324E+01  0.4102620777132571E+00
  0.2793647521162162E+01  0.4105240830566457E+00
  0.2795048047000000E+01  0.4104949133229539E+00
  0.2796448572837838E+01  0.4106496640960209E+00
  0.2797849098675676E+01  0.4109719475952972E+00
  0.2799249624513513E+01  0.4113390812289301E+00
  0.2800650150351351E+01  0.4112576292082732E+00
  0.2802050676189189E+01  0.4113577588682378E+00
  0.2803451202027027E+01  0.4113936192126630E+00
  0.2804851727864865E+01  0.4111863957999367E+00
  0.2806252253702703E+01  0.4110407586585094E+00
  0.2807652779540541E+01  0.4110603705213180E+00
  0.2809053305378378E+01  0.4110349354546404E+00
  0.2810453831216216E+01  0.4105630009318804E+00
  0.2811854357054054E+01  0.4105451951506335E+00
  0.2813254882891892E+01  0.4105170779344668E+00
  0.2814655408729730E+01  0.4101574973237818E+00
  0.2816055934567568E+01  0.4099440517582321E+00
  0.2817456460405405E+01  0.4098924301186790E+00
  0.2818856986243243E+01  0.4101036628895661E+00
  0.2820257512081081E+01  0.4097869525092327E+00
  0.2821658037918919E+01  0.4096316152464179E+00
  0.2823058563756757E+01  0.4095190867476692E+00
  0.2824459089594594E+01  0.4094115760086980E+00
  0.2825859615432432E+01  0.4093097513376515E+00
  0.2827260141270270E+01  0.4092125525531587E+00
  0.2828660667108108E+01  0.4091234981798507E+00
  0.2830061192945946E+01  0.4090313024220033E+00
  0.2831461718783784E+01  0.4089199452939211E+00
  0.2832862244621622E+01  0.4088085803872608E+00
  0.2834262770459460E+01  0.4087059225852408E+00
  0.2835663296297297E+01  0.4085676391521488E+00
  0.2837063822135135E+01  0.4081617270107527E+00
  0.2838464347972973E+01  0.4079927727028945E+00
  0.2839864873810811E+01  0.4080282168453460E+00
  0.2841265399648649E+01  0.4083084088881037E+00
  0.2842665925486487E+01  0.4083461723587255E+00
  0.2844066451324324E+01  0.4083384771998834E+00
  0.2845466977162162E+01  0.4083417091681967E+00
  0.2846867503000000E+01  0.4083597406252055E+00
  0.2848268028837838E+01  0.4083908759815008E+00
  0.2849668554675675E+01  0.4084318214723993E+00
  0.2851069080513513E+01  0.4082499795384152E+00
  0.2852469606351351E+01  0.4080086319753934E+00
  0.2853870132189189E+01  0.4077780946660530E+00
  0.2855270658027027E+01  0.4075568397035426E+00
  0.2856671183864865E+01  0.4073442780764043E+00
  0.2858071709702703E+01  0.4071406654788459E+00
  0.2859472235540541E+01  0.4069460056159220E+00
  0.2860872761378379E+01  0.4064774867338810E+00
  0.2862273287216216E+01  0.4063000131849973E+00
  0.2863673813054054E+01  0.4063201015014254E+00
  0.2865074338891892E+01  0.4065592279969253E+00
  0.2866474864729730E+01  0.4066396196502283E+00
  0.2867875390567567E+01  0.4066077907750407E+00
  0.2869275916405405E+01  0.4065825633607378E+00
  0.2870676442243243E+01  0.4065831895673850E+00
  0.2872076968081081E+01  0.4066168770500611E+00
  0.2873477493918919E+01  0.4066494957330578E+00
  0.2874878019756757E+01  0.4066792924022359E+00
  0.2876278545594595E+01  0.4067064341776049E+00
  0.2877679071432433E+01  0.4067275354829721E+00
  0.2879079597270271E+01  0.4067406521044714E+00
  0.2880480123108108E+01  0.4067415569841147E+00
  0.2881880648945946E+01  0.4067277824490903E+00
  0.2883281174783784E+01  0.4066999435449961E+00
  0.2884681700621622E+01  0.4066569892720489E+00
  0.2886082226459459E+01  0.4061425470067755E+00
  0.2887482752297297E+01  0.4060267543166006E+00
  0.2888883278135135E+01  0.4059207860233358E+00
  0.2890283803972973E+01  0.4058329276871352E+00
  0.2891684329810811E+01  0.4057907574028360E+00
  0.2893084855648649E+01  0.4061795711972566E+00
  0.2894485381486486E+01  0.4061105214385483E+00
  0.2895885907324324E+01  0.4059927441386131E+00
  0.2897286433162162E+01  0.4058439446772917E+00
  0.2898686959000000E+01  0.4056635284614669E+00
  0.2900087484837838E+01  0.4054287469970572E+00
  0.2901488010675676E+01  0.4050831986326510E+00
  0.2902888536513514E+01  0.4046851606931505E+00
  0.2904289062351352E+01  0.4042539692248184E+00
  0.2905689588189189E+01  0.4037894879749512E+00
  0.2907090114027027E+01  0.4032929017337983E+00
  0.2908490639864865E+01  0.4027657103617674E+00
  0.2909891165702703E+01  0.4022090091164245E+00
  0.2911291691540541E+01  0.4012016765993545E+00
  0.2912692217378378E+01  0.4006544668742743E+00
  0.2914092743216216E+01  0.4000850096066452E+00
  0.2915493269054054E+01  0.3994964260194216E+00
  0.2916893794891892E+01  0.3988916722756562E+00
  0.2918294320729730E+01  0.3982745848052748E+00
  0.2919694846567568E+01  0.3976382935551162E+00
  0.2921095372405405E+01  0.3968833580732398E+00
  0.2922495898243243E+01  0.3960781019165749E+00
  0.2923896424081081E+01  0.3952749554038397E+00
  0.2925296949918919E+01  0.3944783189173587E+00
  0.2926697475756757E+01  0.3940110080228366E+00
  0.2928098001594595E+01  0.3933639206321120E+00
  0.2929498527432433E+01  0.3926003393943140E+00
  0.2930899053270270E+01  0.3917973481198038E+00
  0.2932299579108108E+01  0.3909653084678784E+00
  0.2933700104945946E+01  0.3901584320414974E+00
  0.2935100630783784E+01  0.3893792099858420E+00
  0.2936501156621622E+01  0.3886016577699912E+00
  0.2937901682459460E+01  0.3875984366313981E+00
  0.2939302208297297E+01  0.3867693036155994E+00
  0.2940702734135135E+01  0.3861555165600283E+00
  0.2942103259972973E+01  0.3856095350339034E+00
  0.2943503785810811E+01  0.3853449687419018E+00
  0.2944904311648649E+01  0.3850814518218838E+00
  0.2946304837486486E+01  0.3846374513356942E+00
  0.2947705363324324E+01  0.3842247958252006E+00
  0.2949105889162162E+01  0.3838411925118543E+00
  0.2950506415000000E+01  0.3836532693952698E+00
  0.2951906940837838E+01  0.3833209801954990E+00
  0.2953307466675676E+01  0.3828537029767571E+00
  0.2954707992513514E+01  0.3824008519675876E+00
  0.2956108518351352E+01  0.3819646199052839E+00
  0.2957509044189189E+01  0.3815426621319733E+00
  0.2958909570027027E+01  0.3811325545259464E+00
  0.2960310095864865E+01  0.3807300824674012E+00
  0.2961710621702703E+01  0.3803311557421088E+00
  0.2963111147540541E+01  0.3799351560097417E+00
  0.2964511673378378E+01  0.3795408045922612E+00
  0.2965912199216216E+01  0.3791452692847939E+00
  0.2967312725054054E+01  0.3787445120473399E+00
  0.2968713250891892E+01  0.3783376372313613E+00
  0.2970113776729730E+01  0.3779271145492943E+00
  0.2971514302567567E+01  0.3775429776133938E+00
  0.2972914828405405E+01  0.3771495561429697E+00
  0.2974315354243243E+01  0.3767462253875974E+00
  0.2975715880081081E+01  0.3770014337807128E+00
  0.2977116405918919E+01  0.3767865661057639E+00
  0.2978516931756757E+01  0.3763557070076217E+00
  0.2979917457594595E+01  0.3758825127317033E+00
  0.2981317983432433E+01  0.3752615336305843E+00
  0.2982718509270270E+01  0.3745886336638935E+00
  0.2984119035108108E+01  0.3739113930220700E+00
  0.2985519560945946E+01  0.3732298514499321E+00
  0.2986920086783784E+01  0.3725481501746102E+00
  0.2988320612621622E+01  0.3719694884890819E+00
  0.2989721138459459E+01  0.3715951065382147E+00
  0.2991121664297297E+01  0.3710393982581009E+00
  0.2992522190135135E+01  0.3705472553290875E+00
  0.2993922715972973E+01  0.3700637839160774E+00
  0.2995323241810811E+01  0.3695901827161682E+00
  0.2996723767648649E+01  0.3691276242103639E+00
  0.2998124293486486E+01  0.3686773025584465E+00
  0.2999524819324324E+01  0.3682399347407840E+00
  0.3000925345162162E+01  0.3676919135257521E+00
  0.3002325871000000E+01  0.3672939056011242E+00
  0.3003726396837838E+01  0.3666357935212279E+00
  0.3005126922675676E+01  0.3659713456333991E+00
  0.3006527448513514E+01  0.3655055672644029E+00
  0.3007927974351351E+01  0.3651092683447169E+00
  0.3009328500189189E+01  0.3644757946574381E+00
  0.3010729026027027E+01  0.3640073668272475E+00
  0.3012129551864865E+01  0.3636734837006120E+00
  0.3013530077702703E+01  0.3633487605430933E+00
  0.3014930603540541E+01  0.3630261130725063E+00
  0.3016331129378378E+01  0.3627020787767704E+00
  0.3017731655216216E+01  0.3623740009829189E+00
  0.3019132181054054E+01  0.3620396722444189E+00
  0.3020532706891892E+01  0.3616251323790181E+00
  0.3021933232729730E+01  0.3610831315046143E+00
  0.3023333758567567E+01  0.3605236931024841E+00
  0.3024734284405405E+01  0.3599449891039543E+00
  0.3026134810243243E+01  0.3593448840321096E+00
  0.3027535336081081E+01  0.3587214238357480E+00
  0.3028935861918919E+01  0.3580714268618391E+00
  0.3030336387756757E+01  0.3574804610178426E+00
  0.3031736913594595E+01  0.3571466178302774E+00
  0.3033137439432433E+01  0.3567863156375848E+00
  0.3034537965270270E+01  0.3563987205761419E+00
  0.3035938491108108E+01  0.3559979576343273E+00
  0.3037339016945946E+01  0.3559599093712970E+00
  0.3038739542783784E+01  0.3554840101841668E+00
  0.3040140068621622E+01  0.3550470461822729E+00
  0.3041540594459460E+01  0.3547394283114362E+00
  0.3042941120297297E+01  0.3544465511568267E+00
  0.3044341646135135E+01  0.3541341103724675E+00
  0.3045742171972973E+01  0.3538043362768352E+00
  0.3047142697810811E+01  0.3534663659243167E+00
  0.3048543223648648E+01  0.3532698313511745E+00
  0.3049943749486486E+01  0.3530893587061548E+00
  0.3051344275324325E+01  0.3526185119379956E+00
  0.3052744801162162E+01  0.3521179988392963E+00
  0.3054145327000000E+01  0.3516223524750609E+00
  0.3055545852837838E+01  0.3511368703060997E+00
  0.3056946378675676E+01  0.3506617150746021E+00
  0.3058346904513514E+01  0.3502015493064249E+00
  0.3059747430351352E+01  0.3497735204870248E+00
  0.3061147956189189E+01  0.3496963725380062E+00
  0.3062548482027027E+01  0.3497360745450022E+00
  0.3063949007864865E+01  0.3498005146207143E+00
  0.3065349533702703E+01  0.3500585036681469E+00
  0.3066750059540540E+01  0.3504224008268839E+00
  0.3068150585378378E+01  0.3506975496757723E+00
  0.3069551111216216E+01  0.3510962534826126E+00
  0.3070951637054054E+01  0.3511286375286467E+00
  0.3072352162891892E+01  0.3510771454750532E+00
  0.3073752688729730E+01  0.3510391645343615E+00
  0.3075153214567568E+01  0.3510066578706377E+00
  0.3076553740405406E+01  0.3509745883555996E+00
  0.3077954266243244E+01  0.3509367152935559E+00
  0.3079354792081081E+01  0.3508914172152020E+00
  0.3080755317918919E+01  0.3510023714549970E+00
  0.3082155843756757E+01  0.3512537422094202E+00
  0.3083556369594595E+01  0.3514505187555987E+00
  0.3084956895432432E+01  0.3515783077576837E+00
  0.3086357421270270E+01  0.3516202583053155E+00
  0.3087757947108108E+01  0.3515492280577731E+00
  0.3089158472945946E+01  0.3513403166024417E+00
  0.3090558998783784E+01  0.3510144983833442E+00
  0.3091959524621622E+01  0.3505785019755506E+00
  0.3093360050459459E+01  0.3501408326854947E+00
  0.3094760576297297E+01  0.3494477044733538E+00
  0.3096161102135135E+01  0.3482891159388684E+00
  0.3097561627972973E+01  0.3467843417370254E+00
  0.3098962153810811E+01  0.3449301957957649E+00
  0.3100362679648649E+01  0.3426334874938980E+00
  0.3101763205486487E+01  0.3398218431653354E+00
  0.3103163731324325E+01  0.3365479604391308E+00
  0.3104564257162162E+01  0.3327843312258913E+00
  0.3105964783000000E+01  0.3284756002553298E+00
  0.3107365308837838E+01  0.3236382234338314E+00
  0.3108765834675676E+01  0.3182648484255667E+00
  0.3110166360513514E+01  0.3123680113390448E+00
  0.3111566886351351E+01  0.3059802869814684E+00
  0.3112967412189189E+01  0.2990368361808340E+00
  0.3114367938027027E+01  0.2915042911091621E+00
  0.3115768463864865E+01  0.2834548627072953E+00
  0.3117168989702703E+01  0.2749243262979585E+00
  0.3118569515540541E+01  0.2659439141515372E+00
  0.3119970041378378E+01  0.2566053968243147E+00
  0.3121370567216216E+01  0.2473256492385965E+00
  0.3122771093054054E+01  0.2374612914993022E+00
  0.3124171618891892E+01  0.2273623818306783E+00
  0.3125572144729730E+01  0.2170962655825410E+00
  0.3126972670567568E+01  0.2067241935867335E+00
  0.3128373196405406E+01  0.1963126972800177E+00
  0.3129773722243243E+01  0.1859325082832559E+00
  0.3131174248081081E+01  0.1756054302980077E+00
  0.3132574773918919E+01  0.1654322575428429E+00
  0.3133975299756757E+01  0.1554827932555775E+00
  0.3135375825594595E+01  0.1458036736859877E+00
  0.3136776351432433E+01  0.1364359501180084E+00
  0.3138176877270270E+01  0.1274309384539640E+00
  0.3139577403108108E+01  0.1188429455028482E+00
  0.3140977928945946E+01  0.1106794616482027E+00
  0.3142378454783784E+01  0.1029448059234107E+00
  0.3143778980621621E+01  0.9562919891611694E-01
  0.3145179506459459E+01  0.8873449910445141E-01
  0.3146580032297297E+01  0.8227656945093585E-01
  0.3147980558135135E+01  0.7633477946791982E-01
  0.3149381083972973E+01  0.7073814401825483E-01
  0.3150781609810811E+01  0.6550793134445855E-01
  0.3152182135648649E+01  0.6064905432871985E-01
  0.3153582661486487E+01  0.5614494361663037E-01
  0.3154983187324325E+01  0.5198602740626276E-01
  0.3156383713162162E+01  0.4816992824356860E-01
  0.3157784239000000E+01  0.4464659265587090E-01
  0.3159184764837838E+01  0.4139697106055369E-01
  0.3160585290675676E+01  0.3840006140948189E-01
  0.3161985816513514E+01  0.3563784093718053E-01
  0.3163386342351351E+01  0.3310027609992186E-01
  0.3164786868189189E+01  0.3078330204561925E-01
  0.3166187394027027E+01  0.2865167529617341E-01
  0.3167587919864865E+01  0.2668939952181415E-01
  0.3168988445702703E+01  0.2488268797917655E-01
  0.3170388971540540E+01  0.2322445600429111E-01
  0.3171789497378378E+01  0.2170970981489338E-01
  0.3173190023216216E+01  0.2034723772484218E-01
  0.3174590549054054E+01  0.1906887715634403E-01
  0.3175991074891892E+01  0.1788744497957451E-01
  0.3177391600729730E+01  0.1679687600698868E-01
  0.3178792126567568E+01  0.1578917212907899E-01
  0.3180192652405406E+01  0.1485757257356903E-01
  0.3181593178243243E+01  0.1399719160447341E-01
  0.3182993704081081E+01  0.1319998203672260E-01
  0.3184394229918919E+01  0.1246017103797018E-01
  0.3185794755756757E+01  0.1177332434103865E-01
  0.3187195281594595E+01  0.1113480714202602E-01
  0.3188595807432432E+01  0.1054173385987390E-01
  0.3189996333270270E+01  0.9993197044664394E-02
  0.3191396859108108E+01  0.9482481507373384E-02
  0.3192797384945946E+01  0.9005633576075277E-02
  0.3194197910783784E+01  0.8560369134974599E-02
  0.3195598436621622E+01  0.8143839909191205E-02
  0.3196998962459459E+01  0.7754468708526988E-02
  0.3198399488297297E+01  0.7399299402077250E-02
  0.3199800014135135E+01  0.7056823958661057E-02
  0.3201200539972973E+01  0.6732489626021831E-02
  0.3202601065810811E+01  0.6426114590529639E-02
  0.3204001591648649E+01  0.6136147801707682E-02
  0.3205402117486487E+01  0.5862184585269061E-02
  0.3206802643324324E+01  0.5603104022919225E-02
  0.3208203169162162E+01  0.5357858897043285E-02
  0.3209603695000000E+01  0.5124685690354274E-02
  0.3211004220837838E+01  0.4902989124619957E-02
  0.3212404746675676E+01  0.4688286749060237E-02
  0.3213805272513514E+01  0.4484227073612239E-02
  0.3215205798351351E+01  0.4291736290345250E-02
  0.3216606324189189E+01  0.4107627508882166E-02
  0.3218006850027027E+01  0.3929920726643606E-02
  0.3219407375864865E+01  0.3759111278891799E-02
  0.3220807901702703E+01  0.3595243198135826E-02
  0.3222208427540540E+01  0.3442840494052468E-02
  0.3223608953378378E+01  0.3291292255680281E-02
  0.3225009479216216E+01  0.3145382613302600E-02
  0.3226410005054054E+01  0.3004317604651385E-02
  0.3227810530891892E+01  0.2868328003634874E-02
  0.3229211056729730E+01  0.2736200591757023E-02
  0.3230611582567568E+01  0.2608290963343624E-02
  0.3232012108405406E+01  0.2483622046495827E-02
  0.3233412634243243E+01  0.2363183804450340E-02
  0.3234813160081081E+01  0.2246602894476821E-02
  0.3236213685918919E+01  0.2134049520898380E-02
  0.3237614211756757E+01  0.2025316737538497E-02
  0.3239014737594595E+01  0.1920541807377993E-02
  0.3240415263432433E+01  0.1819523064837462E-02
  0.3241815789270270E+01  0.1721989096702905E-02
  0.3243216315108108E+01  0.1628273303899326E-02
  0.3244616840945946E+01  0.1539376407324028E-02
  0.3246017366783784E+01  0.1453815182633003E-02
  0.3247417892621622E+01  0.1371189585297140E-02
  0.3248818418459460E+01  0.1292888995846799E-02
  0.3250218944297298E+01  0.1217486079335818E-02
  0.3251619470135135E+01  0.1145874281849722E-02
  0.3253019995972973E+01  0.1077319544037903E-02
  0.3254420521810811E+01  0.1012295200798070E-02
  0.3255821047648649E+01  0.9496298586104414E-03
  0.3257221573486487E+01  0.8910626562115501E-03
  0.3258622099324325E+01  0.8350128273169463E-03
  0.3260022625162162E+01  0.7820282093707202E-03
  0.3261423151000000E+01  0.7316720838703466E-03
  0.3262823676837838E+01  0.6845418659378555E-03
  0.3264224202675676E+01  0.6392446765222447E-03
  0.3265624728513513E+01  0.5966642287241705E-03
  0.3267025254351351E+01  0.5564558105185176E-03
  0.3268425780189189E+01  0.5188428516816994E-03
  0.3269826306027027E+01  0.4832572018137725E-03
  0.3271226831864865E+01  0.4497115670356853E-03
  0.3272627357702703E+01  0.4180697856895921E-03
  0.3274027883540541E+01  0.3885342815711075E-03
  0.3275428409378379E+01  0.3614996607208355E-03
  0.3276828935216217E+01  0.3361371303703310E-03
  0.3278229461054054E+01  0.3129665471435086E-03
  0.3279629986891892E+01  0.2908805151270321E-03
  0.3281030512729730E+01  0.2707573678514993E-03
  0.3282431038567568E+01  0.2517475112912902E-03
  0.3283831564405405E+01  0.2343595959307699E-03
  0.3285232090243243E+01  0.2179217757139637E-03
  0.3286632616081081E+01  0.2031401275153485E-03
  0.3288033141918919E+01  0.1892446346924635E-03
  0.3289433667756757E+01  0.1768387741167579E-03
  0.3290834193594595E+01  0.1653088921349685E-03
  0.3292234719432432E+01  0.1547170106881717E-03
  0.3293635245270270E+01  0.1450841603193600E-03
  0.3295035771108108E+01  0.1360246895464641E-03
  0.3296436296945946E+01  0.1274688486538984E-03
  0.3297836822783784E+01  0.1192976890828664E-03
  0.3299237348621622E+01  0.1121389385455751E-03
  0.3300637874459460E+01  0.1049647450349158E-03
  0.3302038400297298E+01  0.9842907916956256E-04
  0.3303438926135135E+01  0.9226983069596261E-04
  0.3304839451972973E+01  0.8699228364471391E-04
  0.3306239977810811E+01  0.8190414205526885E-04
  0.3307640503648649E+01  0.7751132152625158E-04
  0.3309041029486487E+01  0.7340517315146415E-04
  0.3310441555324324E+01  0.6976880836698896E-04
  0.3311842081162162E+01  0.6653963662687448E-04
  0.3313242607000000E+01  0.6364503735981857E-04
  0.3314643132837838E+01  0.6104415760146142E-04
  0.3316043658675676E+01  0.5858179020728913E-04
  0.3317444184513514E+01  0.5678279017363108E-04
  0.3318844710351351E+01  0.5479000659745537E-04
  0.3320245236189189E+01  0.5292036156305731E-04
  0.3321645762027027E+01  0.5110110543970422E-04
  0.3323046287864865E+01  0.5005390858204078E-04
  0.3324446813702703E+01  0.4868567356923506E-04
  0.3325847339540541E+01  0.4711108408933561E-04
  0.3327247865378379E+01  0.4576331294834198E-04
  0.3328648391216216E+01  0.4482135299818023E-04
  0.3330048917054054E+01  0.4403990892521347E-04
  0.3331449442891892E+01  0.4272662061521489E-04
  0.3332849968729730E+01  0.4155571970031136E-04
  0.3334250494567568E+01  0.4154903488359055E-04
  0.3335651020405406E+01  0.4154235006686974E-04
  0.3337051546243243E+01  0.4153566525014894E-04
  0.3338452072081081E+01  0.4152898043342812E-04
  0.3339852597918919E+01  0.4152229561670731E-04
  0.3341253123756757E+01  0.4151561079998651E-04
  0.3342653649594594E+01  0.4150892598326570E-04
  0.3344054175432432E+01  0.4150224116654489E-04
  0.3345454701270270E+01  0.4149555634982408E-04
  0.3346855227108108E+01  0.4148887153310327E-04
  0.3348255752945946E+01  0.4148218671638246E-04
  0.3349656278783784E+01  0.4147550189966166E-04
  0.3351056804621622E+01  0.4146881708294085E-04
  0.3352457330459460E+01  0.4146213226622004E-04
  0.3353857856297298E+01  0.4145544744949923E-04
  0.3355258382135135E+01  0.4144876263277842E-04
  0.3356658907972973E+01  0.4144207781605762E-04
  0.3358059433810811E+01  0.4143539299933681E-04
  0.3359459959648649E+01  0.4142870818261600E-04
  0.3360860485486486E+01  0.4142202336589519E-04
  0.3362261011324325E+01  0.4141533854917438E-04
  0.3363661537162162E+01  0.4140865373245357E-04
  0.3365062063000000E+01  0.4140196891573277E-04
  0.3366462588837838E+01  0.4139528409901195E-04
  0.3367863114675676E+01  0.4138859928229115E-04
  0.3369263640513513E+01  0.4138191446557034E-04
  0.3370664166351351E+01  0.4137522964884953E-04
  0.3372064692189189E+01  0.4136854483212873E-04
  0.3373465218027027E+01  0.4136186001540791E-04
  0.3374865743864865E+01  0.4135517519868711E-04
  0.3376266269702703E+01  0.4134849038196630E-04
  0.3377666795540541E+01  0.4134180556524549E-04
  0.3379067321378378E+01  0.4133512074852468E-04
  0.3380467847216217E+01  0.4132843593180387E-04
  0.3381868373054054E+01  0.4132175111508306E-04
  0.3383268898891892E+01  0.4131506629836226E-04
  0.3384669424729730E+01  0.4130838148164145E-04
  0.3386069950567568E+01  0.4130169666492064E-04
  0.3387470476405405E+01  0.4129501184819983E-04
  0.3388871002243243E+01  0.4128832703147902E-04
  0.3390271528081081E+01  0.4128164221475821E-04
  0.3391672053918919E+01  0.4127495739803740E-04
  0.3393072579756757E+01  0.4126827258131659E-04
  0.3394473105594595E+01  0.4126158776459578E-04
  0.3395873631432432E+01  0.4125490294787498E-04
  0.3397274157270270E+01  0.4124821813115417E-04
  0.3398674683108108E+01  0.4124153331443337E-04
  0.3400075208945946E+01  0.4123484849771255E-04
  0.3401475734783784E+01  0.4122816368099175E-04
  0.3402876260621622E+01  0.4122147886427093E-04
  0.3404276786459460E+01  0.4121479404755013E-04
  0.3405677312297297E+01  0.4120810923082932E-04
  0.3407077838135135E+01  0.4120142441410851E-04
  0.3408478363972973E+01  0.4119473959738770E-04
  0.3409878889810811E+01  0.4118805478066689E-04
  0.3411279415648649E+01  0.4118136996394609E-04
  0.3412679941486487E+01  0.4117468514722527E-04
  0.3414080467324324E+01  0.4116800033050447E-04
  0.3415480993162162E+01  0.4116131551378366E-04
  0.3416881519000000E+01  0.4217532111134991E-04
  0.3418282044837838E+01  0.4304162616046110E-04
  0.3419682570675675E+01  0.4397145167850396E-04
  0.3421083096513514E+01  0.4457445906219204E-04
  0.3422483622351352E+01  0.4484056383892918E-04
  0.3423884148189189E+01  0.4540260229679086E-04
  0.3425284674027027E+01  0.4665131359021756E-04
  0.3426685199864865E+01  0.4748633714334944E-04
  0.3428085725702703E+01  0.4759736212810747E-04
  0.3429486251540541E+01  0.4748619838459530E-04
  0.3430886777378379E+01  0.4778875957881385E-04
  0.3432287303216216E+01  0.4869034686281247E-04
  0.3433687829054054E+01  0.4895982117724139E-04
  0.3435088354891892E+01  0.4892481397307728E-04
  0.3436488880729730E+01  0.4927692442872543E-04
  0.3437889406567567E+01  0.4973300689287870E-04
  0.3439289932405406E+01  0.5031637619788097E-04
  0.3440690458243243E+01  0.5030808646983261E-04
  0.3442090984081081E+01  0.5026812811960041E-04
  0.3443491509918919E+01  0.5070500211539142E-04
  0.3444892035756757E+01  0.5125083319433346E-04
  0.3446292561594595E+01  0.5154479515812807E-04
  0.3447693087432433E+01  0.5200482671600122E-04
  0.3449093613270271E+01  0.5276517481008360E-04
  0.3450494139108108E+01  0.5299894854945957E-04
  0.3451894664945946E+01  0.5309968170937284E-04
  0.3453295190783784E+01  0.5245151199531788E-04
  0.3454695716621622E+01  0.5183297389889958E-04
  0.3456096242459460E+01  0.5149200892206510E-04
  0.3457496768297298E+01  0.5071044729677500E-04
  0.3458897294135135E+01  0.5006413454927429E-04
  0.3460297819972973E+01  0.4947200641853765E-04
  0.3461698345810811E+01  0.4931885133035787E-04
  0.3463098871648649E+01  0.4960386197334050E-04
  0.3464499397486486E+01  0.5001767833099110E-04
  0.3465899923324324E+01  0.5080356802790821E-04
  0.3467300449162162E+01  0.5118755231035769E-04
  0.3468700975000000E+01  0.5145912129013838E-04
  0.3470101500837838E+01  0.5141170398657806E-04
  0.3471502026675676E+01  0.5117900541618480E-04
  0.3472902552513514E+01  0.5083335248172711E-04
  0.3474303078351352E+01  0.5003090543938246E-04
  0.3475703604189190E+01  0.4893341631960423E-04
  0.3477104130027027E+01  0.4762560595498326E-04
  0.3478504655864865E+01  0.4666632452662324E-04
  0.3479905181702703E+01  0.4579656238965426E-04
  0.3481305707540541E+01  0.4508783512882738E-04
  0.3482706233378378E+01  0.4454719478956184E-04
  0.3484106759216216E+01  0.4412325723635536E-04
  0.3485507285054054E+01  0.4429551124602229E-04
  0.3486907810891892E+01  0.4384512216917154E-04
  0.3488308336729730E+01  0.4328994934431781E-04
  0.3489708862567568E+01  0.4249042619804204E-04
  0.3491109388405405E+01  0.4168824106171186E-04
  0.3492509914243243E+01  0.4158248237817986E-04
  0.3493910440081081E+01  0.4153359295004213E-04
  0.3495310965918919E+01  0.4148470352190443E-04
  0.3496711491756757E+01  0.4143581409376671E-04
  0.3498112017594595E+01  0.4138692466562900E-04
  0.3499512543432433E+01  0.4185241820811090E-04
  0.3500913069270270E+01  0.4121388659600105E-04
  0.3502313595108108E+01  0.4121989385526054E-04
  0.3503714120945946E+01  0.4122590111452004E-04
  0.3505114646783784E+01  0.4123190837377954E-04
  0.3506515172621622E+01  0.4123791563303903E-04
  0.3507915698459460E+01  0.4124392289229853E-04
  0.3509316224297297E+01  0.4124993015155803E-04
  0.3510716750135135E+01  0.4133805360731413E-04
  0.3512117275972973E+01  0.4180025627141992E-04
  0.3513517801810811E+01  0.4197955050587380E-04
  0.3514918327648649E+01  0.4164091946999397E-04
  0.3516318853486487E+01  0.4159573096062547E-04
  0.3517719379324324E+01  0.4160080941733001E-04
  0.3519119905162162E+01  0.4160163470413574E-04
  0.3520520431000000E+01  0.4160245999094148E-04
  0.3521920956837838E+01  0.4160328527774721E-04
  0.3523321482675676E+01  0.4160411056455295E-04
  0.3524722008513514E+01  0.4160493585135868E-04
  0.3526122534351352E+01  0.4160576113816441E-04
  0.3527523060189189E+01  0.4160658642497015E-04
  0.3528923586027027E+01  0.4160741171177588E-04
  0.3530324111864865E+01  0.4160823699858162E-04
  0.3531724637702703E+01  0.4160906228538735E-04
  0.3533125163540541E+01  0.4160988757219308E-04
  0.3534525689378379E+01  0.4161071285899882E-04
  0.3535926215216216E+01  0.4161153814580456E-04
  0.3537326741054054E+01  0.4161236343261029E-04
  0.3538727266891892E+01  0.4161318871941603E-04
  0.3540127792729730E+01  0.4161401400622177E-04
  0.3541528318567567E+01  0.4161483929302749E-04
  0.3542928844405405E+01  0.4161566457983322E-04
  0.3544329370243243E+01  0.4161648986663896E-04
  0.3545729896081081E+01  0.4161731515344469E-04
  0.3547130421918919E+01  0.4161814044025043E-04
  0.3548530947756757E+01  0.4161896572705616E-04
  0.3549931473594595E+01  0.4161979101386190E-04
  0.3551331999432433E+01  0.4162061630066763E-04
  0.3552732525270271E+01  0.4162144158747336E-04
  0.3554133051108108E+01  0.4162226687427910E-04
  0.3555533576945946E+01  0.4162309216108484E-04
  0.3556934102783784E+01  0.4162391744789057E-04
  0.3558334628621622E+01  0.4162474273469630E-04
  0.3559735154459459E+01  0.4162556802150204E-04
  0.3561135680297298E+01  0.4162639330830777E-04
  0.3562536206135135E+01  0.4162721859511351E-04
  0.3563936731972973E+01  0.4162804388191925E-04
  0.3565337257810811E+01  0.4162886916872498E-04
  0.3566737783648649E+01  0.4162969445553071E-04
  0.3568138309486486E+01  0.4163051974233644E-04
  0.3569538835324324E+01  0.4163134502914218E-04
  0.3570939361162162E+01  0.4163217031594791E-04
  0.3572339887000000E+01  0.4163299560275365E-04
  0.3573740412837838E+01  0.4163382088955938E-04
  0.3575140938675676E+01  0.4163464617636512E-04
  0.3576541464513514E+01  0.4163547146317086E-04
  0.3577941990351351E+01  0.4163629674997658E-04
  0.3579342516189190E+01  0.4163712203678232E-04
  0.3580743042027027E+01  0.4163794732358806E-04
  0.3582143567864865E+01  0.4163877261039379E-04
  0.3583544093702703E+01  0.4163959789719952E-04
  0.3584944619540541E+01  0.4164042318400525E-04
  0.3586345145378378E+01  0.4164124847081099E-04
  0.3587745671216216E+01  0.4164207375761673E-04
  0.3589146197054054E+01  0.4164289904442246E-04
  0.3590546722891892E+01  0.4164372433122819E-04
  0.3591947248729730E+01  0.4164454961803393E-04
  0.3593347774567568E+01  0.4164537490483965E-04
  0.3594748300405405E+01  0.4164620019164539E-04
  0.3596148826243244E+01  0.4164702547845113E-04
  0.3597549352081082E+01  0.4164785076525687E-04
  0.3598949877918919E+01  0.4164867605206260E-04
  0.3600350403756757E+01  0.4164950133886833E-04
  0.3601750929594595E+01  0.4165032662567407E-04
  0.3603151455432433E+01  0.4165115191247981E-04
  0.3604551981270270E+01  0.4165197719928554E-04
  0.3605952507108108E+01  0.4165280248609127E-04
  0.3607353032945946E+01  0.4165362777289700E-04
  0.3608753558783784E+01  0.4165445305970273E-04
  0.3610154084621622E+01  0.4165527834650847E-04
  0.3611554610459460E+01  0.4165610363331421E-04
  0.3612955136297297E+01  0.4165692892011994E-04
  0.3614355662135135E+01  0.4165775420692568E-04
  0.3615756187972973E+01  0.4165857949373142E-04
  0.3617156713810811E+01  0.4165940478053715E-04
  0.3618557239648649E+01  0.4166023006734287E-04
  0.3619957765486487E+01  0.4166105535414861E-04
  0.3621358291324325E+01  0.4212885356427597E-04
  0.3622758817162162E+01  0.4312104168547737E-04
  0.3624159343000000E+01  0.4321486505690340E-04
  0.3625559868837838E+01  0.4404235887404123E-04
  0.3626960394675676E+01  0.4464276091492857E-04
  0.3628360920513514E+01  0.4502327294463779E-04
  0.3629761446351352E+01  0.4621349124295231E-04
  0.3631161972189189E+01  0.4674835596297906E-04
  0.3632562498027027E+01  0.4736938580385584E-04
  0.3633963023864865E+01  0.4795656246849958E-04
  0.3635363549702703E+01  0.4749953411001741E-04
  0.3636764075540540E+01  0.4809453236362339E-04
  0.3638164601378379E+01  0.4832496415583745E-04
  0.3639565127216216E+01  0.4853503367013980E-04
  0.3640965653054054E+01  0.4954761327393277E-04
  0.3642366178891892E+01  0.5014359171984000E-04
  0.3643766704729730E+01  0.5162530277778399E-04
  0.3645167230567568E+01  0.5305442845876644E-04
  0.3646567756405406E+01  0.5401045399945154E-04
  0.3647968282243244E+01  0.5574723909509971E-04
  0.3649368808081081E+01  0.5676572510377782E-04
  0.3650769333918919E+01  0.5755030200125989E-04
  0.3652169859756757E+01  0.5873816813958191E-04
  0.3653570385594595E+01  0.5898790708684313E-04
  0.3654970911432433E+01  0.5984404597861160E-04
  0.3656371437270271E+01  0.6047010814128507E-04
  0.3657771963108108E+01  0.6026334614355968E-04
  0.3659172488945946E+01  0.6071701369768233E-04
  0.3660573014783784E+01  0.6055548387136858E-04
  0.3661973540621622E+01  0.6083215572953389E-04
  0.3663374066459459E+01  0.6144028668455033E-04
  0.3664774592297297E+01  0.6085042339804005E-04
  0.3666175118135135E+01  0.6037937622972320E-04
  0.3667575643972973E+01  0.5971919880648549E-04
  0.3668976169810811E+01  0.5867706768968328E-04
  0.3670376695648649E+01  0.5845293244594129E-04
  0.3671777221486487E+01  0.5756317002084283E-04
  0.3673177747324325E+01  0.5699400437934099E-04
  0.3674578273162163E+01  0.5721727075772745E-04
  0.3675978799000000E+01  0.5668074402251099E-04
  0.3677379324837838E+01  0.5676051026368311E-04
  0.3678779850675676E+01  0.5661457188768271E-04
  0.3680180376513514E+01  0.5612376635606265E-04
  0.3681580902351351E+01  0.5595218768886995E-04
  0.3682981428189189E+01  0.5498457578954193E-04
  0.3684381954027027E+01  0.5406671743598609E-04
  0.3685782479864865E+01  0.5382749042699918E-04
  0.3687183005702703E+01  0.5249696706462332E-04
  0.3688583531540541E+01  0.5143587208293638E-04
  0.3689984057378378E+01  0.5045362631650162E-04
  0.3691384583216216E+01  0.4943517596868001E-04
  0.3692785109054054E+01  0.4951296198538544E-04
  0.3694185634891892E+01  0.4897971715951415E-04
  0.3695586160729730E+01  0.4867289410757628E-04
  0.3696986686567568E+01  0.4919803848794226E-04
  0.3698387212405406E+01  0.4936072987349951E-04
  0.3699787738243243E+01  0.4983286400667265E-04
  0.3701188264081081E+01  0.5030346415767837E-04
  0.3702588789918919E+01  0.4967339637686838E-04
  0.3703989315756757E+01  0.4993221268426907E-04
  0.3705389841594595E+01  0.4930134052271470E-04
  0.3706790367432433E+01  0.4831998491443378E-04
  0.3708190893270270E+01  0.4820115768841949E-04
  0.3709591419108108E+01  0.4742033505681521E-04
  0.3710991944945946E+01  0.4641662537644723E-04
  0.3712392470783784E+01  0.4580373390043234E-04
  0.3713792996621622E+01  0.4476736234058402E-04
  0.3715193522459460E+01  0.4478144767755325E-04
  0.3716594048297297E+01  0.4484034009427209E-04
  0.3717994574135135E+01  0.4407199532733365E-04
  0.3719395099972973E+01  0.4431777249050997E-04
  0.3720795625810811E+01  0.4384879477516451E-04
  0.3722196151648649E+01  0.4310382464704317E-04
  0.3723596677486487E+01  0.4287613702618004E-04
  0.3724997203324325E+01  0.4222887412380454E-04
  0.3726397729162162E+01  0.4177744500799349E-04
  0.3729198780837838E+01  0.0000000000000000E+00
