  1000 NIRCAM_F115W        
  0.9842000122070312E+00  0.1337553304464132E+01  0.2347292330796061E+02  0.7534546593428715E+00  0.2372923307960612E+01  0.4081602213754372E-09  0.1813920029112676E+04  0.1143536654639041E+01  0.5082033802520596E-18  0.1154261157230754E+01
  0.1162389350327843E+01  0.1151526736900632E+01  0.1157002070727124E+01  0.1152328253410380E+01  0.1152608242166433E+01  0.2791739768898272E+00  0.2683400252116162E+00  0.2245954977346406E+00  0.1013206174643303E+01  0.1281546199854919E+01
  0.8809181015494972E+00  0.2245954977346406E+01  0.7650001283691549E-01  0.1989838920924652E-16  0.7673142683446894E-20  0.2539999961853027E+06  0.2681464350689286E+02  0.2756809969211464E+02  0.2918756681485347E+02
  0.9842000122070312E+00  0.0000000000000000E+00
  0.9845533654992883E+00  0.4406520517386683E-04
  0.9849067187915455E+00  0.4774355274343106E-04
  0.9852600720838025E+00  0.5155936287602719E-04
  0.9856134253760597E+00  0.5604645085301554E-04
  0.9859667786683167E+00  0.6053353883000248E-04
  0.9863201319605739E+00  0.6532201976594163E-04
  0.9866734852528309E+00  0.7069570791623438E-04
  0.9870268385450880E+00  0.7606939606652714E-04
  0.9873801918373452E+00  0.8190477874689671E-04
  0.9877335451296022E+00  0.8818390377667964E-04
  0.9880868984218594E+00  0.9446302880646452E-04
  0.9884402517141164E+00  0.1013579543588687E-03
  0.9887936050063736E+00  0.1085428219315100E-03
  0.9891469582986306E+00  0.1157276895041490E-03
  0.9895003115908878E+00  0.1237458617873237E-03
  0.9898536648831449E+00  0.1319112540588110E-03
  0.9902070181754019E+00  0.1400949916594630E-03
  0.9905603714676591E+00  0.1491856496636698E-03
  0.9909137247599161E+00  0.1582763076678738E-03
  0.9912670780521733E+00  0.1675882416747248E-03
  0.9916204313444303E+00  0.1778447480159803E-03
  0.9919737846366875E+00  0.1881012543572392E-03
  0.9923271379289446E+00  0.1988795329867993E-03
  0.9926804912212016E+00  0.2105863355631996E-03
  0.9930338445134588E+00  0.2222931381396036E-03
  0.9933871978057158E+00  0.2350304440357542E-03
  0.9937405510979730E+00  0.2486825444517067E-03
  0.9940939043902300E+00  0.2623346448676549E-03
  0.9944472576824872E+00  0.2777367552233404E-03
  0.9948006109747443E+00  0.2938898994806244E-03
  0.9951539642670013E+00  0.3100430437379084E-03
  0.9955073175592585E+00  0.3296717486418679E-03
  0.9958606708515155E+00  0.3498212463243015E-03
  0.9962140241437727E+00  0.3701935570291105E-03
  0.9965673774360297E+00  0.3959619578271294E-03
  0.9969207307282869E+00  0.4217303586251564E-03
  0.9972740840205440E+00  0.1372795312983514E-02
  0.9976274373128011E+00  0.5812612297304445E-02
  0.9979807906050582E+00  0.1025242928162398E-01
  0.9983341438973152E+00  0.1489396420528193E-01
  0.9986874971895724E+00  0.1986518206751361E-01
  0.9990408504818294E+00  0.2483639992974373E-01
  0.9993942037740866E+00  0.3013201459254183E-01
  0.9997475570663437E+00  0.3569350874336652E-01
  0.1000100910358601E+01  0.4125500289419121E-01
  0.1000454263650858E+01  0.4405258692325829E-01
  0.1000807616943115E+01  0.4577285710175429E-01
  0.1001160970235372E+01  0.4749312728025026E-01
  0.1001514323527629E+01  0.4950353096856509E-01
  0.1001867676819886E+01  0.5154997339785231E-01
  0.1002221030112143E+01  0.5359931930874230E-01
  0.1002574383404401E+01  0.5569457510822071E-01
  0.1002927736696658E+01  0.5778983090769912E-01
  0.1003281089988915E+01  0.6000322303789993E-01
  0.1003634443281172E+01  0.6261334074437983E-01
  0.1003987796573429E+01  0.6522345845086136E-01
  0.1004341149865686E+01  0.6794397378160595E-01
  0.1004694503157943E+01  0.7083048380154114E-01
  0.1005047856450200E+01  0.7371699382147635E-01
  0.1005401209742457E+01  0.7708998565926643E-01
  0.1005754563034714E+01  0.8083087966356556E-01
  0.1006107916326971E+01  0.8457177366786468E-01
  0.1006461269619229E+01  0.8863691934399739E-01
  0.1006814622911486E+01  0.9281636701381196E-01
  0.1007167976203743E+01  0.9699581468362917E-01
  0.1007521329496000E+01  0.1017183382990173E+00
  0.1007874682788257E+01  0.1064950077178699E+00
  0.1008228036080514E+01  0.1113150766095707E+00
  0.1008581389372771E+01  0.1166389704020484E+00
  0.1008934742665028E+01  0.1219628641945227E+00
  0.1009288095957285E+01  0.1273759184307340E+00
  0.1009641449249542E+01  0.1330574847365001E+00
  0.1009994802541800E+01  0.1387390510422663E+00
  0.1010348155834057E+01  0.1446589822427148E+00
  0.1010701509126314E+01  0.1509090982862210E+00
  0.1011054862418571E+01  0.1571592143297271E+00
  0.1011408215710828E+01  0.1634916735074404E+00
  0.1011761569003085E+01  0.1698815384842560E+00
  0.1012114922295342E+01  0.1762714034610756E+00
  0.1012468275587599E+01  0.1827051158184041E+00
  0.1012821628879856E+01  0.1891527360364617E+00
  0.1013174982172113E+01  0.1956003562545193E+00
  0.1013528335464371E+01  0.2013979939330058E+00
  0.1013881688756628E+01  0.2071460795761153E+00
  0.1014235042048885E+01  0.2128149382371321E+00
  0.1014588395341142E+01  0.2177638448524002E+00
  0.1014941748633399E+01  0.2227127514676683E+00
  0.1015295101925656E+01  0.2272931208263829E+00
  0.1015648455217913E+01  0.2308725433921992E+00
  0.1016001808510170E+01  0.2344519659580156E+00
  0.1016355161802427E+01  0.2375830045610772E+00
  0.1016708515094685E+01  0.2401412323952554E+00
  0.1017061868386942E+01  0.2426994602294319E+00
  0.1017415221679199E+01  0.2445044566506690E+00
  0.1017768574971456E+01  0.2458259508182786E+00
  0.1018121928263713E+01  0.2471474449858882E+00
  0.1018475281555970E+01  0.2480425701855356E+00
  0.1018828634848227E+01  0.2488167499531705E+00
  0.1019181988140484E+01  0.2495909297208054E+00
  0.1019535341432741E+01  0.2496851723691436E+00
  0.1019888694724998E+01  0.2497428681526504E+00
  0.1020242048017256E+01  0.2498133716222592E+00
  0.1020595401309513E+01  0.2499787288978639E+00
  0.1020948754601770E+01  0.2501440861734686E+00
  0.1021302107894027E+01  0.2502430238510752E+00
  0.1021655461186284E+01  0.2501785028202231E+00
  0.1022008814478541E+01  0.2501139817893712E+00
  0.1022362167770798E+01  0.2500846647435238E+00
  0.1022715521063055E+01  0.2500968567388113E+00
  0.1023068874355312E+01  0.2501090487340988E+00
  0.1023422227647570E+01  0.2500540876062158E+00
  0.1023775580939827E+01  0.2499594968455429E+00
  0.1024128934232084E+01  0.2498649060848699E+00
  0.1024482287524341E+01  0.2499781506761765E+00
  0.1024835640816598E+01  0.2501436727391907E+00
  0.1025188994108855E+01  0.2503091948022048E+00
  0.1025542347401112E+01  0.2504657350246036E+00
  0.1025895700693369E+01  0.2506219878180377E+00
  0.1026249053985626E+01  0.2508031250011832E+00
  0.1026602407277883E+01  0.2511384506492780E+00
  0.1026955760570140E+01  0.2514737762973726E+00
  0.1027309113862398E+01  0.2518192219691781E+00
  0.1027662467154655E+01  0.2521873055465510E+00
  0.1028015820446912E+01  0.2525553891239239E+00
  0.1028369173739169E+01  0.2529384797086308E+00
  0.1028722527031426E+01  0.2533378993869333E+00
  0.1029075880323683E+01  0.2537373190652358E+00
  0.1029429233615940E+01  0.2541538774258319E+00
  0.1029782586908197E+01  0.2545797099847110E+00
  0.1030135940200454E+01  0.2550055425435900E+00
  0.1030489293492711E+01  0.2554277325470101E+00
  0.1030842646784969E+01  0.2558491167107843E+00
  0.1031196000077226E+01  0.2562705008745585E+00
  0.1031549353369483E+01  0.2571097552818377E+00
  0.1031902706661740E+01  0.2579537350311279E+00
  0.1032256059953997E+01  0.2587461560437083E+00
  0.1032609413246254E+01  0.2592654370796778E+00
  0.1032962766538511E+01  0.2597847181156474E+00
  0.1033316119830768E+01  0.2603968617376765E+00
  0.1033669473123025E+01  0.2611986053657450E+00
  0.1034022826415282E+01  0.2620003489938135E+00
  0.1034376179707539E+01  0.2626817665025777E+00
  0.1034729532999797E+01  0.2632422459662460E+00
  0.1035082886292054E+01  0.2638027254299138E+00
  0.1035436239584311E+01  0.2643755605572204E+00
  0.1035789592876568E+01  0.2649545170777179E+00
  0.1036142946168825E+01  0.2655334735982153E+00
  0.1036496299461082E+01  0.2657239857605166E+00
  0.1036849652753339E+01  0.2658397774920605E+00
  0.1037203006045596E+01  0.2659599174403586E+00
  0.1037556359337853E+01  0.2665786617800010E+00
  0.1037909712630111E+01  0.2671974061196439E+00
  0.1038263065922368E+01  0.2678048413733564E+00
  0.1038616419214625E+01  0.2683602708347086E+00
  0.1038969772506882E+01  0.2689157002960609E+00
  0.1039323125799139E+01  0.2694794490056571E+00
  0.1039676479091396E+01  0.2700587440456715E+00
  0.1040029832383653E+01  0.2706380390856857E+00
  0.1040383185675910E+01  0.2709619628951291E+00
  0.1040736538968167E+01  0.2710487946540329E+00
  0.1041089892260425E+01  0.2711356264129368E+00
  0.1041443245552682E+01  0.2713348564068369E+00
  0.1041796598844939E+01  0.2715849319128760E+00
  0.1042149952137196E+01  0.2718350074189150E+00
  0.1042503305429453E+01  0.2718850732320313E+00
  0.1042856658721710E+01  0.2719021733249612E+00
  0.1043210012013967E+01  0.2719235337158569E+00
  0.1043563365306224E+01  0.2720902624679380E+00
  0.1043916718598481E+01  0.2722569912200191E+00
  0.1044270071890739E+01  0.2724449761823552E+00
  0.1044623425182996E+01  0.2727188195219109E+00
  0.1044976778475253E+01  0.2729926628614666E+00
  0.1045330131767510E+01  0.2732863107976462E+00
  0.1045683485059767E+01  0.2736139103777906E+00
  0.1046036838352024E+01  0.2739415099579351E+00
  0.1046390191644281E+01  0.2742513873138408E+00
  0.1046743544936538E+01  0.2745460695751746E+00
  0.1047096898228795E+01  0.2748407518365085E+00
  0.1047450251521052E+01  0.2751697882011157E+00
  0.1047803604813309E+01  0.2755129687387565E+00
  0.1048156958105567E+01  0.2758561492763972E+00
  0.1048510311397824E+01  0.2760838030471131E+00
  0.1048863664690081E+01  0.2762954533175880E+00
  0.1049217017982338E+01  0.2765100013499593E+00
  0.1049570371274595E+01  0.2767816472305390E+00
  0.1049923724566852E+01  0.2770532931111186E+00
  0.1050277077859109E+01  0.2773846628029203E+00
  0.1050630431151366E+01  0.2779299312916816E+00
  0.1050983784443623E+01  0.2784751997804432E+00
  0.1051337137735880E+01  0.2789939712006747E+00
  0.1051690491028137E+01  0.2794709908308973E+00
  0.1052043844320395E+01  0.2799480104611201E+00
  0.1052397197612652E+01  0.2802974803495295E+00
  0.1052750550904909E+01  0.2805460034805567E+00
  0.1053103904197166E+01  0.2807945266115838E+00
  0.1053457257489423E+01  0.2811219479855419E+00
  0.1053810610781680E+01  0.2814788203951979E+00
  0.1054163964073937E+01  0.2818356928048540E+00
  0.1054517317366194E+01  0.2820482921305162E+00
  0.1054870670658451E+01  0.2822445319015175E+00
  0.1055224023950708E+01  0.2824279068612595E+00
  0.1055577377242966E+01  0.2824353099614211E+00
  0.1055930730535223E+01  0.2824427130615827E+00
  0.1056284083827480E+01  0.2823872505654537E+00
  0.1056637437119737E+01  0.2821306210464227E+00
  0.1056990790411994E+01  0.2818739915273918E+00
  0.1057344143704251E+01  0.2817238491261333E+00
  0.1057697496996508E+01  0.2817281732988632E+00
  0.1058050850288765E+01  0.2817324974715932E+00
  0.1058404203581022E+01  0.2817211432329253E+00
  0.1058757556873279E+01  0.2816983440130455E+00
  0.1059110910165537E+01  0.2816755447931658E+00
  0.1059464263457794E+01  0.2814864266200622E+00
  0.1059817616750051E+01  0.2812412792430316E+00
  0.1060170970042308E+01  0.2809961318660009E+00
  0.1060524323334565E+01  0.2807372794851857E+00
  0.1060877676626822E+01  0.2804772026266377E+00
  0.1061231029919079E+01  0.2802130671834523E+00
  0.1061584383211336E+01  0.2799068457929482E+00
  0.1061937736503593E+01  0.2796006244024441E+00
  0.1062291089795851E+01  0.2792534634193755E+00
  0.1062644443088108E+01  0.2787885152543689E+00
  0.1062997796380365E+01  0.2783235670893623E+00
  0.1063351149672622E+01  0.2779204135277479E+00
  0.1063704502964879E+01  0.2775998803301152E+00
  0.1064057856257136E+01  0.2772793471324826E+00
  0.1064411209549393E+01  0.2769253303365954E+00
  0.1064764562841650E+01  0.2765487920715244E+00
  0.1065117916133907E+01  0.2761722538064533E+00
  0.1065471269426165E+01  0.2759581170868131E+00
  0.1065824622718422E+01  0.2757930836498854E+00
  0.1066177976010679E+01  0.2756280502129579E+00
  0.1066531329302936E+01  0.2749254528360747E+00
  0.1066884682595193E+01  0.2741872071978050E+00
  0.1067238035887450E+01  0.2734751575465719E+00
  0.1067591389179707E+01  0.2729799605466793E+00
  0.1067944742471964E+01  0.2724847635467866E+00
  0.1068298095764221E+01  0.2719388544343409E+00
  0.1068651449056478E+01  0.2712610769019949E+00
  0.1069004802348736E+01  0.2705832993696493E+00
  0.1069358155640993E+01  0.2698778451946352E+00
  0.1069711508933250E+01  0.2691382512492635E+00
  0.1070064862225507E+01  0.2683986573038918E+00
  0.1070418215517764E+01  0.2677633987495373E+00
  0.1070771568810021E+01  0.2671927158270118E+00
  0.1071124922102278E+01  0.2666220329044864E+00
  0.1071478275394535E+01  0.2661289226678601E+00
  0.1071831628686792E+01  0.2656567240371066E+00
  0.1072184981979049E+01  0.2651845254063533E+00
  0.1072538335271306E+01  0.2646948429554449E+00
  0.1072891688563564E+01  0.2642043870678542E+00
  0.1073245041855821E+01  0.2636863806276305E+00
  0.1073598395148078E+01  0.2629800247441975E+00
  0.1073951748440335E+01  0.2622736688607649E+00
  0.1074305101732592E+01  0.2616419189677869E+00
  0.1074658455024849E+01  0.2611862728491853E+00
  0.1075011808317106E+01  0.2607306267305837E+00
  0.1075365161609363E+01  0.2603991338153729E+00
  0.1075718514901620E+01  0.2602090274763971E+00
  0.1076071868193877E+01  0.2600189211374213E+00
  0.1076425221486135E+01  0.2597157078622474E+00
  0.1076778574778392E+01  0.2593481848564813E+00
  0.1077131928070649E+01  0.2589806618507154E+00
  0.1077485281362906E+01  0.2588628543126343E+00
  0.1077838634655163E+01  0.2588045792778426E+00
  0.1078191987947420E+01  0.2587463042430508E+00
  0.1078545341239677E+01  0.2586792202904059E+00
  0.1078898694531934E+01  0.2586119332416195E+00
  0.1079252047824191E+01  0.2585542197732042E+00
  0.1079605401116448E+01  0.2585518669570872E+00
  0.1079958754408706E+01  0.2585495141409700E+00
  0.1080312107700963E+01  0.2585808178221746E+00
  0.1080665460993220E+01  0.2586845010454316E+00
  0.1081018814285477E+01  0.2587881842686887E+00
  0.1081372167577734E+01  0.2590081580073312E+00
  0.1081725520869991E+01  0.2593504458877048E+00
  0.1082078874162248E+01  0.2596927337680783E+00
  0.1082432227454505E+01  0.2598948740904320E+00
  0.1082785580746762E+01  0.2600239606896965E+00
  0.1083138934039019E+01  0.2601530472889610E+00
  0.1083492287331277E+01  0.2604165448419223E+00
  0.1083845640623534E+01  0.2607080969846263E+00
  0.1084198993915791E+01  0.2609996491273303E+00
  0.1084552347208048E+01  0.2612562867509078E+00
  0.1084905700500305E+01  0.2615128295319435E+00
  0.1085259053792562E+01  0.2618394183037394E+00
  0.1085612407084819E+01  0.2625147408471079E+00
  0.1085965760377076E+01  0.2631900633904765E+00
  0.1086319113669333E+01  0.2637755691298901E+00
  0.1086672466961591E+01  0.2641845573478259E+00
  0.1087025820253848E+01  0.2645935455657614E+00
  0.1087379173546105E+01  0.2651516747511443E+00
  0.1087732526838362E+01  0.2658547080183348E+00
  0.1088085880130619E+01  0.2665577412855257E+00
  0.1088439233422876E+01  0.2672411319079612E+00
  0.1088792586715133E+01  0.2679151584554149E+00
  0.1089145940007390E+01  0.2685891850028685E+00
  0.1089499293299647E+01  0.2694826735935514E+00
  0.1089852646591905E+01  0.2704157603544066E+00
  0.1090205999884162E+01  0.2713458317240036E+00
  0.1090559353176419E+01  0.2721027655488615E+00
  0.1090912706468676E+01  0.2728596993737195E+00
  0.1091266059760933E+01  0.2736474702960258E+00
  0.1091619413053190E+01  0.2745692297519012E+00
  0.1091972766345447E+01  0.2754909892077761E+00
  0.1092326119637704E+01  0.2763833353309951E+00
  0.1092679472929961E+01  0.2772227184350464E+00
  0.1093032826222218E+01  0.2780621015390982E+00
  0.1093386179514475E+01  0.2789044070672643E+00
  0.1093739532806733E+01  0.2797493352358743E+00
  0.1094092886098990E+01  0.2805942634044842E+00
  0.1094446239391247E+01  0.2813892177546094E+00
  0.1094799592683504E+01  0.2821624477586334E+00
  0.1095152945975761E+01  0.2829356777626568E+00
  0.1095506299268018E+01  0.2836050846287788E+00
  0.1095859652560275E+01  0.2842585611626424E+00
  0.1096213005852532E+01  0.2849234957151856E+00
  0.1096566359144789E+01  0.2858871084162400E+00
  0.1096919712437046E+01  0.2868507211172945E+00
  0.1097273065729303E+01  0.2877641240496294E+00
  0.1097626419021561E+01  0.2884850793688363E+00
  0.1097979772313818E+01  0.2892060346880437E+00
  0.1098333125606075E+01  0.2899281128240548E+00
  0.1098686478898332E+01  0.2906520473262918E+00
  0.1099039832190589E+01  0.2913759818285287E+00
  0.1099393185482846E+01  0.2918583077784600E+00
  0.1099746538775103E+01  0.2921404305912219E+00
  0.1100099892067360E+01  0.2924225534039835E+00
  0.1100453245359617E+01  0.2927698893251532E+00
  0.1100806598651874E+01  0.2931429864581694E+00
  0.1101159951944132E+01  0.2935160835911858E+00
  0.1101513305236389E+01  0.2938405073369430E+00
  0.1101866658528646E+01  0.2941587179898366E+00
  0.1102220011820903E+01  0.2944824487845834E+00
  0.1102573365113160E+01  0.2948978925975232E+00
  0.1102926718405417E+01  0.2953133364104634E+00
  0.1103280071697674E+01  0.2957035804795929E+00
  0.1103633424989931E+01  0.2960078865740693E+00
  0.1103986778282188E+01  0.2963121926685458E+00
  0.1104340131574446E+01  0.2966256693362455E+00
  0.1104693484866703E+01  0.2969530917307243E+00
  0.1105046838158960E+01  0.2972805141252030E+00
  0.1105400191451217E+01  0.2974326226668008E+00
  0.1105753544743474E+01  0.2974506780982620E+00
  0.1106106898035731E+01  0.2974687335297233E+00
  0.1106460251327988E+01  0.2974988103838125E+00
  0.1106813604620245E+01  0.2975331847039239E+00
  0.1107166957912502E+01  0.2975675590240353E+00
  0.1107520311204759E+01  0.2975101309395569E+00
  0.1107873664497017E+01  0.2974432483032155E+00
  0.1108227017789274E+01  0.2973658218443596E+00
  0.1108580371081531E+01  0.2971612901496349E+00
  0.1108933724373788E+01  0.2969567584549104E+00
  0.1109287077666045E+01  0.2968271166950679E+00
  0.1109640430958302E+01  0.2969263112698280E+00
  0.1109993784250559E+01  0.2970255058445883E+00
  0.1110347137542816E+01  0.2970921609834556E+00
  0.1110700490835073E+01  0.2971132374775308E+00
  0.1111053844127331E+01  0.2971343139716060E+00
  0.1111407197419588E+01  0.2972104803662408E+00
  0.1111760550711845E+01  0.2973254847260687E+00
  0.1112113904004102E+01  0.2974404890858965E+00
  0.1112467257296359E+01  0.2973168953402132E+00
  0.1112820610588616E+01  0.2971164956805057E+00
  0.1113173963880873E+01  0.2969160960207983E+00
  0.1113527317173130E+01  0.2968656380938361E+00
  0.1113880670465387E+01  0.2968270829894863E+00
  0.1114234023757644E+01  0.2967866853579736E+00
  0.1114587377049902E+01  0.2967290221341681E+00
  0.1114940730342159E+01  0.2966713589103626E+00
  0.1115294083634416E+01  0.2965622947943027E+00
  0.1115647436926673E+01  0.2963116835267210E+00
  0.1116000790218930E+01  0.2960610722591392E+00
  0.1116354143511187E+01  0.2958041255662974E+00
  0.1116707496803444E+01  0.2955389957864243E+00
  0.1117060850095701E+01  0.2952738660065513E+00
  0.1117414203387958E+01  0.2950272559606889E+00
  0.1117767556680215E+01  0.2947926696641184E+00
  0.1118120909972472E+01  0.2945580833675480E+00
  0.1118474263264730E+01  0.2943933672354666E+00
  0.1118827616556987E+01  0.2942487837251234E+00
  0.1119180969849244E+01  0.2941042002147802E+00
  0.1119534323141501E+01  0.2940864455475206E+00
  0.1119887676433758E+01  0.2940758905842079E+00
  0.1120241029726015E+01  0.2940300548006892E+00
  0.1120594383018272E+01  0.2937160180271148E+00
  0.1120947736310529E+01  0.2934019812535404E+00
  0.1121301089602786E+01  0.2931385178045434E+00
  0.1121654442895043E+01  0.2930011720333773E+00
  0.1122007796187301E+01  0.2928638262622112E+00
  0.1122361149479558E+01  0.2925931167100483E+00
  0.1122714502771815E+01  0.2921634320690735E+00
  0.1123067856064072E+01  0.2917337474280987E+00
  0.1123421209356329E+01  0.2916368592007323E+00
  0.1123774562648586E+01  0.2917386564061361E+00
  0.1124127915940843E+01  0.2918404536115400E+00
  0.1124481269233100E+01  0.2919450015897203E+00
  0.1124834622525357E+01  0.2920502539398546E+00
  0.1125187975817614E+01  0.2921555062899889E+00
  0.1125541329109872E+01  0.2925188127674612E+00
  0.1125894682402129E+01  0.2928911716447792E+00
  0.1126248035694386E+01  0.2932359063184247E+00
  0.1126601388986643E+01  0.2934052663344888E+00
  0.1126954742278900E+01  0.2935746263505530E+00
  0.1127308095571157E+01  0.2938221104069975E+00
  0.1127661448863414E+01  0.2942467345611592E+00
  0.1128014802155671E+01  0.2946713587153210E+00
  0.1128368155447928E+01  0.2950319284317182E+00
  0.1128721508740186E+01  0.2953219909266946E+00
  0.1129074862032443E+01  0.2956120534216711E+00
  0.1129428215324700E+01  0.2960334907204931E+00
  0.1129781568616957E+01  0.2965269216326476E+00
  0.1130134921909214E+01  0.2970203525448022E+00
  0.1130488275201471E+01  0.2973244685753687E+00
  0.1130841628493728E+01  0.2975858860935088E+00
  0.1131194981785985E+01  0.2978473036116490E+00
  0.1131548335078242E+01  0.2984266747175790E+00
  0.1131901688370499E+01  0.2990105811480287E+00
  0.1132255041662757E+01  0.2995575093895119E+00
  0.1132608394955014E+01  0.2999042357802840E+00
  0.1132961748247271E+01  0.3002509621710561E+00
  0.1133315101539528E+01  0.3006552627415106E+00
  0.1133668454831785E+01  0.3011786626970703E+00
  0.1134021808124042E+01  0.3017020626526297E+00
  0.1134375161416299E+01  0.3021350618281475E+00
  0.1134728514708556E+01  0.3024761470260551E+00
  0.1135081868000813E+01  0.3028172322239630E+00
  0.1135435221293071E+01  0.3032219823892471E+00
  0.1135788574585328E+01  0.3036586862985731E+00
  0.1136141927877585E+01  0.3040953902078990E+00
  0.1136495281169842E+01  0.3046230296110947E+00
  0.1136848634462099E+01  0.3051685350521418E+00
  0.1137201987754356E+01  0.3057129218028570E+00
  0.1137555341046613E+01  0.3060643310482477E+00
  0.1137908694338870E+01  0.3064157402936384E+00
  0.1138262047631127E+01  0.3067913295667001E+00
  0.1138615400923384E+01  0.3072803326859987E+00
  0.1138968754215641E+01  0.3077693358052970E+00
  0.1139322107507899E+01  0.3081569993707561E+00
  0.1139675460800156E+01  0.3083528644822316E+00
  0.1140028814092413E+01  0.3085487295937072E+00
  0.1140382167384670E+01  0.3090164327471974E+00
  0.1140735520676927E+01  0.3097394456115167E+00
  0.1141088873969184E+01  0.3104624584758360E+00
  0.1141442227261441E+01  0.3112038841278374E+00
  0.1141795580553698E+01  0.3119537515577842E+00
  0.1142148933845955E+01  0.3127036189877304E+00
  0.1142502287138212E+01  0.3134412138777339E+00
  0.1142855640430469E+01  0.3141767378524649E+00
  0.1143208993722727E+01  0.3149145342513959E+00
  0.1143562347014984E+01  0.3157388571265139E+00
  0.1143915700307241E+01  0.3165631800016320E+00
  0.1144269053599498E+01  0.3173734672077366E+00
  0.1144622406891755E+01  0.3181260190897730E+00
  0.1144975760184012E+01  0.3188785709718098E+00
  0.1145329113476269E+01  0.3195423356133036E+00
  0.1145682466768526E+01  0.3200519895081663E+00
  0.1146035820060783E+01  0.3205616434030289E+00
  0.1146389173353040E+01  0.3211140784963301E+00
  0.1146742526645298E+01  0.3217036219539380E+00
  0.1147095879937555E+01  0.3222931654115455E+00
  0.1147449233229812E+01  0.3228437332184768E+00
  0.1147802586522069E+01  0.3233780293205456E+00
  0.1148155939814326E+01  0.3239123254226143E+00
  0.1148509293106583E+01  0.3246357146369473E+00
  0.1148862646398840E+01  0.3253860069110986E+00
  0.1149215999691097E+01  0.3261290135983386E+00
  0.1149569352983354E+01  0.3267188931836003E+00
  0.1149922706275612E+01  0.3273087727688624E+00
  0.1150276059567869E+01  0.3279098281196373E+00
  0.1150629412860126E+01  0.3285515941424724E+00
  0.1150982766152383E+01  0.3291933601653076E+00
  0.1151336119444640E+01  0.3298596023825004E+00
  0.1151689472736897E+01  0.3305648835229354E+00
  0.1152042826029154E+01  0.3312701646633706E+00
  0.1152396179321411E+01  0.3318114231849513E+00
  0.1152749532613668E+01  0.3322213443960704E+00
  0.1153102885905926E+01  0.3326312656071899E+00
  0.1153456239198183E+01  0.3331206598037823E+00
  0.1153809592490440E+01  0.3336401532078248E+00
  0.1154162945782697E+01  0.3341596466118672E+00
  0.1154516299074954E+01  0.3347869527823153E+00
  0.1154869652367211E+01  0.3354268705532846E+00
  0.1155223005659468E+01  0.3360687840642284E+00
  0.1155576358951725E+01  0.3367392902960226E+00
  0.1155929712243982E+01  0.3374097965278167E+00
  0.1156283065536239E+01  0.3381067558517019E+00
  0.1156636418828497E+01  0.3388897250404380E+00
  0.1156989772120754E+01  0.3396726942291736E+00
  0.1157343125413011E+01  0.3403524969996892E+00
  0.1157696478705268E+01  0.3408808519977771E+00
  0.1158049831997525E+01  0.3414092069958654E+00
  0.1158403185289782E+01  0.3421309255687449E+00
  0.1158756538582039E+01  0.3429954724250647E+00
  0.1159109891874296E+01  0.3438600192813843E+00
  0.1159463245166553E+01  0.3443480831870031E+00
  0.1159816598458810E+01  0.3447073716903116E+00
  0.1160169951751068E+01  0.3450666601936201E+00
  0.1160523305043325E+01  0.3456408481626614E+00
  0.1160876658335582E+01  0.3462349736060088E+00
  0.1161230011627839E+01  0.3468118912079991E+00
  0.1161583364920096E+01  0.3472037426937060E+00
  0.1161936718212353E+01  0.3475955941794130E+00
  0.1162290071504610E+01  0.3480537012740851E+00
  0.1162643424796867E+01  0.3487053347296068E+00
  0.1162996778089124E+01  0.3493569681851290E+00
  0.1163350131381381E+01  0.3499048743426254E+00
  0.1163703484673638E+01  0.3503124517912030E+00
  0.1164056837965896E+01  0.3507200292397806E+00
  0.1164410191258153E+01  0.3510828264133171E+00
  0.1164763544550410E+01  0.3514151410616639E+00
  0.1165116897842667E+01  0.3517474557100108E+00
  0.1165470251134924E+01  0.3520315452404849E+00
  0.1165823604427181E+01  0.3523008169495075E+00
  0.1166176957719438E+01  0.3525700886585304E+00
  0.1166530311011695E+01  0.3529355427714543E+00
  0.1166883664303952E+01  0.3533076912983558E+00
  0.1167237017596209E+01  0.3536616627233110E+00
  0.1167590370888467E+01  0.3538605293938768E+00
  0.1167943724180724E+01  0.3540593960644423E+00
  0.1168297077472981E+01  0.3542324447761657E+00
  0.1168650430765238E+01  0.3543373836367311E+00
  0.1169003784057495E+01  0.3544423224972965E+00
  0.1169357137349752E+01  0.3545471715711748E+00
  0.1169710490642009E+01  0.3546519085919733E+00
  0.1170063843934266E+01  0.3547566456127718E+00
  0.1170417197226523E+01  0.3548601952839460E+00
  0.1170770550518780E+01  0.3549630010664560E+00
  0.1171123903811038E+01  0.3550658068489659E+00
  0.1171477257103295E+01  0.3552077923320600E+00
  0.1171830610395552E+01  0.3553605223124410E+00
  0.1172183963687809E+01  0.3555132522928222E+00
  0.1172537316980066E+01  0.3555055205153692E+00
  0.1172890670272323E+01  0.3554901845891428E+00
  0.1173244023564580E+01  0.3554952365607538E+00
  0.1173597376856837E+01  0.3556433619394597E+00
  0.1173950730149095E+01  0.3557914873181655E+00
  0.1174304083441352E+01  0.3559776933034316E+00
  0.1174657436733609E+01  0.3562550380659734E+00
  0.1175010790025866E+01  0.3565323828285152E+00
  0.1175364143318123E+01  0.3566122064928577E+00
  0.1175717496610380E+01  0.3564644716646033E+00
  0.1176070849902637E+01  0.3563167368363489E+00
  0.1176424203194894E+01  0.3563559259489733E+00
  0.1176777556487151E+01  0.3565027266572188E+00
  0.1177130909779408E+01  0.3566495273654645E+00
  0.1177484263071666E+01  0.3565147007769614E+00
  0.1177837616363923E+01  0.3563114847164085E+00
  0.1178190969656180E+01  0.3561082686558557E+00
  0.1178544322948437E+01  0.3559602554653776E+00
  0.1178897676240694E+01  0.3558136820138031E+00
  0.1179251029532951E+01  0.3556615693466047E+00
  0.1179604382825208E+01  0.3554766763398222E+00
  0.1179957736117465E+01  0.3552917833330396E+00
  0.1180311089409722E+01  0.3552090298828549E+00
  0.1180664442701979E+01  0.3553488797304908E+00
  0.1181017795994237E+01  0.3554887295781267E+00
  0.1181371149286494E+01  0.3557135486918137E+00
  0.1181724502578751E+01  0.3560287752950095E+00
  0.1182077855871008E+01  0.3563440018982056E+00
  0.1182431209163265E+01  0.3563641047883824E+00
  0.1182784562455522E+01  0.3562283937396870E+00
  0.1183137915747779E+01  0.3560926826909916E+00
  0.1183491269040036E+01  0.3559265029010213E+00
  0.1183844622332293E+01  0.3557538348674748E+00
  0.1184197975624550E+01  0.3555811668339285E+00
  0.1184551328916807E+01  0.3553764824350126E+00
  0.1184904682209065E+01  0.3551716180308293E+00
  0.1185258035501322E+01  0.3549746760453683E+00
  0.1185611388793579E+01  0.3548180073036784E+00
  0.1185964742085836E+01  0.3546613385619887E+00
  0.1186318095378093E+01  0.3544055460237993E+00
  0.1186671448670350E+01  0.3539524114548342E+00
  0.1187024801962607E+01  0.3534992768858694E+00
  0.1187378155254864E+01  0.3532172746228109E+00
  0.1187731508547121E+01  0.3531034710202823E+00
  0.1188084861839378E+01  0.3529896674177537E+00
  0.1188438215131636E+01  0.3530543091115930E+00
  0.1188791568423893E+01  0.3532051457552132E+00
  0.1189144921716150E+01  0.3533559823988334E+00
  0.1189498275008407E+01  0.3536032154806857E+00
  0.1189851628300664E+01  0.3538682300566064E+00
  0.1190204981592921E+01  0.3541265909205243E+00
  0.1190558334885178E+01  0.3539242269171099E+00
  0.1190911688177435E+01  0.3537218629136955E+00
  0.1191265041469692E+01  0.3534328675609671E+00
  0.1191618394761949E+01  0.3527602111557783E+00
  0.1191971748054207E+01  0.3520875547505891E+00
  0.1192325101346464E+01  0.3516027976611536E+00
  0.1192678454638721E+01  0.3514606626240132E+00
  0.1193031807930978E+01  0.3513185275868727E+00
  0.1193385161223235E+01  0.3510947119880310E+00
  0.1193738514515492E+01  0.3507967425608092E+00
  0.1194091867807749E+01  0.3504987731335877E+00
  0.1194445221100006E+01  0.3502233296410340E+00
  0.1194798574392263E+01  0.3499578126764389E+00
  0.1195151927684520E+01  0.3496922957118438E+00
  0.1195505280976778E+01  0.3493064581064057E+00
  0.1195858634269035E+01  0.3489016959915318E+00
  0.1196211987561292E+01  0.3485077664000920E+00
  0.1196565340853549E+01  0.3484210155829907E+00
  0.1196918694145806E+01  0.3483342647658893E+00
  0.1197272047438063E+01  0.3482562826654556E+00
  0.1197625400730320E+01  0.3482125084831674E+00
  0.1197978754022577E+01  0.3481687343008792E+00
  0.1198332107314835E+01  0.3481301995632153E+00
  0.1198685460607092E+01  0.3481004343779066E+00
  0.1199038813899349E+01  0.3480706691925980E+00
  0.1199392167191606E+01  0.3480176339435160E+00
  0.1199745520483863E+01  0.3479450910872470E+00
  0.1200098873776120E+01  0.3478725482309779E+00
  0.1200452227068377E+01  0.3480006123736872E+00
  0.1200805580360634E+01  0.3482090521420829E+00
  0.1201158933652891E+01  0.3484174919104785E+00
  0.1201512286945148E+01  0.3484850004170124E+00
  0.1201865640237405E+01  0.3485340011149520E+00
  0.1202218993529663E+01  0.3485681835478076E+00
  0.1202572346821920E+01  0.3483422139499763E+00
  0.1202925700114177E+01  0.3481162443521449E+00
  0.1203279053406434E+01  0.3479653450682105E+00
  0.1203632406698691E+01  0.3480747179890099E+00
  0.1203985759990948E+01  0.3481840909098092E+00
  0.1204339113283205E+01  0.3482345356986319E+00
  0.1204692466575462E+01  0.3481942813304982E+00
  0.1205045819867719E+01  0.3481540269623645E+00
  0.1205399173159976E+01  0.3481321557137566E+00
  0.1205752526452234E+01  0.3481245068620536E+00
  0.1206105879744491E+01  0.3481168580103506E+00
  0.1206459233036748E+01  0.3480818499642400E+00
  0.1206812586329005E+01  0.3480369155838242E+00
  0.1207165939621262E+01  0.3479919812034084E+00
  0.1207519292913519E+01  0.3479858137554803E+00
  0.1207872646205776E+01  0.3479837751867886E+00
  0.1208225999498033E+01  0.3480161136710188E+00
  0.1208579352790290E+01  0.3484804100504625E+00
  0.1208932706082547E+01  0.3489447064299062E+00
  0.1209286059374804E+01  0.3492590909930759E+00
  0.1209639412667062E+01  0.3491082098165324E+00
  0.1209992765959319E+01  0.3489573286399888E+00
  0.1210346119251576E+01  0.3489575953345941E+00
  0.1210699472543833E+01  0.3491721058222047E+00
  0.1211052825836090E+01  0.3493866163098153E+00
  0.1211406179128347E+01  0.3493853719497050E+00
  0.1211759532420604E+01  0.3492302056628045E+00
  0.1212112885712861E+01  0.3490750393759041E+00
  0.1212466239005118E+01  0.3493027629778122E+00
  0.1212819592297375E+01  0.3496556762420295E+00
  0.1213172945589633E+01  0.3500085895062470E+00
  0.1213526298881890E+01  0.3500303571440474E+00
  0.1213879652174147E+01  0.3500247221674769E+00
  0.1214233005466404E+01  0.3500427551278827E+00
  0.1214586358758661E+01  0.3502901324624427E+00
  0.1214939712050918E+01  0.3505375097970024E+00
  0.1215293065343175E+01  0.3506962967578378E+00
  0.1215646418635432E+01  0.3506074878837822E+00
  0.1215999771927689E+01  0.3505186790097266E+00
  0.1216353125219947E+01  0.3504996546495425E+00
  0.1216706478512204E+01  0.3505718298849723E+00
  0.1217059831804461E+01  0.3506440051204022E+00
  0.1217413185096718E+01  0.3509084976051674E+00
  0.1217766538388975E+01  0.3512993647807311E+00
  0.1218119891681232E+01  0.3516902319562951E+00
  0.1218473244973489E+01  0.3520313332214693E+00
  0.1218826598265746E+01  0.3523578559143758E+00
  0.1219179951558003E+01  0.3526843786072822E+00
  0.1219533304850260E+01  0.3530563046407856E+00
  0.1219886658142518E+01  0.3534309546558718E+00
  0.1220240011434775E+01  0.3538097332792841E+00
  0.1220593364727032E+01  0.3542207998637824E+00
  0.1220946718019289E+01  0.3546318664482807E+00
  0.1221300071311546E+01  0.3551255230376316E+00
  0.1221653424603803E+01  0.3558280739350562E+00
  0.1222006777896060E+01  0.3565306248324808E+00
  0.1222360131188317E+01  0.3571803027610936E+00
  0.1222713484480574E+01  0.3577662171515682E+00
  0.1223066837772832E+01  0.3583521315420425E+00
  0.1223420191065089E+01  0.3588141651374515E+00
  0.1223773544357346E+01  0.3592013249510639E+00
  0.1224126897649603E+01  0.3595884847646764E+00
  0.1224480250941860E+01  0.3600439320958557E+00
  0.1224833604234117E+01  0.3605171769574635E+00
  0.1225186957526374E+01  0.3609904218190714E+00
  0.1225540310818631E+01  0.3616426983862711E+00
  0.1225893664110888E+01  0.3623018097076434E+00
  0.1226247017403145E+01  0.3629674319613072E+00
  0.1226600370695403E+01  0.3636754245994671E+00
  0.1226953723987660E+01  0.3643834172376270E+00
  0.1227307077279917E+01  0.3650439450025956E+00
  0.1227660430572174E+01  0.3655953757202740E+00
  0.1228013783864431E+01  0.3661468064379528E+00
  0.1228367137156688E+01  0.3666458609053929E+00
  0.1228720490448945E+01  0.3670865926283052E+00
  0.1229073843741202E+01  0.3675273243512175E+00
  0.1229427197033459E+01  0.3680862667925964E+00
  0.1229780550325716E+01  0.3687108088883749E+00
  0.1230133903617973E+01  0.3693353509841535E+00
  0.1230487256910231E+01  0.3697616215339083E+00
  0.1230840610202488E+01  0.3701423122400512E+00
  0.1231193963494745E+01  0.3705230029461937E+00
  0.1231547316787002E+01  0.3711435533922589E+00
  0.1231900670079259E+01  0.3717682383945858E+00
  0.1232254023371516E+01  0.3723278121357330E+00
  0.1232607376663773E+01  0.3725270053205703E+00
  0.1232960729956030E+01  0.3727261985054074E+00
  0.1233314083248287E+01  0.3730432308401743E+00
  0.1233667436540544E+01  0.3736072544293405E+00
  0.1234020789832802E+01  0.3741712780185066E+00
  0.1234374143125059E+01  0.3746066253218125E+00
  0.1234727496417316E+01  0.3749096254342149E+00
  0.1235080849709573E+01  0.3752126255466174E+00
  0.1235434203001830E+01  0.3755301061764732E+00
  0.1235787556294087E+01  0.3758549491855424E+00
  0.1236140909586344E+01  0.3761797921946118E+00
  0.1236494262878601E+01  0.3764383336623421E+00
  0.1236847616170858E+01  0.3766835744422834E+00
  0.1237200969463116E+01  0.3769287303403220E+00
  0.1237554322755373E+01  0.3771445165805062E+00
  0.1237907676047630E+01  0.3773603028206904E+00
  0.1238261029339887E+01  0.3775511405073839E+00
  0.1238614382632144E+01  0.3776225927932276E+00
  0.1238967735924401E+01  0.3776940450790714E+00
  0.1239321089216658E+01  0.3778790073904265E+00
  0.1239674442508915E+01  0.3782815624383330E+00
  0.1240027795801172E+01  0.3786841174862397E+00
  0.1240381149093429E+01  0.3790064128392073E+00
  0.1240734502385687E+01  0.3792524537990993E+00
  0.1241087855677944E+01  0.3794984947589912E+00
  0.1241441208970201E+01  0.3800202623546318E+00
  0.1241794562262458E+01  0.3806701406834332E+00
  0.1242147915554715E+01  0.3813200190122346E+00
  0.1242501268846972E+01  0.3816248850844765E+00
  0.1242854622139229E+01  0.3818701697674346E+00
  0.1243207975431486E+01  0.3821212399571338E+00
  0.1243561328723743E+01  0.3826212930490656E+00
  0.1243914682016000E+01  0.3831213461409974E+00
  0.1244268035308258E+01  0.3835878909709967E+00
  0.1244621388600515E+01  0.3839140378448162E+00
  0.1244974741892772E+01  0.3842401847186357E+00
  0.1245328095185029E+01  0.3845516388346954E+00
  0.1245681448477286E+01  0.3848372708674465E+00
  0.1246034801769543E+01  0.3851229029001976E+00
  0.1246388155061800E+01  0.3852845047945234E+00
  0.1246741508354057E+01  0.3853372699201709E+00
  0.1247094861646314E+01  0.3853900350458185E+00
  0.1247448214938571E+01  0.3855660458422563E+00
  0.1247801568230829E+01  0.3857942262695796E+00
  0.1248154921523086E+01  0.3860224066969027E+00
  0.1248508274815343E+01  0.3863830248784443E+00
  0.1248861628107600E+01  0.3867629851561417E+00
  0.1249214981399857E+01  0.3871352120966515E+00
  0.1249568334692114E+01  0.3873333654078466E+00
  0.1249921687984371E+01  0.3875315187190416E+00
  0.1250275041276628E+01  0.3877991275350097E+00
  0.1250628394568885E+01  0.3883241192672948E+00
  0.1250981747861142E+01  0.3888491109995795E+00
  0.1251335101153400E+01  0.3892967006101337E+00
  0.1251688454445657E+01  0.3896193223958401E+00
  0.1252041807737914E+01  0.3899419441815464E+00
  0.1252395161030171E+01  0.3902604846304585E+00
  0.1252748514322428E+01  0.3905757187063137E+00
  0.1253101867614685E+01  0.3908909527821690E+00
  0.1253455220906942E+01  0.3909383007107904E+00
  0.1253808574199199E+01  0.3908827174155609E+00
  0.1254161927491456E+01  0.3908271341203312E+00
  0.1254515280783713E+01  0.3907397097479040E+00
  0.1254868634075970E+01  0.3906484458535984E+00
  0.1255221987368228E+01  0.3905671640988927E+00
  0.1255575340660485E+01  0.3906359651193737E+00
  0.1255928693952742E+01  0.3907047661398547E+00
  0.1256282047244999E+01  0.3908281539597135E+00
  0.1256635400537256E+01  0.3911319044063968E+00
  0.1256988753829513E+01  0.3914356548530802E+00
  0.1257342107121770E+01  0.3916275732600771E+00
  0.1257695460414027E+01  0.3916533457576690E+00
  0.1258048813706284E+01  0.3916791182552610E+00
  0.1258402166998541E+01  0.3917774852108346E+00
  0.1258755520290799E+01  0.3919301097513664E+00
  0.1259108873583056E+01  0.3920827342918984E+00
  0.1259462226875313E+01  0.3920485338793180E+00
  0.1259815580167570E+01  0.3919494568272409E+00
  0.1260168933459827E+01  0.3918503797751637E+00
  0.1260522286752084E+01  0.3919462851887003E+00
  0.1260875640044341E+01  0.3920609533772582E+00
  0.1261228993336598E+01  0.3921684785257749E+00
  0.1261582346628856E+01  0.3921962380166051E+00
  0.1261935699921113E+01  0.3922239975074352E+00
  0.1262289053213370E+01  0.3922242923098579E+00
  0.1262642406505627E+01  0.3921431346770537E+00
  0.1262995759797884E+01  0.3920619770442494E+00
  0.1263349113090141E+01  0.3919893210289498E+00
  0.1263702466382398E+01  0.3919283030844100E+00
  0.1264055819674655E+01  0.3918672851398702E+00
  0.1264409172966912E+01  0.3918715491324781E+00
  0.1264762526259169E+01  0.3919207854155726E+00
  0.1265115879551427E+01  0.3919700216986670E+00
  0.1265469232843684E+01  0.3917281159247267E+00
  0.1265822586135941E+01  0.3913953135652476E+00
  0.1266175939428198E+01  0.3910625112057684E+00
  0.1266529292720455E+01  0.3910507941700624E+00
  0.1266882646012712E+01  0.3910624869304364E+00
  0.1267235999304969E+01  0.3910533757270723E+00
  0.1267589352597226E+01  0.3908611425570881E+00
  0.1267942705889483E+01  0.3906689093871040E+00
  0.1268296059181740E+01  0.3904955612066331E+00
  0.1268649412473998E+01  0.3903727610966832E+00
  0.1269002765766255E+01  0.3902499609867334E+00
  0.1269356119058512E+01  0.3898228541703092E+00
  0.1269709472350769E+01  0.3890115144450484E+00
  0.1270062825643026E+01  0.3882001747197882E+00
  0.1270416178935283E+01  0.3871744762878192E+00
  0.1270769532227540E+01  0.3860128376298704E+00
  0.1271122885519797E+01  0.3848511989719215E+00
  0.1271476238812054E+01  0.3831204423258057E+00
  0.1271829592104311E+01  0.3812309400737031E+00
  0.1272182945396569E+01  0.3793414378216003E+00
  0.1272536298688826E+01  0.3772146345107372E+00
  0.1272889651981083E+01  0.3750758332267010E+00
  0.1273243005273340E+01  0.3728030504009611E+00
  0.1273596358565597E+01  0.3695646368325806E+00
  0.1273949711857854E+01  0.3663262232642001E+00
  0.1274303065150111E+01  0.3628165536542044E+00
  0.1274656418442368E+01  0.3586485938013247E+00
  0.1275009771734625E+01  0.3544806339484424E+00
  0.1275363125026882E+01  0.3494669561166688E+00
  0.1275716478319139E+01  0.3434675923777343E+00
  0.1276069831611397E+01  0.3374682286387960E+00
  0.1276423184903654E+01  0.3307302210381627E+00
  0.1276776538195911E+01  0.3235616691202758E+00
  0.1277129891488168E+01  0.3163931172023934E+00
  0.1277483244780425E+01  0.3079991354062924E+00
  0.1277836598072682E+01  0.2993020997216332E+00
  0.1278189951364939E+01  0.2906050640369795E+00
  0.1278543304657196E+01  0.2809900196792775E+00
  0.1278896657949453E+01  0.2713482392903770E+00
  0.1279250011241710E+01  0.2616197751657088E+00
  0.1279603364533968E+01  0.2513661302005169E+00
  0.1279956717826225E+01  0.2411124852353315E+00
  0.1280310071118482E+01  0.2309083901656181E+00
  0.1280663424410739E+01  0.2208137410884216E+00
  0.1281016777702996E+01  0.2107190920112250E+00
  0.1281370130995253E+01  0.2008788728998305E+00
  0.1281723484287510E+01  0.1913125101040661E+00
  0.1282076837579767E+01  0.1817461473083017E+00
  0.1282430190872024E+01  0.1728345878754531E+00
  0.1282783544164281E+01  0.1642731643838882E+00
  0.1283136897456539E+01  0.1557117408923179E+00
  0.1283490250748796E+01  0.1479781830449881E+00
  0.1283843604041053E+01  0.1404244394613304E+00
  0.1284196957333310E+01  0.1328706958776680E+00
  0.1284550310625567E+01  0.1263495823108786E+00
  0.1284903663917824E+01  0.1198372926177773E+00
  0.1285257017210081E+01  0.1134384800846497E+00
  0.1285610370502338E+01  0.1076288417290494E+00
  0.1285963723794596E+01  0.1018192033734454E+00
  0.1286317077086853E+01  0.9632152232639064E-01
  0.1286670430379110E+01  0.9145301763910957E-01
  0.1287023783671367E+01  0.8658451295182848E-01
  0.1287377136963624E+01  0.8201514914686983E-01
  0.1287730490255881E+01  0.7774320705399093E-01
  0.1288083843548138E+01  0.7347126496111471E-01
  0.1288437196840395E+01  0.6980539256572575E-01
  0.1288790550132652E+01  0.6643612964199987E-01
  0.1289143903424909E+01  0.6306686671827397E-01
  0.1289497256717167E+01  0.6008662728536376E-01
  0.1289850610009424E+01  0.5717972617568012E-01
  0.1290203963301681E+01  0.5427908474338970E-01
  0.1290557316593938E+01  0.5192348125428660E-01
  0.1290910669886195E+01  0.4956787776518350E-01
  0.1291264023178452E+01  0.4725307959179487E-01
  0.1291617376470709E+01  0.4512251498347813E-01
  0.1291970729762966E+01  0.4299195037516140E-01
  0.1292324083055223E+01  0.4102346245460330E-01
  0.1292677436347480E+01  0.3935426465772418E-01
  0.1293030789639737E+01  0.3768506686084298E-01
  0.1293384142931995E+01  0.3609109220335171E-01
  0.1293737496224252E+01  0.3456620240341848E-01
  0.1294090849516509E+01  0.3304131260348429E-01
  0.1294444202808766E+01  0.3170844578558647E-01
  0.1294797556101023E+01  0.3046135126987278E-01
  0.1295150909393280E+01  0.2921425675415909E-01
  0.1295504262685537E+01  0.2794041412844505E-01
  0.1295857615977794E+01  0.2666226087092832E-01
  0.1296210969270051E+01  0.2538475175443991E-01
  0.1296564322562308E+01  0.2412725626826565E-01
  0.1296917675854566E+01  0.2286976078209139E-01
  0.1297271029146823E+01  0.2160558766599023E-01
  0.1297624382439080E+01  0.2031489536292663E-01
  0.1297977735731337E+01  0.1902420305986383E-01
  0.1298331089023594E+01  0.1778309065374670E-01
  0.1298684442315851E+01  0.1662599227178192E-01
  0.1299037795608108E+01  0.1546889388981715E-01
  0.1299391148900365E+01  0.1440953547786043E-01
  0.1299744502192622E+01  0.1343307072821133E-01
  0.1300097855484879E+01  0.1245660597856223E-01
  0.1300451208777137E+01  0.1159448742719336E-01
  0.1300804562069394E+01  0.1077883216061502E-01
  0.1301157915361651E+01  0.9963176894035655E-02
  0.1301511268653908E+01  0.9284723660160314E-02
  0.1301864621946165E+01  0.8624796204443791E-02
  0.1302217975238422E+01  0.7971229691764371E-02
  0.1302571328530679E+01  0.7436005513095335E-02
  0.1302924681822936E+01  0.6900781334426299E-02
  0.1303278035115193E+01  0.6390426593081717E-02
  0.1303631388407450E+01  0.5967744086640371E-02
  0.1303984741699708E+01  0.5545061580198759E-02
  0.1304338094991965E+01  0.5152087057066589E-02
  0.1304691448284222E+01  0.4805393572079770E-02
  0.1305044801576479E+01  0.4458700087092950E-02
  0.1305398154868736E+01  0.4148927457609441E-02
  0.1305751508160993E+01  0.3868055680550527E-02
  0.1306104861453250E+01  0.3587183903491791E-02
  0.1306458214745507E+01  0.3346621264947413E-02
  0.1306811568037764E+01  0.3120899994023819E-02
  0.1307164921330021E+01  0.2895178723100225E-02
  0.1307518274622279E+01  0.2711968211161540E-02
  0.1307871627914536E+01  0.2533435787382785E-02
  0.1308224981206793E+01  0.2357476456705852E-02
  0.1308578334499050E+01  0.2215268829188688E-02
  0.1308931687791307E+01  0.2073061201671612E-02
  0.1309285041083564E+01  0.1937165485292935E-02
  0.1309638394375821E+01  0.1821169362017819E-02
  0.1309991747668078E+01  0.1705173238742702E-02
  0.1310345100960336E+01  0.1597673205148571E-02
  0.1310698454252593E+01  0.1502360000477421E-02
  0.1311051807544850E+01  0.1407046795806269E-02
  0.1311405160837107E+01  0.1321807026267177E-02
  0.1311758514129364E+01  0.1243839405510084E-02
  0.1312111867421621E+01  0.1165871784752942E-02
  0.1312465220713878E+01  0.1099357546187027E-02
  0.1312818574006135E+01  0.1036646446303648E-02
  0.1313171927298392E+01  0.9739353464202688E-03
  0.1313525280590649E+01  0.9200969054979995E-03
  0.1313878633882906E+01  0.8670227553463253E-03
  0.1314231987175164E+01  0.8147854890087256E-03
  0.1314585340467421E+01  0.7709420674303126E-03
  0.1314938693759678E+01  0.7270986458518997E-03
  0.1315292047051935E+01  0.6850422718390314E-03
  0.1315645400344192E+01  0.6480553908604145E-03
  0.1315998753636449E+01  0.6110685098818209E-03
  0.1316352106928706E+01  0.5768651301138231E-03
  0.1316705460220963E+01  0.5463424101847137E-03
  0.1317058813513220E+01  0.5158196902556232E-03
  0.1317412166805477E+01  0.4883051992440311E-03
  0.1317765520097735E+01  0.4627913826356657E-03
  0.1318118873389992E+01  0.4372775660273004E-03
  0.1318472226682249E+01  0.4147886423707276E-03
  0.1318825579974506E+01  0.3932004666757848E-03
  0.1319178933266763E+01  0.3716122909808420E-03
  0.1319532286559020E+01  0.3530007827784285E-03
  0.1319885639851277E+01  0.3345775281214643E-03
  0.1320238993143534E+01  0.3165101143006535E-03
  0.1320592346435791E+01  0.3013074329301862E-03
  0.1320945699728048E+01  0.2861047515597188E-03
  0.1321299053020305E+01  0.2715778213943006E-03
  0.1321652406312563E+01  0.2587845694828450E-03
  0.1322005759604820E+01  0.2459913175713813E-03
  0.1322359112897077E+01  0.2341391527950366E-03
  0.1322712466189334E+01  0.2234351986533200E-03
  0.1323065819481591E+01  0.2127312445116036E-03
  0.1323419172773848E+01  0.2028642314842945E-03
  0.1323772526066105E+01  0.1935093045166259E-03
  0.1324125879358362E+01  0.1841543775489632E-03
  0.1324479232650619E+01  0.1757163351835130E-03
  0.1324832585942877E+01  0.1675214715120868E-03
  0.1325185939235134E+01  0.1593266078406658E-03
  0.1325539292527391E+01  0.1524895214040484E-03
  0.1325892645819648E+01  0.1457084997187902E-03
  0.1326245999111905E+01  0.1390360539657886E-03
  0.1326599352404162E+01  0.1330882001290299E-03
  0.1326952705696419E+01  0.1271403462922749E-03
  0.1327306058988676E+01  0.1214587124286271E-03
  0.1327659412280933E+01  0.1163974068858422E-03
  0.1328012765573190E+01  0.1113361013430573E-03
  0.1328366118865448E+01  0.1064291062107060E-03
  0.1328719472157705E+01  0.1016959396122912E-03
  0.1329072825449962E+01  0.9696277301387640E-04
  0.1329426178742219E+01  0.9289659676791059E-04
  0.1329779532034476E+01  0.8920522731465999E-04
  0.1330132885326733E+01  0.8551385786140707E-04
  0.1330486238618990E+01  0.8212945031531708E-04
  0.1330839591911247E+01  0.7881695182405124E-04
  0.1331192945203504E+01  0.7550445333278539E-04
  0.1331546298495761E+01  0.7269956272124253E-04
  0.1331899651788019E+01  0.6990494008206216E-04
  0.1332253005080276E+01  0.6714265246527423E-04
  0.1332606358372533E+01  0.6456338976773574E-04
  0.1332959711664790E+01  0.6198412707019560E-04
  0.1333313064957047E+01  0.5954309970216659E-04
  0.1333666418249304E+01  0.5739566685378531E-04
  0.1334019771541561E+01  0.5524823400540403E-04
  0.1334373124833818E+01  0.5316535685678800E-04
  0.1334726478126075E+01  0.5114964709371781E-04
  0.1335079831418333E+01  0.4913393733064891E-04
  0.1335433184710590E+01  0.4730718822672868E-04
  0.1335786538002847E+01  0.4557775749276192E-04
  0.1336139891295104E+01  0.4384832675879514E-04
  0.1336493244587361E+01  0.4230549086416584E-04
  0.1336846597879618E+01  0.4080086538431359E-04
  0.1337553304464132E+01  0.0000000000000000E+00
