  1000 NIRCAM_F360M        
  0.3165935261000000E+01  0.4003184770509510E+01  0.2801190266984376E+02  0.2807914764704392E+01  0.6911902669843762E+01  0.6240780847286527E-11  0.2734224019266335E+03  0.3614816618545581E+01  0.1583731053137021E-16  0.3624164754622726E+01
  0.3629800887400668E+01  0.3622283084336310E+01  0.3626047402381908E+01  0.3621876262495688E+01  0.3623751176615176E+01  0.2885042345294598E+00  0.3873236119814116E+00  0.3700145291199409E+00  0.3426552568302204E+01  0.3813876180283616E+01
  0.1859935222154292E+01  0.3700145291199409E+01  0.5134704215131981E-01  0.4487916189128993E-17  0.1159609189631627E-20  0.2539999961853027E+06  0.2432731820920924E+02  0.2713523449979255E+02  0.3123922087905300E+02
  0.3165935261000000E+01  0.0000000000000000E+00
  0.3166772510509510E+01  0.5403930133702668E-04
  0.3167609760019019E+01  0.5524886119164773E-04
  0.3168447009528529E+01  0.5557977874012903E-04
  0.3169284259038038E+01  0.5681074748656563E-04
  0.3170121508547548E+01  0.5825999840138509E-04
  0.3170958758057057E+01  0.5945824322746680E-04
  0.3171796007566567E+01  0.5973443536951267E-04
  0.3172633257076076E+01  0.5923905727887102E-04
  0.3173470506585585E+01  0.5921771156818939E-04
  0.3174307756095095E+01  0.5937407508864040E-04
  0.3175145005604604E+01  0.5983759062441488E-04
  0.3175982255114114E+01  0.6062557526974610E-04
  0.3176819504623624E+01  0.6167109600306750E-04
  0.3177656754133133E+01  0.6395012107099887E-04
  0.3178494003642643E+01  0.6563006121490511E-04
  0.3179331253152152E+01  0.6664774742666773E-04
  0.3180168502661662E+01  0.6625227950069231E-04
  0.3181005752171171E+01  0.6594598864247906E-04
  0.3181843001680681E+01  0.6660578034009550E-04
  0.3182680251190190E+01  0.6758259650489422E-04
  0.3183517500699700E+01  0.6869799102140137E-04
  0.3184354750209209E+01  0.6753686606222217E-04
  0.3185191999718719E+01  0.6601539292899937E-04
  0.3186029249228228E+01  0.6396560089882221E-04
  0.3186866498737738E+01  0.6440297164266812E-04
  0.3187703748247247E+01  0.6556183930477630E-04
  0.3188540997756757E+01  0.6702941979197611E-04
  0.3189378247266266E+01  0.6766188419522065E-04
  0.3190215496775776E+01  0.6764827164164771E-04
  0.3191052746285285E+01  0.6704984408742161E-04
  0.3191889995794795E+01  0.6623100466991384E-04
  0.3192727245304305E+01  0.6503756371989709E-04
  0.3193564494813814E+01  0.6573359845972420E-04
  0.3194401744323323E+01  0.6709120246105680E-04
  0.3195238993832833E+01  0.6790934418432468E-04
  0.3196076243342342E+01  0.6854637520444341E-04
  0.3196913492851852E+01  0.6899815302524205E-04
  0.3197750742361361E+01  0.6890720436805919E-04
  0.3198587991870871E+01  0.6829867225331611E-04
  0.3199425241380380E+01  0.6646876777104671E-04
  0.3200262490889890E+01  0.6521349524670359E-04
  0.3201099740399399E+01  0.6432241454394856E-04
  0.3201936989908909E+01  0.6487878055888607E-04
  0.3202774239418418E+01  0.6528401001623855E-04
  0.3203611488927928E+01  0.6548465901100550E-04
  0.3204448738437438E+01  0.6505251588425544E-04
  0.3205285987946947E+01  0.6469777467781148E-04
  0.3206123237456457E+01  0.6525916563594414E-04
  0.3206960486965966E+01  0.6659249356721283E-04
  0.3207797736475476E+01  0.6847751016289503E-04
  0.3208634985984985E+01  0.7006096885241243E-04
  0.3209472235494494E+01  0.7133041226017379E-04
  0.3210309485004004E+01  0.7204766478333966E-04
  0.3211146734513513E+01  0.7251724105257173E-04
  0.3211983984023023E+01  0.7273256348350174E-04
  0.3212821233532532E+01  0.7180008968962210E-04
  0.3213658483042042E+01  0.7149364638519967E-04
  0.3214495732551552E+01  0.7177976561609977E-04
  0.3215332982061061E+01  0.7208159700396550E-04
  0.3216170231570571E+01  0.7239843598206468E-04
  0.3217007481080080E+01  0.7274838410582825E-04
  0.3217844730589590E+01  0.7321592918858493E-04
  0.3218681980099099E+01  0.7375724080852462E-04
  0.3219519229608609E+01  0.7456384421526320E-04
  0.3220356479118118E+01  0.7527966295702296E-04
  0.3221193728627628E+01  0.7588191861739157E-04
  0.3222030978137137E+01  0.7636672265011287E-04
  0.3222868227646646E+01  0.7670256802298023E-04
  0.3223705477156156E+01  0.7658611371841401E-04
  0.3224542726665666E+01  0.7641069195820820E-04
  0.3225379976175175E+01  0.7619638009958335E-04
  0.3226217225684685E+01  0.7653794886370403E-04
  0.3227054475194194E+01  0.7751215526807570E-04
  0.3227891724703704E+01  0.7953106260343815E-04
  0.3228728974213213E+01  0.8251252720442362E-04
  0.3229566223722723E+01  0.8542135064098105E-04
  0.3230403473232232E+01  0.8615377875700409E-04
  0.3231240722741742E+01  0.8649679712137374E-04
  0.3232077972251251E+01  0.8649878696945312E-04
  0.3232915221760761E+01  0.8655049962931625E-04
  0.3233752471270270E+01  0.8696739877540497E-04
  0.3234589720779780E+01  0.8820520529190575E-04
  0.3235426970289289E+01  0.8903146296279655E-04
  0.3236264219798799E+01  0.8973311056374355E-04
  0.3237101469308308E+01  0.9113718694767469E-04
  0.3237938718817818E+01  0.9291310299960659E-04
  0.3238775968327327E+01  0.9511916068597454E-04
  0.3239613217836837E+01  0.9699907959256555E-04
  0.3240450467346347E+01  0.9862025301302722E-04
  0.3241287716855856E+01  0.9958997627600368E-04
  0.3242124966365366E+01  0.1003210508979804E-03
  0.3242962215874875E+01  0.1009328489019616E-03
  0.3243799465384384E+01  0.1047094435050619E-03
  0.3244636714893894E+01  0.1081340703288572E-03
  0.3245473964403403E+01  0.1110177641277086E-03
  0.3246311213912913E+01  0.1128206233171906E-03
  0.3247148463422422E+01  0.1142440564549520E-03
  0.3247985712931932E+01  0.1152913048730588E-03
  0.3248822962441441E+01  0.1161891768027974E-03
  0.3249660211950951E+01  0.1169660623405804E-03
  0.3250497461460460E+01  0.1201238299705686E-03
  0.3251334710969970E+01  0.1240015963611715E-03
  0.3252171960479480E+01  0.1290528345189407E-03
  0.3253009209988989E+01  0.1332027648135353E-03
  0.3253846459498499E+01  0.1368028460012168E-03
  0.3254683709008008E+01  0.1386963041079193E-03
  0.3255520958517518E+01  0.1411664263929968E-03
  0.3256358208027027E+01  0.1442537146639035E-03
  0.3257195457536536E+01  0.1478970128025601E-03
  0.3258032707046046E+01  0.1515201370081150E-03
  0.3258869956555555E+01  0.1548401528000902E-03
  0.3259707206065065E+01  0.1591739133128030E-03
  0.3260544455574574E+01  0.1641194404877837E-03
  0.3261381705084084E+01  0.1706545333111708E-03
  0.3262218954593594E+01  0.1773522182611463E-03
  0.3263056204103103E+01  0.1842804536702361E-03
  0.3263893453612613E+01  0.1911372966944048E-03
  0.3264730703122122E+01  0.1979059247906960E-03
  0.3265567952631632E+01  0.2043663202181857E-03
  0.3266405202141141E+01  0.2106327712342200E-03
  0.3267242451650651E+01  0.2167540381559289E-03
  0.3268079701160160E+01  0.2243280628858930E-03
  0.3268916950669670E+01  0.2326299281267015E-03
  0.3269754200179179E+01  0.2421977190597060E-03
  0.3270591449688689E+01  0.2520826823435476E-03
  0.3271428699198198E+01  0.2620074622584606E-03
  0.3272265948707707E+01  0.2713444542030623E-03
  0.3273103198217217E+01  0.2812134427324756E-03
  0.3273940447726727E+01  0.2916092945706942E-03
  0.3274777697236236E+01  0.3041864320813769E-03
  0.3275614946745746E+01  0.3172342040181582E-03
  0.3276452196255255E+01  0.3308022395388731E-03
  0.3277289445764765E+01  0.3456220322721854E-03
  0.3278126695274274E+01  0.3611571215195787E-03
  0.3278963944783784E+01  0.3781689194950119E-03
  0.3279801194293293E+01  0.3956720833873745E-03
  0.3280638443802803E+01  0.4138187906575494E-03
  0.3281475693312312E+01  0.4342410315140648E-03
  0.3282312942821822E+01  0.4557677563864873E-03
  0.3283150192331331E+01  0.4796258811453820E-03
  0.3283987441840841E+01  0.5047800493684749E-03
  0.3284824691350350E+01  0.5308301160955180E-03
  0.3285661940859860E+01  0.5584788992884409E-03
  0.3286499190369369E+01  0.5873248839903574E-03
  0.3287336439878879E+01  0.6182025212568890E-03
  0.3288173689388388E+01  0.6528407543227627E-03
  0.3289010938897898E+01  0.6894580842459338E-03
  0.3289848188407408E+01  0.7306793932248652E-03
  0.3290685437916917E+01  0.7731476117148583E-03
  0.3291522687426427E+01  0.8167585073701286E-03
  0.3292359936935936E+01  0.8639581475741291E-03
  0.3293197186445445E+01  0.9136505973169546E-03
  0.3294034435954955E+01  0.9684545620874635E-03
  0.3294871685464464E+01  0.1027163965236287E-02
  0.3295708934973974E+01  0.1088074080913629E-02
  0.3296546184483483E+01  0.1154115092636769E-02
  0.3297383433992993E+01  0.1223659565797855E-02
  0.3298220683502502E+01  0.1297445720223187E-02
  0.3299057933012012E+01  0.1377619634298654E-02
  0.3299895182521522E+01  0.1460596229687072E-02
  0.3300732432031031E+01  0.1549000949552004E-02
  0.3301569681540541E+01  0.1642024615427487E-02
  0.3302406931050050E+01  0.1737993168120844E-02
  0.3303244180559560E+01  0.1842769141831920E-02
  0.3304081430069069E+01  0.1951448992832533E-02
  0.3304918679578579E+01  0.2066375167867583E-02
  0.3305755929088088E+01  0.2187322869818267E-02
  0.3306593178597597E+01  0.2310916488074401E-02
  0.3307430428107107E+01  0.2439069605417208E-02
  0.3308267677616616E+01  0.2572000164204458E-02
  0.3309104927126126E+01  0.2708980853053180E-02
  0.3309942176635635E+01  0.2853100727701905E-02
  0.3310779426145145E+01  0.2999840396157707E-02
  0.3311616675654655E+01  0.3151093186387309E-02
  0.3312453925164164E+01  0.3304379194142819E-02
  0.3313291174673674E+01  0.3458823770638488E-02
  0.3314128424183183E+01  0.3616313854270593E-02
  0.3314965673692693E+01  0.3773552358979591E-02
  0.3315802923202202E+01  0.3930509129971265E-02
  0.3316640172711712E+01  0.4085888261907309E-02
  0.3317477422221221E+01  0.4240897839895453E-02
  0.3318314671730731E+01  0.4395572383863757E-02
  0.3319151921240240E+01  0.4548773306766033E-02
  0.3319989170749750E+01  0.4701022473445608E-02
  0.3320826420259259E+01  0.4848005078755867E-02
  0.3321663669768769E+01  0.4991220034791268E-02
  0.3322500919278278E+01  0.5128836485499159E-02
  0.3323338168787788E+01  0.5260503719047518E-02
  0.3324175418297297E+01  0.5389283245579520E-02
  0.3325012667806807E+01  0.5511955949673419E-02
  0.3325849917316316E+01  0.5630678668152965E-02
  0.3326687166825826E+01  0.5746305139213459E-02
  0.3327524416335335E+01  0.5855000835447661E-02
  0.3328361665844845E+01  0.5961054443619005E-02
  0.3329198915354354E+01  0.6062593555065167E-02
  0.3330036164863864E+01  0.6157471317856140E-02
  0.3330873414373373E+01  0.6249061007449978E-02
  0.3331710663882883E+01  0.6334825966182143E-02
  0.3332547913392392E+01  0.6418921168436446E-02
  0.3333385162901902E+01  0.6501286194150762E-02
  0.3334222412411411E+01  0.6582963702837199E-02
  0.3335059661920921E+01  0.6662606085052326E-02
  0.3335896911430430E+01  0.6736824296923277E-02
  0.3336734160939940E+01  0.6809478780548868E-02
  0.3337571410449450E+01  0.6881369898871979E-02
  0.3338408659958959E+01  0.6955451930137130E-02
  0.3339245909468469E+01  0.7029537981787126E-02
  0.3340083158977978E+01  0.7103629547986842E-02
  0.3340920408487488E+01  0.7171961309699026E-02
  0.3341757657996997E+01  0.7239694328458912E-02
  0.3342594907506506E+01  0.7310637938152789E-02
  0.3343432157016016E+01  0.7383849943935613E-02
  0.3344269406525525E+01  0.7458704796416814E-02
  0.3345106656035035E+01  0.7537805674341316E-02
  0.3345943905544544E+01  0.7618254603124892E-02
  0.3346781155054054E+01  0.7700908922224517E-02
  0.3347618404563564E+01  0.7789119048600198E-02
  0.3348455654073073E+01  0.7880461098707561E-02
  0.3349292903582583E+01  0.7979985685399680E-02
  0.3350130153092092E+01  0.8074805410845079E-02
  0.3350967402601602E+01  0.8165113841131742E-02
  0.3351804652111111E+01  0.8258503875405436E-02
  0.3352641901620621E+01  0.8355324364736683E-02
  0.3353479151130130E+01  0.8459946799936037E-02
  0.3354316400639640E+01  0.8570243437681466E-02
  0.3355153650149149E+01  0.8683732111089679E-02
  0.3355990899658658E+01  0.8803799302564560E-02
  0.3356828149168168E+01  0.8928460158163095E-02
  0.3357665398677677E+01  0.9058943027916508E-02
  0.3358502648187187E+01  0.9200466706025702E-02
  0.3359339897696697E+01  0.9351618465865325E-02
  0.3360177147206206E+01  0.9529779352987891E-02
  0.3361014396715716E+01  0.9738991038076789E-02
  0.3361851646225225E+01  0.9968959047222002E-02
  0.3362688895734735E+01  0.1021753648234963E-01
  0.3363526145244244E+01  0.1047424712033899E-01
  0.3364363394753754E+01  0.1074424913032930E-01
  0.3365200644263263E+01  0.1103226904535071E-01
  0.3366037893772773E+01  0.1132985327195391E-01
  0.3366875143282282E+01  0.1165007669474019E-01
  0.3367712392791792E+01  0.1198336037033963E-01
  0.3368549642301301E+01  0.1232823102560256E-01
  0.3369386891810811E+01  0.1269907849224790E-01
  0.3370224141320320E+01  0.1310340888217397E-01
  0.3371061390829830E+01  0.1357958650647073E-01
  0.3371898640339339E+01  0.1409020815508733E-01
  0.3372735889848849E+01  0.1462057665679580E-01
  0.3373573139358358E+01  0.1520253982075138E-01
  0.3374410388867868E+01  0.1580140800895964E-01
  0.3375247638377378E+01  0.1642008765911342E-01
  0.3376084887886887E+01  0.1708636076913378E-01
  0.3376922137396396E+01  0.1777572312875911E-01
  0.3377759386905906E+01  0.1851278546475168E-01
  0.3378596636415415E+01  0.1929268720413367E-01
  0.3379433885924925E+01  0.2009912349094872E-01
  0.3380271135434434E+01  0.2093376853148272E-01
  0.3381108384943944E+01  0.2178532935303075E-01
  0.3381945634453453E+01  0.2266324249646562E-01
  0.3382782883962963E+01  0.2360435268789853E-01
  0.3383620133472472E+01  0.2457787224126538E-01
  0.3384457382981982E+01  0.2562461919628152E-01
  0.3385294632491492E+01  0.2672558065641771E-01
  0.3386131882001001E+01  0.2787102991793347E-01
  0.3386969131510511E+01  0.2911744101672779E-01
  0.3387806381020020E+01  0.3041011667155975E-01
  0.3388643630529530E+01  0.3178571539145681E-01
  0.3389480880039039E+01  0.3324620114260275E-01
  0.3390318129548548E+01  0.3474929415262162E-01
  0.3391155379058058E+01  0.3632520548496494E-01
  0.3391992628567567E+01  0.3797258576000870E-01
  0.3392829878077077E+01  0.3969745084009103E-01
  0.3393667127586586E+01  0.4156639302851965E-01
  0.3394504377096096E+01  0.4350219542995991E-01
  0.3395341626605606E+01  0.4557021895365398E-01
  0.3396178876115115E+01  0.4775908969761994E-01
  0.3397016125624625E+01  0.5002155740819380E-01
  0.3397853375134134E+01  0.5248801889622935E-01
  0.3398690624643644E+01  0.5504790640401173E-01
  0.3399527874153153E+01  0.5774204763759888E-01
  0.3400365123662663E+01  0.6063104897784308E-01
  0.3401202373172172E+01  0.6361771420815633E-01
  0.3402039622681682E+01  0.6681869843433773E-01
  0.3402876872191191E+01  0.7018086154352575E-01
  0.3403714121700701E+01  0.7366528272752246E-01
  0.3404551371210210E+01  0.7744401491446587E-01
  0.3405388620719719E+01  0.8134804515525222E-01
  0.3406225870229229E+01  0.8546739520170776E-01
  0.3407063119738739E+01  0.8983775524565424E-01
  0.3407900369248248E+01  0.9434467155469983E-01
  0.3408737618757758E+01  0.9918324535995347E-01
  0.3409574868267267E+01  0.1042419711460993E+00
  0.3410412117776777E+01  0.1095215615853661E+00
  0.3411249367286286E+01  0.1151060107688628E+00
  0.3412086616795796E+01  0.1208358874045275E+00
  0.3412923866305305E+01  0.1268501347008825E+00
  0.3413761115814815E+01  0.1331168992881106E+00
  0.3414598365324324E+01  0.1395359268724905E+00
  0.3415435614833834E+01  0.1464095007185868E+00
  0.3416272864343343E+01  0.1534043304748577E+00
  0.3417110113852853E+01  0.1605600750342809E+00
  0.3417947363362362E+01  0.1679803275420411E+00
  0.3418784612871872E+01  0.1755150366770411E+00
  0.3419621862381381E+01  0.1832661027149980E+00
  0.3420459111890891E+01  0.1911978357294968E+00
  0.3421296361400400E+01  0.1992561347035946E+00
  0.3422133610909910E+01  0.2074889347144228E+00
  0.3422970860419420E+01  0.2157634506232664E+00
  0.3423808109928929E+01  0.2241038225697214E+00
  0.3424645359438439E+01  0.2324582426368056E+00
  0.3425482608947948E+01  0.2408047094975778E+00
  0.3426319858457457E+01  0.2490678291221626E+00
  0.3427157107966967E+01  0.2572165420086724E+00
  0.3427994357476476E+01  0.2652590457766368E+00
  0.3428831606985986E+01  0.2730685268094499E+00
  0.3429668856495495E+01  0.2807451474054526E+00
  0.3430506106005005E+01  0.2881576129906948E+00
  0.3431343355514514E+01  0.2952802372746884E+00
  0.3432180605024024E+01  0.3022362526379456E+00
  0.3433017854533534E+01  0.3087719975386518E+00
  0.3433855104043043E+01  0.3150560813905160E+00
  0.3434692353552553E+01  0.3210314726230912E+00
  0.3435529603062062E+01  0.3265770193665963E+00
  0.3436366852571572E+01  0.3319184249822071E+00
  0.3437204102081081E+01  0.3368399745664643E+00
  0.3438041351590591E+01  0.3414246574617062E+00
  0.3438878601100100E+01  0.3457916312981876E+00
  0.3439715850609609E+01  0.3496060718243030E+00
  0.3440553100119119E+01  0.3531791678866749E+00
  0.3441390349628628E+01  0.3563637683798252E+00
  0.3442227599138138E+01  0.3591788911913470E+00
  0.3443064848647648E+01  0.3618587290920940E+00
  0.3443902098157157E+01  0.3644142463000506E+00
  0.3444739347666667E+01  0.3666272897000724E+00
  0.3445576597176176E+01  0.3685461967010905E+00
  0.3446413846685686E+01  0.3701649591360180E+00
  0.3447251096195195E+01  0.3717004742444551E+00
  0.3448088345704705E+01  0.3731056989313966E+00
  0.3448925595214214E+01  0.3743844537198591E+00
  0.3449762844723724E+01  0.3755873319507812E+00
  0.3450600094233233E+01  0.3765595441621593E+00
  0.3451437343742743E+01  0.3774726095313609E+00
  0.3452274593252252E+01  0.3783185739490383E+00
  0.3453111842761762E+01  0.3790613699437706E+00
  0.3453949092271271E+01  0.3797646661747422E+00
  0.3454786341780781E+01  0.3803987323122993E+00
  0.3455623591290290E+01  0.3809908351318916E+00
  0.3456460840799800E+01  0.3815575026344790E+00
  0.3457298090309309E+01  0.3820896519636058E+00
  0.3458135339818819E+01  0.3826122771555423E+00
  0.3458972589328329E+01  0.3831205582717559E+00
  0.3459809838837838E+01  0.3836863060072506E+00
  0.3460647088347347E+01  0.3842909510912163E+00
  0.3461484337856857E+01  0.3850077341091546E+00
  0.3462321587366366E+01  0.3857343274611852E+00
  0.3463158836875876E+01  0.3864687122135574E+00
  0.3463996086385385E+01  0.3872392719811926E+00
  0.3464833335894895E+01  0.3880245593972472E+00
  0.3465670585404404E+01  0.3888353970965059E+00
  0.3466507834913914E+01  0.3896799389116667E+00
  0.3467345084423423E+01  0.3905427582413468E+00
  0.3468182333932933E+01  0.3914487090920634E+00
  0.3469019583442442E+01  0.3923788900225382E+00
  0.3469856832951952E+01  0.3933345045053055E+00
  0.3470694082461462E+01  0.3941914935333470E+00
  0.3471531331970971E+01  0.3950448383566690E+00
  0.3472368581480481E+01  0.3959282673557935E+00
  0.3473205830989990E+01  0.3968472687581334E+00
  0.3474043080499500E+01  0.3977871410230641E+00
  0.3474880330009009E+01  0.3987687941448853E+00
  0.3475717579518518E+01  0.3998539032497707E+00
  0.3476554829028028E+01  0.4010828119953810E+00
  0.3477392078537537E+01  0.4022427930804355E+00
  0.3478229328047047E+01  0.4033997725391684E+00
  0.3479066577556556E+01  0.4046151137520162E+00
  0.3479903827066066E+01  0.4059388991937440E+00
  0.3480741076575575E+01  0.4073422713237209E+00
  0.3481578326085085E+01  0.4086901209101933E+00
  0.3482415575594595E+01  0.4100435567461465E+00
  0.3483252825104104E+01  0.4114114126670450E+00
  0.3484090074613614E+01  0.4127977102498687E+00
  0.3484927324123123E+01  0.4141926050976239E+00
  0.3485764573632633E+01  0.4156016450235166E+00
  0.3486601823142142E+01  0.4170175026860061E+00
  0.3487439072651652E+01  0.4184399826798768E+00
  0.3488276322161161E+01  0.4198626921725805E+00
  0.3489113571670670E+01  0.4212868517478026E+00
  0.3489950821180180E+01  0.4227146790806189E+00
  0.3490788070689690E+01  0.4241786976362230E+00
  0.3491625320199199E+01  0.4256595565272638E+00
  0.3492462569708709E+01  0.4271157774203902E+00
  0.3493299819218218E+01  0.4285624661805901E+00
  0.3494137068727728E+01  0.4299969144127823E+00
  0.3494974318237237E+01  0.4314069037736853E+00
  0.3495811567746747E+01  0.4328041073141067E+00
  0.3496648817256256E+01  0.4341728797835618E+00
  0.3497486066765766E+01  0.4355182937802943E+00
  0.3498323316275275E+01  0.4368478822740484E+00
  0.3499160565784785E+01  0.4381201168966870E+00
  0.3499997815294294E+01  0.4393627917532489E+00
  0.3500835064803804E+01  0.4405565537576450E+00
  0.3501672314313313E+01  0.4417016737512250E+00
  0.3502509563822823E+01  0.4428229309942756E+00
  0.3503346813332332E+01  0.4438950814761355E+00
  0.3504184062841842E+01  0.4449386587655766E+00
  0.3505021312351351E+01  0.4459565552964292E+00
  0.3505858561860861E+01  0.4469166370801905E+00
  0.3506695811370371E+01  0.4479321841290154E+00
  0.3507533060879880E+01  0.4490908123403028E+00
  0.3508370310389390E+01  0.4500703259201151E+00
  0.3509207559898899E+01  0.4509704127560739E+00
  0.3510044809408408E+01  0.4519090400881612E+00
  0.3510882058917918E+01  0.4528314737502531E+00
  0.3511719308427427E+01  0.4537346809722311E+00
  0.3512556557936937E+01  0.4544413203072192E+00
  0.3513393807446446E+01  0.4550964632785865E+00
  0.3514231056955956E+01  0.4557013215300254E+00
  0.3515068306465465E+01  0.4562671839324159E+00
  0.3515905555974975E+01  0.4568085926013343E+00
  0.3516742805484484E+01  0.4572918544339752E+00
  0.3517580054993994E+01  0.4577570071156932E+00
  0.3518417304503504E+01  0.4581935624052730E+00
  0.3519254554013013E+01  0.4585817174467737E+00
  0.3520091803522523E+01  0.4589407473183827E+00
  0.3520929053032032E+01  0.4592210994845091E+00
  0.3521766302541542E+01  0.4594784148246291E+00
  0.3522603552051051E+01  0.4597165782603899E+00
  0.3523440801560560E+01  0.4599205825266718E+00
  0.3524278051070070E+01  0.4601102148975158E+00
  0.3525115300579579E+01  0.4602743871332083E+00
  0.3525952550089089E+01  0.4604069268466385E+00
  0.3526789799598598E+01  0.4605230213584908E+00
  0.3527627049108108E+01  0.4606072640260058E+00
  0.3528464298617617E+01  0.4606784414322825E+00
  0.3529301548127127E+01  0.4607352692184625E+00
  0.3530138797636637E+01  0.4607448926794833E+00
  0.3530976047146146E+01  0.4607394612269887E+00
  0.3531813296655656E+01  0.4607112596032460E+00
  0.3532650546165165E+01  0.4606747274975849E+00
  0.3533487795674675E+01  0.4606389232256717E+00
  0.3534325045184184E+01  0.4608603600401753E+00
  0.3535162294693694E+01  0.4609928928125717E+00
  0.3535999544203203E+01  0.4609959499463975E+00
  0.3536836793712713E+01  0.4609465704780058E+00
  0.3537674043222222E+01  0.4608841372102063E+00
  0.3538511292731732E+01  0.4608245232501835E+00
  0.3539348542241241E+01  0.4607581050108205E+00
  0.3540185791750751E+01  0.4606864571925347E+00
  0.3541023041260260E+01  0.4605537316635778E+00
  0.3541860290769770E+01  0.4605249040038752E+00
  0.3542697540279279E+01  0.4607059981737215E+00
  0.3543534789788789E+01  0.4607008793799597E+00
  0.3544372039298298E+01  0.4606249769851213E+00
  0.3545209288807808E+01  0.4605514500578539E+00
  0.3546046538317317E+01  0.4604900460232182E+00
  0.3546883787826827E+01  0.4604409623211311E+00
  0.3547721037336336E+01  0.4604112172481677E+00
  0.3548558286845846E+01  0.4603928250070277E+00
  0.3549395536355355E+01  0.4603983578615691E+00
  0.3550232785864865E+01  0.4604153984434168E+00
  0.3551070035374374E+01  0.4604521670652823E+00
  0.3551907284883884E+01  0.4608132007540403E+00
  0.3552744534393393E+01  0.4610514815177455E+00
  0.3553581783902903E+01  0.4611246969656915E+00
  0.3554419033412413E+01  0.4612216281099016E+00
  0.3555256282921922E+01  0.4613328599170344E+00
  0.3556093532431432E+01  0.4614797045884015E+00
  0.3556930781940941E+01  0.4616490761626510E+00
  0.3557768031450451E+01  0.4618344406307319E+00
  0.3558605280959960E+01  0.4620542205792019E+00
  0.3559442530469469E+01  0.4622940709239225E+00
  0.3560279779978979E+01  0.4625682097942506E+00
  0.3561117029488488E+01  0.4628959163469700E+00
  0.3561954278997998E+01  0.4632477044952998E+00
  0.3562791528507507E+01  0.4636369920507085E+00
  0.3563628778017017E+01  0.4640466418128805E+00
  0.3564466027526526E+01  0.4644754410119862E+00
  0.3565303277036036E+01  0.4649323015063275E+00
  0.3566140526545546E+01  0.4654012692453917E+00
  0.3566977776055055E+01  0.4658926329464242E+00
  0.3567815025564565E+01  0.4665353417462658E+00
  0.3568652275074074E+01  0.4672490086364789E+00
  0.3569489524583584E+01  0.4679256260579673E+00
  0.3570326774093093E+01  0.4685389252637424E+00
  0.3571164023602603E+01  0.4690735354906539E+00
  0.3572001273112112E+01  0.4696226077302577E+00
  0.3572838522621621E+01  0.4701791158933005E+00
  0.3573675772131131E+01  0.4707518127981005E+00
  0.3574513021640640E+01  0.4713311865070751E+00
  0.3575350271150150E+01  0.4719149340536283E+00
  0.3576187520659659E+01  0.4725077666544389E+00
  0.3577024770169169E+01  0.4732299089927687E+00
  0.3577862019678679E+01  0.4741661251904312E+00
  0.3578699269188188E+01  0.4748502264128673E+00
  0.3579536518697698E+01  0.4754530323265647E+00
  0.3580373768207207E+01  0.4760399354005800E+00
  0.3581211017716717E+01  0.4766181017022307E+00
  0.3582048267226226E+01  0.4771886662348695E+00
  0.3582885516735736E+01  0.4777481490102623E+00
  0.3583722766245245E+01  0.4783917780225102E+00
  0.3584560015754755E+01  0.4792275510483620E+00
  0.3585397265264264E+01  0.4799026808288014E+00
  0.3586234514773774E+01  0.4805002171071636E+00
  0.3587071764283283E+01  0.4810227691278944E+00
  0.3587909013792793E+01  0.4815371826638309E+00
  0.3588746263302302E+01  0.4820422425757707E+00
  0.3589583512811812E+01  0.4825158810741131E+00
  0.3590420762321321E+01  0.4829693098892959E+00
  0.3591258011830831E+01  0.4833754603456420E+00
  0.3592095261340340E+01  0.4837596993206180E+00
  0.3592932510849850E+01  0.4841303301673216E+00
  0.3593769760359359E+01  0.4844619593857821E+00
  0.3594607009868869E+01  0.4847834158860145E+00
  0.3595444259378378E+01  0.4850893434036725E+00
  0.3596281508887888E+01  0.4853633213619396E+00
  0.3597118758397397E+01  0.4856214720191439E+00
  0.3597956007906907E+01  0.4858453762441639E+00
  0.3598793257416416E+01  0.4860489995372081E+00
  0.3599630506925926E+01  0.4862363034873883E+00
  0.3600467756435435E+01  0.4863946766289861E+00
  0.3601305005944945E+01  0.4865425209720080E+00
  0.3602142255454455E+01  0.4866724270116635E+00
  0.3602979504963964E+01  0.4869523671725505E+00
  0.3603816754473474E+01  0.4872716909827952E+00
  0.3604654003982983E+01  0.4873973193446159E+00
  0.3605491253492493E+01  0.4874598632884791E+00
  0.3606328503002002E+01  0.4874553275596391E+00
  0.3607165752511512E+01  0.4874111072993201E+00
  0.3608003002021021E+01  0.4873496272956314E+00
  0.3608840251530530E+01  0.4872552540598757E+00
  0.3609677501040040E+01  0.4871270889198422E+00
  0.3610514750549549E+01  0.4869781629813139E+00
  0.3611352000059059E+01  0.4867625624401311E+00
  0.3612189249568568E+01  0.4865330821849053E+00
  0.3613026499078078E+01  0.4862840514648530E+00
  0.3613863748587588E+01  0.4860055628595340E+00
  0.3614700998097097E+01  0.4857123436009494E+00
  0.3615538247606607E+01  0.4853869256314391E+00
  0.3616375497116116E+01  0.4850474438120924E+00
  0.3617212746625626E+01  0.4846975032316361E+00
  0.3618049996135135E+01  0.4843190552618707E+00
  0.3618887245644645E+01  0.4840394318250653E+00
  0.3619724495154154E+01  0.4839491071067071E+00
  0.3620561744663664E+01  0.4836202967600426E+00
  0.3621398994173173E+01  0.4831990744883036E+00
  0.3622236243682682E+01  0.4827403059566488E+00
  0.3623073493192192E+01  0.4822759212833650E+00
  0.3623910742701701E+01  0.4818060104701253E+00
  0.3624747992211211E+01  0.4813299371293023E+00
  0.3625585241720721E+01  0.4808494483331215E+00
  0.3626422491230230E+01  0.4803593840650698E+00
  0.3627259740739740E+01  0.4798685768187417E+00
  0.3628096990249249E+01  0.4793770746844322E+00
  0.3628934239758759E+01  0.4788793654112076E+00
  0.3629771489268268E+01  0.4783897445063899E+00
  0.3630608738777778E+01  0.4779106474924750E+00
  0.3631445988287287E+01  0.4774555537399170E+00
  0.3632283237796797E+01  0.4770065289432293E+00
  0.3633120487306306E+01  0.4765606654640905E+00
  0.3633957736815816E+01  0.4761209818197208E+00
  0.3634794986325325E+01  0.4756855415605573E+00
  0.3635632235834835E+01  0.4752654923767228E+00
  0.3636469485344344E+01  0.4748495271791626E+00
  0.3637306734853854E+01  0.4744400896181112E+00
  0.3638143984363363E+01  0.4740464801360488E+00
  0.3638981233872873E+01  0.4736621948461907E+00
  0.3639818483382382E+01  0.4733035553041233E+00
  0.3640655732891892E+01  0.4729816241763102E+00
  0.3641492982401402E+01  0.4726931158860795E+00
  0.3642330231910911E+01  0.4724418558572374E+00
  0.3643167481420420E+01  0.4722003362372629E+00
  0.3644004730929930E+01  0.4719731961649179E+00
  0.3644841980439439E+01  0.4717646172861998E+00
  0.3645679229948949E+01  0.4715671179494488E+00
  0.3646516479458458E+01  0.4714027926087838E+00
  0.3647353728967968E+01  0.4712505697646499E+00
  0.3648190978477477E+01  0.4711129043818313E+00
  0.3649028227986987E+01  0.4711986415278196E+00
  0.3649865477496497E+01  0.4713153179083986E+00
  0.3650702727006006E+01  0.4713923293964345E+00
  0.3651539976515516E+01  0.4714237441622928E+00
  0.3652377226025025E+01  0.4714262850392480E+00
  0.3653214475534535E+01  0.4714709761411390E+00
  0.3654051725044044E+01  0.4715297592245826E+00
  0.3654888974553554E+01  0.4716109920994837E+00
  0.3655726224063063E+01  0.4717170965909607E+00
  0.3656563473572572E+01  0.4718372879676455E+00
  0.3657400723082082E+01  0.4719934421041760E+00
  0.3658237972591591E+01  0.4721673308215862E+00
  0.3659075222101101E+01  0.4723561566749693E+00
  0.3659912471610610E+01  0.4725588700175994E+00
  0.3660749721120120E+01  0.4727649129337910E+00
  0.3661586970629630E+01  0.4729758848432217E+00
  0.3662424220139139E+01  0.4732053865699186E+00
  0.3663261469648649E+01  0.4734458375257160E+00
  0.3664098719158158E+01  0.4737182063200776E+00
  0.3664935968667668E+01  0.4740068770014806E+00
  0.3665773218177177E+01  0.4743136856578049E+00
  0.3666610467686687E+01  0.4746424697836548E+00
  0.3667447717196196E+01  0.4749824148001351E+00
  0.3668284966705706E+01  0.4753456089981706E+00
  0.3669122216215215E+01  0.4759185222208295E+00
  0.3669959465724725E+01  0.4766095393605543E+00
  0.3670796715234234E+01  0.4770691028619991E+00
  0.3671633964743743E+01  0.4775323190944035E+00
  0.3672471214253253E+01  0.4780009267647046E+00
  0.3673308463762763E+01  0.4784829327836879E+00
  0.3674145713272272E+01  0.4789715506566272E+00
  0.3674982962781782E+01  0.4794744388675404E+00
  0.3675820212291291E+01  0.4799887254360446E+00
  0.3676657461800801E+01  0.4805118883095273E+00
  0.3677494711310310E+01  0.4810412594435047E+00
  0.3678331960819820E+01  0.4815744291109555E+00
  0.3679169210329329E+01  0.4821144855286185E+00
  0.3680006459838839E+01  0.4826617540990580E+00
  0.3680843709348348E+01  0.4832116819266231E+00
  0.3681680958857858E+01  0.4837604510278797E+00
  0.3682518208367367E+01  0.4843263223971411E+00
  0.3683355457876877E+01  0.4849098006712442E+00
  0.3684192707386386E+01  0.4854965105598852E+00
  0.3685029956895896E+01  0.4860806012218221E+00
  0.3685867206405405E+01  0.4866561890401389E+00
  0.3686704455914915E+01  0.4872318524846283E+00
  0.3687541705424424E+01  0.4878071611866569E+00
  0.3688378954933934E+01  0.4883722270640641E+00
  0.3689216204443444E+01  0.4889270045812572E+00
  0.3690053453952953E+01  0.4894677631868283E+00
  0.3690890703462463E+01  0.4899529709808023E+00
  0.3691727952971972E+01  0.4904224131759755E+00
  0.3692565202481481E+01  0.4908808180643143E+00
  0.3693402451990991E+01  0.4915352608738305E+00
  0.3694239701500500E+01  0.4923307422544526E+00
  0.3695076951010010E+01  0.4927768525392179E+00
  0.3695914200519519E+01  0.4932032164546288E+00
  0.3696751450029029E+01  0.4936148199664325E+00
  0.3697588699538539E+01  0.4940120234352888E+00
  0.3698425949048048E+01  0.4944021193388749E+00
  0.3699263198557557E+01  0.4947780274867117E+00
  0.3700100448067067E+01  0.4951414587148396E+00
  0.3700937697576577E+01  0.4954930034099253E+00
  0.3701774947086086E+01  0.4958276042262070E+00
  0.3702612196595596E+01  0.4961544667832173E+00
  0.3703449446105105E+01  0.4964666842885637E+00
  0.3704286695614615E+01  0.4967618383694341E+00
  0.3705123945124124E+01  0.4970476795523386E+00
  0.3705961194633633E+01  0.4973180845837386E+00
  0.3706798444143143E+01  0.4975787223384847E+00
  0.3707635693652652E+01  0.4978270618871392E+00
  0.3708472943162162E+01  0.4980545992693406E+00
  0.3709310192671672E+01  0.4982774433066265E+00
  0.3710147442181181E+01  0.4984988438670148E+00
  0.3710984691690691E+01  0.4987225875230406E+00
  0.3711821941200200E+01  0.4989478869485616E+00
  0.3712659190709710E+01  0.4991496125410210E+00
  0.3713496440219219E+01  0.4993447614907661E+00
  0.3714333689728729E+01  0.4995293824215127E+00
  0.3715170939238238E+01  0.4996971319018161E+00
  0.3716008188747748E+01  0.4998571921178105E+00
  0.3716845438257257E+01  0.5000034945569636E+00
  0.3717682687766767E+01  0.5001425455367989E+00
  0.3718519937276276E+01  0.5002752046412576E+00
  0.3719357186785786E+01  0.5003898451097427E+00
  0.3720194436295295E+01  0.5005000931597724E+00
  0.3721031685804805E+01  0.5006039803894051E+00
  0.3721868935314314E+01  0.5007009070281624E+00
  0.3722706184823824E+01  0.5007932273035529E+00
  0.3723543434333333E+01  0.5008675775629403E+00
  0.3724380683842843E+01  0.5009443882476613E+00
  0.3725217933352353E+01  0.5010240636959270E+00
  0.3726055182861862E+01  0.5011021954577870E+00
  0.3726892432371371E+01  0.5011758560067042E+00
  0.3727729681880881E+01  0.5012358038045369E+00
  0.3728566931390390E+01  0.5012919431072536E+00
  0.3729404180899900E+01  0.5013457282282867E+00
  0.3730241430409409E+01  0.5013959055426453E+00
  0.3731078679918919E+01  0.5014430348539765E+00
  0.3731915929428428E+01  0.5014854479137472E+00
  0.3732753178937938E+01  0.5015241240769384E+00
  0.3733590428447447E+01  0.5015601089976793E+00
  0.3734427677956957E+01  0.5015878366523799E+00
  0.3735264927466466E+01  0.5018107646901284E+00
  0.3736102176975976E+01  0.5021928294550332E+00
  0.3736939426485486E+01  0.5022373258302453E+00
  0.3737776675994995E+01  0.5022540860694513E+00
  0.3738613925504505E+01  0.5022602928443759E+00
  0.3739451175014014E+01  0.5023030976869272E+00
  0.3740288424523524E+01  0.5023758965410650E+00
  0.3741125674033033E+01  0.5025909536583040E+00
  0.3741962923542542E+01  0.5026654565641100E+00
  0.3742800173052052E+01  0.5025885567554063E+00
  0.3743637422561561E+01  0.5024991006737943E+00
  0.3744474672071071E+01  0.5024042835759639E+00
  0.3745311921580581E+01  0.5022993328367511E+00
  0.3746149171090090E+01  0.5021794198100327E+00
  0.3746986420599599E+01  0.5020506227636635E+00
  0.3747823670109109E+01  0.5019045545339924E+00
  0.3748660919618619E+01  0.5017496849227201E+00
  0.3749498169128128E+01  0.5015822517516387E+00
  0.3750335418637638E+01  0.5013839737112481E+00
  0.3751172668147147E+01  0.5011715373095296E+00
  0.3752009917656657E+01  0.5009309559516982E+00
  0.3752847167166166E+01  0.5006681496625351E+00
  0.3753684416675676E+01  0.5003885959752190E+00
  0.3754521666185185E+01  0.5000618349696291E+00
  0.3755358915694694E+01  0.4997167822008226E+00
  0.3756196165204204E+01  0.4993407461681036E+00
  0.3757033414713714E+01  0.4989211374389121E+00
  0.3757870664223223E+01  0.4984768041939732E+00
  0.3758707913732733E+01  0.4979669162382555E+00
  0.3759545163242242E+01  0.4974224713772391E+00
  0.3760382412751752E+01  0.4968435811169800E+00
  0.3761219662261261E+01  0.4961948916061119E+00
  0.3762056911770771E+01  0.4955119403748808E+00
  0.3762894161280280E+01  0.4947614573285187E+00
  0.3763731410789790E+01  0.4939499352920372E+00
  0.3764568660299299E+01  0.4931019787760284E+00
  0.3765405909808809E+01  0.4921512796190007E+00
  0.3766243159318318E+01  0.4911479349917411E+00
  0.3767080408827828E+01  0.4900751848923393E+00
  0.3767917658337337E+01  0.4889061185201755E+00
  0.3768754907846847E+01  0.4876881889657019E+00
  0.3769592157356356E+01  0.4863632324994698E+00
  0.3770429406865866E+01  0.4849458634761706E+00
  0.3771266656375375E+01  0.4834641853446565E+00
  0.3772103905884885E+01  0.4818316267225868E+00
  0.3772941155394395E+01  0.4801344509104954E+00
  0.3773778404903904E+01  0.4783299368145509E+00
  0.3774615654413414E+01  0.4763892400079267E+00
  0.3775452903922923E+01  0.4744091937511918E+00
  0.3776290153432432E+01  0.4724713496744604E+00
  0.3777127402941942E+01  0.4703621724593833E+00
  0.3777964652451451E+01  0.4680949642827363E+00
  0.3778801901960961E+01  0.4655465206984559E+00
  0.3779639151470470E+01  0.4629155066842189E+00
  0.3780476400979980E+01  0.4601550426273893E+00
  0.3781313650489489E+01  0.4572592022035480E+00
  0.3782150899998999E+01  0.4542844820711880E+00
  0.3782988149508508E+01  0.4510964399228008E+00
  0.3783825399018018E+01  0.4478053205683002E+00
  0.3784662648527528E+01  0.4443885874602512E+00
  0.3785499898037037E+01  0.4407713848703543E+00
  0.3786337147546547E+01  0.4370619184191325E+00
  0.3787174397056056E+01  0.4331671065162938E+00
  0.3788011646565566E+01  0.4291334236436979E+00
  0.3788848896075075E+01  0.4250105978596324E+00
  0.3789686145584584E+01  0.4206466362029025E+00
  0.3790523395094094E+01  0.4161715995258579E+00
  0.3791360644603603E+01  0.4115182074419213E+00
  0.3792197894113113E+01  0.4066989623326202E+00
  0.3793035143622623E+01  0.4017961472380913E+00
  0.3793872393132132E+01  0.3967097104738544E+00
  0.3794709642641641E+01  0.3915134097797551E+00
  0.3795546892151151E+01  0.3862233627279185E+00
  0.3796384141660661E+01  0.3807615174218656E+00
  0.3797221391170170E+01  0.3752288025777156E+00
  0.3798058640679680E+01  0.3695701023533504E+00
  0.3798895890189189E+01  0.3637952603223728E+00
  0.3799733139698699E+01  0.3579618223010314E+00
  0.3800570389208208E+01  0.3520376457509258E+00
  0.3801407638717718E+01  0.3460523317742640E+00
  0.3802244888227227E+01  0.3399981068069505E+00
  0.3803082137736737E+01  0.3338339379278468E+00
  0.3803919387246246E+01  0.3276284530003563E+00
  0.3804756636755756E+01  0.3213515116747104E+00
  0.3805593886265265E+01  0.3150251454054415E+00
  0.3806431135774775E+01  0.3086687846462839E+00
  0.3807268385284284E+01  0.3022601293637325E+00
  0.3808105634793794E+01  0.2958381610656262E+00
  0.3808942884303304E+01  0.2893962769213861E+00
  0.3809780133812813E+01  0.2829317072091480E+00
  0.3810617383322322E+01  0.2764591402234817E+00
  0.3811454632831832E+01  0.2699777286092009E+00
  0.3812291882341341E+01  0.2635110656869336E+00
  0.3813129131850851E+01  0.2570560397795956E+00
  0.3813966381360360E+01  0.2506416768896950E+00
  0.3814803630869870E+01  0.2442515841958753E+00
  0.3815640880379379E+01  0.2379057326372945E+00
  0.3816478129888889E+01  0.2316463103827613E+00
  0.3817315379398398E+01  0.2254391705111481E+00
  0.3818152628907908E+01  0.2193900035006138E+00
  0.3818989878417417E+01  0.2133356063290582E+00
  0.3819827127926927E+01  0.2072757545860178E+00
  0.3820664377436437E+01  0.2013315426071278E+00
  0.3821501626945946E+01  0.1954403421189772E+00
  0.3822338876455456E+01  0.1896523420908708E+00
  0.3823176125964965E+01  0.1839622609185155E+00
  0.3824013375474475E+01  0.1783309147735724E+00
  0.3824850624983984E+01  0.1728562510978152E+00
  0.3825687874493493E+01  0.1674522282345877E+00
  0.3826525124003003E+01  0.1621457442001677E+00
  0.3827362373512512E+01  0.1569798927466025E+00
  0.3828199623022022E+01  0.1518826857109102E+00
  0.3829036872531531E+01  0.1469318026640214E+00
  0.3829874122041041E+01  0.1420859417977529E+00
  0.3830711371550550E+01  0.1373166473961459E+00
  0.3831548621060060E+01  0.1327236776745763E+00
  0.3832385870569570E+01  0.1282029218593906E+00
  0.3833223120079079E+01  0.1238039073901396E+00
  0.3834060369588589E+01  0.1195436585083180E+00
  0.3834897619098098E+01  0.1153557971512967E+00
  0.3835734868607608E+01  0.1113307269415552E+00
  0.3836572118117117E+01  0.1073974142119022E+00
  0.3837409367626627E+01  0.1035526546692936E+00
  0.3838246617136136E+01  0.9992020605285826E-01
  0.3839083866645645E+01  0.9634894725782461E-01
  0.3839921116155155E+01  0.9287047239171119E-01
  0.3840758365664664E+01  0.8950156864725814E-01
  0.3841595615174174E+01  0.8619628369870289E-01
  0.3842432864683683E+01  0.8305020875260662E-01
  0.3843270114193193E+01  0.7997637100638934E-01
  0.3844107363702703E+01  0.7699468910085333E-01
  0.3844944613212212E+01  0.7414495231080748E-01
  0.3845781862721722E+01  0.7135537467648059E-01
  0.3846619112231231E+01  0.6868601794925902E-01
  0.3847456361740741E+01  0.6610329502068724E-01
  0.3848293611250250E+01  0.6357887439774465E-01
  0.3849130860759760E+01  0.6119195803130764E-01
  0.3849968110269269E+01  0.5885720489980080E-01
  0.3850805359778779E+01  0.5660744367015686E-01
  0.3851642609288288E+01  0.5445602321577681E-01
  0.3852479858797798E+01  0.5235399968407044E-01
  0.3853317108307307E+01  0.5035858290884364E-01
  0.3854154357816816E+01  0.4842555583530500E-01
  0.3854991607326326E+01  0.4654824070891144E-01
  0.3855828856835836E+01  0.4477317512461267E-01
  0.3856666106345345E+01  0.4304574525721179E-01
  0.3857503355854855E+01  0.4140691992147989E-01
  0.3858340605364364E+01  0.3982212494616579E-01
  0.3859177854873874E+01  0.3826839004187528E-01
  0.3860015104383383E+01  0.3679625074265452E-01
  0.3860852353892893E+01  0.3536617901861672E-01
  0.3861689603402402E+01  0.3398572925093483E-01
  0.3862526852911912E+01  0.3267654707387281E-01
  0.3863364102421421E+01  0.3139861254307778E-01
  0.3864201351930931E+01  0.3018114656105198E-01
  0.3865038601440440E+01  0.2901058829197042E-01
  0.3865875850949950E+01  0.2786936391744774E-01
  0.3866713100459459E+01  0.2679952260229125E-01
  0.3867550349968969E+01  0.2575542921990584E-01
  0.3868387599478479E+01  0.2475172051737652E-01
  0.3869224848987988E+01  0.2379653712226608E-01
  0.3870062098497497E+01  0.2286492339006099E-01
  0.3870899348007007E+01  0.2198270549127421E-01
  0.3871736597516517E+01  0.2113050935023106E-01
  0.3872573847026026E+01  0.2030310999706553E-01
  0.3873411096535536E+01  0.1952361298959653E-01
  0.3874248346045045E+01  0.1876332117841316E-01
  0.3875085595554554E+01  0.1803663989890137E-01
  0.3875922845064064E+01  0.1734322544117597E-01
  0.3876760094573573E+01  0.1666762524545982E-01
  0.3877597344083083E+01  0.1603106391928930E-01
  0.3878434593592592E+01  0.1541300208877206E-01
  0.3879271843102102E+01  0.1481512723475263E-01
  0.3880109092611612E+01  0.1424840320292713E-01
  0.3880946342121121E+01  0.1369541849831048E-01
  0.3881783591630631E+01  0.1316892187015130E-01
  0.3882620841140140E+01  0.1266425745357948E-01
  0.3883458090649650E+01  0.1217275525836085E-01
  0.3884295340159159E+01  0.1171127013321883E-01
  0.3885132589668669E+01  0.1126188102671310E-01
  0.3885969839178178E+01  0.1082999051611607E-01
  0.3886807088687688E+01  0.1042164357370786E-01
  0.3887644338197197E+01  0.1002406542557951E-01
  0.3888481587706706E+01  0.9647724557700181E-02
  0.3889318837216216E+01  0.9283562763461395E-02
  0.3890156086725725E+01  0.8928700126058467E-02
  0.3890993336235235E+01  0.8593213322092404E-02
  0.3891830585744745E+01  0.8265856484062894E-02
  0.3892667835254254E+01  0.7952478841513289E-02
  0.3893505084763764E+01  0.7654176832408934E-02
  0.3894342334273273E+01  0.7363680037392063E-02
  0.3895179583782783E+01  0.7089900654282744E-02
  0.3896016833292292E+01  0.6824381918147729E-02
  0.3896854082801802E+01  0.6567204313204142E-02
  0.3897691332311311E+01  0.6327237323063178E-02
  0.3898528581820821E+01  0.6092340287892283E-02
  0.3899365831330330E+01  0.5865034093556308E-02
  0.3900203080839840E+01  0.5647846629219260E-02
  0.3901040330349349E+01  0.5436551638514237E-02
  0.3901877579858859E+01  0.5238573336428859E-02
  0.3902714829368368E+01  0.5045768832942886E-02
  0.3903552078877878E+01  0.4859875756834645E-02
  0.3904389328387387E+01  0.4682372622359141E-02
  0.3905226577896897E+01  0.4508583861501800E-02
  0.3906063827406406E+01  0.4341980622954177E-02
  0.3906901076915916E+01  0.4180805536458335E-02
  0.3907738326425426E+01  0.4023458569797675E-02
  0.3908575575934935E+01  0.3875515372112578E-02
  0.3909412825444444E+01  0.3731313051720706E-02
  0.3910250074953954E+01  0.3593325602597741E-02
  0.3911087324463463E+01  0.3462667165025497E-02
  0.3911924573972973E+01  0.3335778170667374E-02
  0.3912761823482482E+01  0.3217241725595697E-02
  0.3913599072991992E+01  0.3103157122396021E-02
  0.3914436322501501E+01  0.2993232206856369E-02
  0.3915273572011011E+01  0.2887780310762815E-02
  0.3916110821520521E+01  0.2784102167759954E-02
  0.3916948071030030E+01  0.2683603923978559E-02
  0.3917785320539539E+01  0.2587214994492389E-02
  0.3918622570049049E+01  0.2493167868365772E-02
  0.3919459819558559E+01  0.2404713451388474E-02
  0.3920297069068068E+01  0.2318816245749759E-02
  0.3921134318577578E+01  0.2236076329859904E-02
  0.3921971568087087E+01  0.2157004030237796E-02
  0.3922808817596596E+01  0.2079507435957531E-02
  0.3923646067106106E+01  0.2005006865666142E-02
  0.3924483316615615E+01  0.1933095010873086E-02
  0.3925320566125125E+01  0.1862867550271447E-02
  0.3926157815634634E+01  0.1796887614548314E-02
  0.3926995065144144E+01  0.1732331545969835E-02
  0.3927832314653654E+01  0.1670061261979699E-02
  0.3928669564163163E+01  0.1610710493082112E-02
  0.3929506813672673E+01  0.1552894382414939E-02
  0.3930344063182182E+01  0.1498661295809546E-02
  0.3931181312691692E+01  0.1445922057355405E-02
  0.3932018562201201E+01  0.1394474188896965E-02
  0.3932855811710711E+01  0.1345505953606676E-02
  0.3933693061220220E+01  0.1297710725002253E-02
  0.3934530310729730E+01  0.1252076919414043E-02
  0.3935367560239239E+01  0.1207889414807215E-02
  0.3936204809748749E+01  0.1164551249653610E-02
  0.3937042059258258E+01  0.1123644326673789E-02
  0.3937879308767767E+01  0.1084029773164749E-02
  0.3938716558277277E+01  0.1045890935763323E-02
  0.3939553807786787E+01  0.1009660936158553E-02
  0.3940391057296296E+01  0.9743321318449869E-03
  0.3941228306805806E+01  0.9408243430686022E-03
  0.3942065556315315E+01  0.9087436032188467E-03
  0.3942902805824825E+01  0.8775341344240750E-03
  0.3943740055334334E+01  0.8477039893480358E-03
  0.3944577304843844E+01  0.8179965264356365E-03
  0.3945414554353353E+01  0.7884750814387150E-03
  0.3946251803862863E+01  0.7609095679875864E-03
  0.3947089053372372E+01  0.7342619725748507E-03
  0.3947926302881882E+01  0.7094624014895257E-03
  0.3948763552391391E+01  0.6848461641075476E-03
  0.3949600801900901E+01  0.6603764874619694E-03
  0.3950438051410410E+01  0.6369104194129607E-03
  0.3951275300919920E+01  0.6141035323917574E-03
  0.3952112550429429E+01  0.5925204857851442E-03
  0.3952949799938939E+01  0.5719445091698854E-03
  0.3953787049448448E+01  0.5518719040006336E-03
  0.3954624298957958E+01  0.5326984792231782E-03
  0.3955461548467468E+01  0.5141599296823100E-03
  0.3956298797976977E+01  0.4962921131551217E-03
  0.3957136047486487E+01  0.4792282140399408E-03
  0.3957973296995996E+01  0.4624084547651420E-03
  0.3958810546505505E+01  0.4459516789959111E-03
  0.3959647796015015E+01  0.4305788607332459E-03
  0.3960485045524524E+01  0.4158125724106221E-03
  0.3961322295034034E+01  0.4013260516963390E-03
  0.3962159544543543E+01  0.3866192395526897E-03
  0.3962996794053053E+01  0.3716041899733760E-03
  0.3963834043562563E+01  0.3571264680937252E-03
  0.3964671293072072E+01  0.3430334584521156E-03
  0.3965508542581581E+01  0.3300251665454889E-03
  0.3966345792091091E+01  0.3177438334608758E-03
  0.3967183041600601E+01  0.3059995535704464E-03
  0.3968020291110110E+01  0.2953285984211842E-03
  0.3968857540619620E+01  0.2851193955806524E-03
  0.3969694790129129E+01  0.2756965043014063E-03
  0.3970532039638639E+01  0.2658473968624790E-03
  0.3971369289148148E+01  0.2557615318509168E-03
  0.3972206538657657E+01  0.2450728172374685E-03
  0.3973043788167167E+01  0.2346697203567240E-03
  0.3973881037676676E+01  0.2245458544344402E-03
  0.3974718287186186E+01  0.2146560481939788E-03
  0.3975555536695696E+01  0.2050298377509113E-03
  0.3976392786205205E+01  0.1960148409955466E-03
  0.3977230035714715E+01  0.1880087465604150E-03
  0.3978067285224224E+01  0.1805450931059288E-03
  0.3978904534733734E+01  0.1736855997805679E-03
  0.3979741784243243E+01  0.1666667748978730E-03
  0.3980579033752753E+01  0.1594419987816529E-03
  0.3981416283262262E+01  0.1522553271725957E-03
  0.3982253532771772E+01  0.1453749597147824E-03
  0.3983090782281281E+01  0.1396267984455576E-03
  0.3983928031790791E+01  0.1341568816754434E-03
  0.3984765281300300E+01  0.1288767459216209E-03
  0.3985602530809810E+01  0.1233346192506766E-03
  0.3986439780319319E+01  0.1176931248727913E-03
  0.3987277029828829E+01  0.1118889794844351E-03
  0.3988114279338338E+01  0.1066946139100577E-03
  0.3988951528847848E+01  0.1018384846807957E-03
  0.3989788778357357E+01  0.9783781512490427E-04
  0.3990626027866867E+01  0.9419932406291270E-04
  0.3991463277376377E+01  0.9088846514468439E-04
  0.3992300526885886E+01  0.8734530327519945E-04
  0.3993137776395395E+01  0.8381034409058630E-04
  0.3993975025904905E+01  0.8034833374587443E-04
  0.3994812275414414E+01  0.7688620576730721E-04
  0.3995649524923924E+01  0.7338891255985596E-04
  0.3996486774433433E+01  0.6942129733764584E-04
  0.3997324023942943E+01  0.6558027044418075E-04
  0.3998161273452452E+01  0.6189052163976095E-04
  0.3998998522961962E+01  0.5921694480465018E-04
  0.3999835772471471E+01  0.5688269737669945E-04
  0.4000673021980981E+01  0.5505081436359005E-04
  0.4001510271490490E+01  0.5308999163013438E-04
  0.4003184770509510E+01  0.0000000000000000E+00
