  1000 NIRCAM_F410M        
  0.3619949024000000E+01  0.4551879415391391E+01  0.2851109389919631E+02  0.3048656205189729E+01  0.7411093899196313E+01  0.3940600792264230E-11  0.2190471050774231E+03  0.4072294441061345E+01  0.2263675909745788E-16  0.4082233950527137E+01
  0.4088652186160678E+01  0.4080094050357054E+01  0.4084374973017611E+01  0.4079006959982043E+01  0.4079059991315837E+01  0.3096030995455202E+00  0.4374725180710923E+00  0.4378944957156081E+00  0.3864021494521342E+01  0.4301494012592435E+01
  0.2192816886789378E+01  0.4378944957156081E+01  0.5374427304187958E-01  0.3857654546319931E-17  0.8732025012251510E-21  0.2539999961853027E+06  0.2413611867319397E+02  0.2718477640426261E+02  0.3154721257239028E+02
  0.3619949024000000E+01  0.0000000000000000E+00
  0.3620880954391391E+01  0.5106605248133926E-04
  0.3621812884782783E+01  0.5211528455109263E-04
  0.3622744815174174E+01  0.5399808394882043E-04
  0.3623676745565565E+01  0.5735493434703486E-04
  0.3624608675956957E+01  0.5820608765841813E-04
  0.3625540606348348E+01  0.5794271108947521E-04
  0.3626472536739739E+01  0.5861126581936400E-04
  0.3627404467131131E+01  0.6039812626175397E-04
  0.3628336397522522E+01  0.6189900442085857E-04
  0.3629268327913914E+01  0.6186765658284819E-04
  0.3630200258305305E+01  0.6201134550540806E-04
  0.3631132188696697E+01  0.6140459251571764E-04
  0.3632064119088088E+01  0.5962885579867411E-04
  0.3632996049479480E+01  0.5936468071480295E-04
  0.3633927979870871E+01  0.6043405169253247E-04
  0.3634859910262262E+01  0.6260301013053875E-04
  0.3635791840653654E+01  0.6193432319799440E-04
  0.3636723771045045E+01  0.6183822775458840E-04
  0.3637655701436436E+01  0.6241719956710085E-04
  0.3638587631827828E+01  0.6465399306276282E-04
  0.3639519562219219E+01  0.6593853007445932E-04
  0.3640451492610611E+01  0.6676859611418854E-04
  0.3641383423002002E+01  0.6745450130812851E-04
  0.3642315353393393E+01  0.6682254238209211E-04
  0.3643247283784785E+01  0.6604871334406118E-04
  0.3644179214176176E+01  0.6561698510321417E-04
  0.3645111144567567E+01  0.6774336273110403E-04
  0.3646043074958959E+01  0.6926489383257312E-04
  0.3646975005350350E+01  0.6971087084736452E-04
  0.3647906935741742E+01  0.7019915177721484E-04
  0.3648838866133133E+01  0.7106350075415637E-04
  0.3649770796524524E+01  0.7193071255317704E-04
  0.3650702726915916E+01  0.7011906143246706E-04
  0.3651634657307307E+01  0.7040632539118037E-04
  0.3652566587698698E+01  0.7194000476494616E-04
  0.3653498518090090E+01  0.7396631686575605E-04
  0.3654430448481481E+01  0.7358396659396679E-04
  0.3655362378872873E+01  0.7338075643991962E-04
  0.3656294309264264E+01  0.7543057082979317E-04
  0.3657226239655655E+01  0.7718958043906476E-04
  0.3658158170047047E+01  0.7805383952112931E-04
  0.3659090100438438E+01  0.7766243897097715E-04
  0.3660022030829830E+01  0.7890809276907740E-04
  0.3660953961221221E+01  0.8026676049619909E-04
  0.3661885891612612E+01  0.8173671314787114E-04
  0.3662817822004004E+01  0.8467391994398783E-04
  0.3663749752395395E+01  0.8767734929439031E-04
  0.3664681682786787E+01  0.9018837875733851E-04
  0.3665613613178178E+01  0.8971753141458834E-04
  0.3666545543569570E+01  0.9055483039546323E-04
  0.3667477473960961E+01  0.9207706367003671E-04
  0.3668409404352352E+01  0.9398662509085002E-04
  0.3669341334743744E+01  0.9351614484717636E-04
  0.3670273265135135E+01  0.9331689956995970E-04
  0.3671205195526527E+01  0.9468977982124961E-04
  0.3672137125917918E+01  0.9710029933492145E-04
  0.3673069056309309E+01  0.9969147274645048E-04
  0.3674000986700701E+01  0.1023727603976530E-03
  0.3674932917092092E+01  0.1074183771975587E-03
  0.3675864847483483E+01  0.1111007673719877E-03
  0.3676796777874875E+01  0.1136104810135765E-03
  0.3677728708266266E+01  0.1155052767723752E-03
  0.3678660638657658E+01  0.1192271694874114E-03
  0.3679592569049049E+01  0.1236307285321930E-03
  0.3680524499440440E+01  0.1269020643614489E-03
  0.3681456429831832E+01  0.1304909453450721E-03
  0.3682388360223223E+01  0.1340381845838220E-03
  0.3683320290614614E+01  0.1372509059571202E-03
  0.3684252221006006E+01  0.1385256040125906E-03
  0.3685184151397397E+01  0.1411778763261546E-03
  0.3686116081788789E+01  0.1463589323777401E-03
  0.3687048012180180E+01  0.1508718150651549E-03
  0.3687979942571571E+01  0.1544596098377596E-03
  0.3688911872962963E+01  0.1574848054691566E-03
  0.3689843803354354E+01  0.1660976047467205E-03
  0.3690775733745745E+01  0.1743124999728133E-03
  0.3691707664137137E+01  0.1817602062658933E-03
  0.3692639594528528E+01  0.1864245649946459E-03
  0.3693571524919920E+01  0.1920310155301397E-03
  0.3694503455311311E+01  0.1973467825194860E-03
  0.3695435385702702E+01  0.2006448936166565E-03
  0.3696367316094094E+01  0.2048004587302239E-03
  0.3697299246485485E+01  0.2108240353070852E-03
  0.3698231176876877E+01  0.2198733648819767E-03
  0.3699163107268268E+01  0.2275442024148462E-03
  0.3700095037659660E+01  0.2352649251077184E-03
  0.3701026968051051E+01  0.2432295089083647E-03
  0.3701958898442443E+01  0.2531389771487065E-03
  0.3702890828833834E+01  0.2622291762230139E-03
  0.3703822759225225E+01  0.2708732918711331E-03
  0.3704754689616617E+01  0.2813369986843580E-03
  0.3705686620008008E+01  0.2928873716754216E-03
  0.3706618550399399E+01  0.3048057231224706E-03
  0.3707550480790791E+01  0.3159254953316985E-03
  0.3708482411182182E+01  0.3277691584706588E-03
  0.3709414341573574E+01  0.3394150421701820E-03
  0.3710346271964965E+01  0.3500731712056459E-03
  0.3711278202356356E+01  0.3610738575198212E-03
  0.3712210132747748E+01  0.3737743262853838E-03
  0.3713142063139139E+01  0.3888872180401253E-03
  0.3714073993530530E+01  0.4029333748207717E-03
  0.3715005923921922E+01  0.4168518006497748E-03
  0.3715937854313313E+01  0.4308435442562849E-03
  0.3716869784704705E+01  0.4473918994752241E-03
  0.3717801715096096E+01  0.4627453054993216E-03
  0.3718733645487487E+01  0.4775125744353549E-03
  0.3719665575878879E+01  0.4933312712124580E-03
  0.3720597506270270E+01  0.5122737786448994E-03
  0.3721529436661661E+01  0.5326812133180150E-03
  0.3722461367053053E+01  0.5535553671746918E-03
  0.3723393297444444E+01  0.5759263186260264E-03
  0.3724325227835836E+01  0.5989508387458798E-03
  0.3725257158227227E+01  0.6225048575687196E-03
  0.3726189088618618E+01  0.6461792516641162E-03
  0.3727121019010010E+01  0.6724672544516573E-03
  0.3728052949401401E+01  0.7018670503775881E-03
  0.3728984879792792E+01  0.7321941810017045E-03
  0.3729916810184184E+01  0.7607716470076219E-03
  0.3730848740575575E+01  0.7883175097422599E-03
  0.3731780670966967E+01  0.8189543790816901E-03
  0.3732712601358358E+01  0.8507584636488225E-03
  0.3733644531749750E+01  0.8834224848228237E-03
  0.3734576462141141E+01  0.9170415287209042E-03
  0.3735508392532533E+01  0.9557114496930735E-03
  0.3736440322923924E+01  0.9959423402009053E-03
  0.3737372253315315E+01  0.1036019822471941E-02
  0.3738304183706707E+01  0.1076390180234019E-02
  0.3739236114098098E+01  0.1119188286176310E-02
  0.3740168044489489E+01  0.1165460860634350E-02
  0.3741099974880881E+01  0.1213321115897261E-02
  0.3742031905272272E+01  0.1261957457073664E-02
  0.3742963835663664E+01  0.1311571278285670E-02
  0.3743895766055055E+01  0.1366048762305779E-02
  0.3744827696446446E+01  0.1420504010317793E-02
  0.3745759626837838E+01  0.1475360417707820E-02
  0.3746691557229229E+01  0.1532452472146912E-02
  0.3747623487620621E+01  0.1593770163076999E-02
  0.3748555418012012E+01  0.1657669533953602E-02
  0.3749487348403403E+01  0.1723966787066498E-02
  0.3750419278794795E+01  0.1796042039317159E-02
  0.3751351209186186E+01  0.1871531434896510E-02
  0.3752283139577577E+01  0.1950680085010896E-02
  0.3753215069968969E+01  0.2029981066100453E-02
  0.3754147000360360E+01  0.2111987644277180E-02
  0.3755078930751752E+01  0.2197233436911915E-02
  0.3756010861143143E+01  0.2288685553290369E-02
  0.3756942791534534E+01  0.2381633772741985E-02
  0.3757874721925926E+01  0.2476718137088566E-02
  0.3758806652317317E+01  0.2579679763692241E-02
  0.3759738582708708E+01  0.2687842140319212E-02
  0.3760670513100100E+01  0.2799482615896028E-02
  0.3761602443491491E+01  0.2914057980495277E-02
  0.3762534373882883E+01  0.3034942743034605E-02
  0.3763466304274274E+01  0.3160049805111093E-02
  0.3764398234665665E+01  0.3290115376522559E-02
  0.3765330165057057E+01  0.3425644118597373E-02
  0.3766262095448448E+01  0.3567151363160393E-02
  0.3767194025839840E+01  0.3716023821014905E-02
  0.3768125956231231E+01  0.3873296040000891E-02
  0.3769057886622623E+01  0.4034000402862605E-02
  0.3769989817014014E+01  0.4198405584261214E-02
  0.3770921747405405E+01  0.4374720445277843E-02
  0.3771853677796797E+01  0.4557747171844087E-02
  0.3772785608188188E+01  0.4746684049857414E-02
  0.3773717538579580E+01  0.4944055355667795E-02
  0.3774649468970971E+01  0.5153177778956283E-02
  0.3775581399362362E+01  0.5371416345056935E-02
  0.3776513329753754E+01  0.5601930521516159E-02
  0.3777445260145145E+01  0.5839894988430686E-02
  0.3778377190536537E+01  0.6085307058354474E-02
  0.3779309120927928E+01  0.6340886956515018E-02
  0.3780241051319319E+01  0.6611574621770512E-02
  0.3781172981710711E+01  0.6891291692719198E-02
  0.3782104912102102E+01  0.7180072240285572E-02
  0.3783036842493493E+01  0.7491625902046895E-02
  0.3783968772884885E+01  0.7814577160165733E-02
  0.3784900703276276E+01  0.8148686849811576E-02
  0.3785832633667668E+01  0.8500469792610805E-02
  0.3786764564059059E+01  0.8869501635828031E-02
  0.3787696494450450E+01  0.9251886616500770E-02
  0.3788628424841842E+01  0.9651018072504786E-02
  0.3789560355233233E+01  0.1006732715046475E-01
  0.3790492285624624E+01  0.1049915087364107E-01
  0.3791424216016016E+01  0.1095346158841561E-01
  0.3792356146407407E+01  0.1143262228441745E-01
  0.3793288076798799E+01  0.1192833670429180E-01
  0.3794220007190190E+01  0.1244206592994460E-01
  0.3795151937581581E+01  0.1299657516776133E-01
  0.3796083867972973E+01  0.1357012419960321E-01
  0.3797015798364364E+01  0.1416246218739082E-01
  0.3797947728755755E+01  0.1478827248898486E-01
  0.3798879659147147E+01  0.1544469478649229E-01
  0.3799811589538538E+01  0.1612783303327679E-01
  0.3800743519929930E+01  0.1684839427239895E-01
  0.3801675450321321E+01  0.1760326214397531E-01
  0.3802607380712713E+01  0.1838840757302729E-01
  0.3803539311104104E+01  0.1921984100064864E-01
  0.3804471241495496E+01  0.2009318423259818E-01
  0.3805403171886887E+01  0.2099791724971946E-01
  0.3806335102278278E+01  0.2194097230167225E-01
  0.3807267032669670E+01  0.2294963407857720E-01
  0.3808198963061061E+01  0.2399381325133979E-01
  0.3809130893452452E+01  0.2507278621178759E-01
  0.3810062823843844E+01  0.2622260566276168E-01
  0.3810994754235235E+01  0.2741916584109934E-01
  0.3811926684626627E+01  0.2866137693212369E-01
  0.3812858615018018E+01  0.2997586310606139E-01
  0.3813790545409409E+01  0.3135003984626786E-01
  0.3814722475800801E+01  0.3277600156062768E-01
  0.3815654406192192E+01  0.3428107552744037E-01
  0.3816586336583583E+01  0.3586531551070119E-01
  0.3817518266974975E+01  0.3751304902044476E-01
  0.3818450197366366E+01  0.3924638292833187E-01
  0.3819382127757758E+01  0.4106202856120844E-01
  0.3820314058149149E+01  0.4294016498629099E-01
  0.3821245988540540E+01  0.4488883553947862E-01
  0.3822177918931932E+01  0.4696052371309425E-01
  0.3823109849323323E+01  0.4910945878918621E-01
  0.3824041779714715E+01  0.5133610032838785E-01
  0.3824973710106106E+01  0.5369452729376245E-01
  0.3825905640497497E+01  0.5614103644519812E-01
  0.3826837570888889E+01  0.5866919797014793E-01
  0.3827769501280280E+01  0.6133056477801407E-01
  0.3828701431671671E+01  0.6410419184074477E-01
  0.3829633362063063E+01  0.6696557199263685E-01
  0.3830565292454454E+01  0.6994617570912853E-01
  0.3831497222845846E+01  0.7307271137628757E-01
  0.3832429153237237E+01  0.7629625885871617E-01
  0.3833361083628628E+01  0.7963126250834981E-01
  0.3834293014020020E+01  0.8312511081712742E-01
  0.3835224944411411E+01  0.8672365019504337E-01
  0.3836156874802803E+01  0.9042838733455041E-01
  0.3837088805194194E+01  0.9430838871570286E-01
  0.3838020735585586E+01  0.9832717733427396E-01
  0.3838952665976977E+01  0.1024709785596187E+00
  0.3839884596368368E+01  0.1067475770253647E+00
  0.3840816526759760E+01  0.1111347122020950E+00
  0.3841748457151151E+01  0.1156154879587435E+00
  0.3842680387542543E+01  0.1202344686581049E+00
  0.3843612317933934E+01  0.1249955090845692E+00
  0.3844544248325325E+01  0.1298532958257768E+00
  0.3845476178716717E+01  0.1348265389283862E+00
  0.3846408109108108E+01  0.1399359428256345E+00
  0.3847340039499499E+01  0.1451334763064387E+00
  0.3848271969890891E+01  0.1504256331475934E+00
  0.3849203900282282E+01  0.1558562618331827E+00
  0.3850135830673674E+01  0.1613563760214950E+00
  0.3851067761065065E+01  0.1669253647085189E+00
  0.3851999691456456E+01  0.1726130963904636E+00
  0.3852931621847848E+01  0.1783699874325796E+00
  0.3853863552239239E+01  0.1841842228693605E+00
  0.3854795482630631E+01  0.1900684559633256E+00
  0.3855727413022022E+01  0.1960101748940055E+00
  0.3856659343413413E+01  0.2020265013895020E+00
  0.3857591273804805E+01  0.2081871613459368E+00
  0.3858523204196196E+01  0.2143074700961941E+00
  0.3859455134587587E+01  0.2204177716168126E+00
  0.3860387064978979E+01  0.2265268227743376E+00
  0.3861318995370370E+01  0.2326564801989140E+00
  0.3862250925761762E+01  0.2387772227541244E+00
  0.3863182856153153E+01  0.2448853433718266E+00
  0.3864114786544544E+01  0.2509933201772702E+00
  0.3865046716935936E+01  0.2570936002997234E+00
  0.3865978647327327E+01  0.2631825733091566E+00
  0.3866910577718718E+01  0.2692297458638744E+00
  0.3867842508110110E+01  0.2752513766399322E+00
  0.3868774438501501E+01  0.2812504675644978E+00
  0.3869706368892893E+01  0.2872142607154723E+00
  0.3870638299284284E+01  0.2931223797537446E+00
  0.3871570229675676E+01  0.2989929509975311E+00
  0.3872502160067067E+01  0.3048190794522048E+00
  0.3873434090458459E+01  0.3105918665795936E+00
  0.3874366020849850E+01  0.3163212120436796E+00
  0.3875297951241241E+01  0.3220009226066974E+00
  0.3876229881632633E+01  0.3275939654443190E+00
  0.3877161812024024E+01  0.3331450207101287E+00
  0.3878093742415415E+01  0.3386530415872463E+00
  0.3879025672806807E+01  0.3440674161540028E+00
  0.3879957603198198E+01  0.3494146754512193E+00
  0.3880889533589590E+01  0.3547059462327737E+00
  0.3881821463980981E+01  0.3599269566602048E+00
  0.3882753394372372E+01  0.3650466138907804E+00
  0.3883685324763764E+01  0.3700907982560180E+00
  0.3884617255155155E+01  0.3750377876709397E+00
  0.3885549185546546E+01  0.3798927493228923E+00
  0.3886481115937938E+01  0.3846738581853767E+00
  0.3887413046329329E+01  0.3893627331233634E+00
  0.3888344976720721E+01  0.3939120756909767E+00
  0.3889276907112112E+01  0.3983854335586405E+00
  0.3890208837503503E+01  0.4027840388087950E+00
  0.3891140767894895E+01  0.4070332051467688E+00
  0.3892072698286286E+01  0.4111886510106096E+00
  0.3893004628677677E+01  0.4152535346750186E+00
  0.3893936559069069E+01  0.4191772356170039E+00
  0.3894868489460460E+01  0.4229925662082439E+00
  0.3895800419851852E+01  0.4267129320508404E+00
  0.3896732350243243E+01  0.4302859613532760E+00
  0.3897664280634634E+01  0.4339878119620256E+00
  0.3898596211026026E+01  0.4375668816986170E+00
  0.3899528141417417E+01  0.4407927536270027E+00
  0.3900460071808808E+01  0.4438225962629908E+00
  0.3901392002200200E+01  0.4467408146931988E+00
  0.3902323932591591E+01  0.4495448465875772E+00
  0.3903255862982983E+01  0.4521764626046672E+00
  0.3904187793374374E+01  0.4547004126730466E+00
  0.3905119723765766E+01  0.4571173540415013E+00
  0.3906051654157157E+01  0.4593687680248576E+00
  0.3906983584548549E+01  0.4615193546011395E+00
  0.3907915514939940E+01  0.4635786363670411E+00
  0.3908847445331331E+01  0.4654952384431670E+00
  0.3909779375722723E+01  0.4672948066189176E+00
  0.3910711306114114E+01  0.4690093611134758E+00
  0.3911643236505506E+01  0.4706175032473774E+00
  0.3912575166896897E+01  0.4721009945573797E+00
  0.3913507097288288E+01  0.4735679937816406E+00
  0.3914439027679680E+01  0.4750552413623172E+00
  0.3915370958071071E+01  0.4764141680063857E+00
  0.3916302888462462E+01  0.4776152087745026E+00
  0.3917234818853854E+01  0.4786465833882122E+00
  0.3918166749245245E+01  0.4795432743601050E+00
  0.3919098679636637E+01  0.4803824291162984E+00
  0.3920030610028028E+01  0.4811658134885213E+00
  0.3920962540419419E+01  0.4818604411015787E+00
  0.3921894470810811E+01  0.4824906377314587E+00
  0.3922826401202202E+01  0.4830726690907865E+00
  0.3923758331593593E+01  0.4835971504592060E+00
  0.3924690261984985E+01  0.4840727215356692E+00
  0.3925622192376376E+01  0.4845123482069925E+00
  0.3926554122767768E+01  0.4849065375702029E+00
  0.3927486053159159E+01  0.4852518081681008E+00
  0.3928417983550550E+01  0.4855716624140386E+00
  0.3929349913941942E+01  0.4858664753492450E+00
  0.3930281844333333E+01  0.4861048552816396E+00
  0.3931213774724725E+01  0.4863151025113610E+00
  0.3932145705116116E+01  0.4864992156458366E+00
  0.3933077635507507E+01  0.4866603768892512E+00
  0.3934009565898899E+01  0.4867981190676641E+00
  0.3934941496290290E+01  0.4869163481032420E+00
  0.3935873426681681E+01  0.4870097915927901E+00
  0.3936805357073073E+01  0.4872287819555661E+00
  0.3937737287464464E+01  0.4874959581967973E+00
  0.3938669217855856E+01  0.4877593683140421E+00
  0.3939601148247247E+01  0.4878581885425005E+00
  0.3940533078638639E+01  0.4879355628018611E+00
  0.3941465009030030E+01  0.4880394582334476E+00
  0.3942396939421421E+01  0.4881458685779266E+00
  0.3943328869812813E+01  0.4882494838332846E+00
  0.3944260800204204E+01  0.4883497373813144E+00
  0.3945192730595596E+01  0.4884546466012573E+00
  0.3946124660986987E+01  0.4885614520158297E+00
  0.3947056591378378E+01  0.4886684841863304E+00
  0.3947988521769770E+01  0.4887663706327814E+00
  0.3948920452161161E+01  0.4888665493924171E+00
  0.3949852382552553E+01  0.4889596381711699E+00
  0.3950784312943944E+01  0.4890231496500512E+00
  0.3951716243335335E+01  0.4890740363117252E+00
  0.3952648173726727E+01  0.4891218685709597E+00
  0.3953580104118118E+01  0.4891713406420112E+00
  0.3954512034509509E+01  0.4892293299231151E+00
  0.3955443964900901E+01  0.4892913589466789E+00
  0.3956375895292292E+01  0.4893572081078132E+00
  0.3957307825683684E+01  0.4894264573814031E+00
  0.3958239756075075E+01  0.4895061973514904E+00
  0.3959171686466466E+01  0.4895962916208059E+00
  0.3960103616857858E+01  0.4896959820325170E+00
  0.3961035547249249E+01  0.4897968165085773E+00
  0.3961967477640640E+01  0.4898990520083127E+00
  0.3962899408032032E+01  0.4900047191381832E+00
  0.3963831338423423E+01  0.4901088389710989E+00
  0.3964763268814815E+01  0.4902106052487510E+00
  0.3965695199206206E+01  0.4903076117505870E+00
  0.3966627129597597E+01  0.4904024294038128E+00
  0.3967559059988989E+01  0.4904961549749086E+00
  0.3968490990380380E+01  0.4905888410618049E+00
  0.3969422920771772E+01  0.4909892925179835E+00
  0.3970354851163163E+01  0.4912728956065023E+00
  0.3971286781554555E+01  0.4913928948041909E+00
  0.3972218711945946E+01  0.4914948182212844E+00
  0.3973150642337338E+01  0.4915964711079214E+00
  0.3974082572728729E+01  0.4916982063306101E+00
  0.3975014503120120E+01  0.4918020683131984E+00
  0.3975946433511512E+01  0.4919082820906907E+00
  0.3976878363902903E+01  0.4921003748205103E+00
  0.3977810294294294E+01  0.4925943032069967E+00
  0.3978742224685686E+01  0.4927814294610832E+00
  0.3979674155077077E+01  0.4928734141008186E+00
  0.3980606085468469E+01  0.4929587878306708E+00
  0.3981538015859860E+01  0.4930343825543568E+00
  0.3982469946251251E+01  0.4931002692349165E+00
  0.3983401876642643E+01  0.4931547527831902E+00
  0.3984333807034034E+01  0.4932033488493226E+00
  0.3985265737425425E+01  0.4932495557459718E+00
  0.3986197667816817E+01  0.4932931054686153E+00
  0.3987129598208208E+01  0.4933283847302183E+00
  0.3988061528599600E+01  0.4933620197014564E+00
  0.3988993458990991E+01  0.4933946850680667E+00
  0.3989925389382382E+01  0.4934275426065821E+00
  0.3990857319773774E+01  0.4934582839056147E+00
  0.3991789250165165E+01  0.4934874443781226E+00
  0.3992721180556556E+01  0.4935145566866144E+00
  0.3993653110947948E+01  0.4935458613424822E+00
  0.3994585041339339E+01  0.4935755230127471E+00
  0.3995516971730731E+01  0.4936008224161176E+00
  0.3996448902122122E+01  0.4936140923841822E+00
  0.3997380832513513E+01  0.4936237489557619E+00
  0.3998312762904905E+01  0.4936303219274975E+00
  0.3999244693296296E+01  0.4936278032359257E+00
  0.4000176623687688E+01  0.4936165862669639E+00
  0.4001108554079079E+01  0.4935978667264436E+00
  0.4002040484470470E+01  0.4935722022373283E+00
  0.4002972414861862E+01  0.4935461483170723E+00
  0.4003904345253253E+01  0.4935192423093887E+00
  0.4004836275644645E+01  0.4934900019565844E+00
  0.4005768206036036E+01  0.4934642360658247E+00
  0.4006700136427427E+01  0.4934420396246784E+00
  0.4007632066818819E+01  0.4934252127417758E+00
  0.4008563997210210E+01  0.4934068167876347E+00
  0.4009495927601602E+01  0.4933941582883599E+00
  0.4010427857992993E+01  0.4933897139896853E+00
  0.4011359788384384E+01  0.4934161787620884E+00
  0.4012291718775776E+01  0.4934423613550815E+00
  0.4013223649167167E+01  0.4934666853515181E+00
  0.4014155579558558E+01  0.4934812158749771E+00
  0.4015087509949950E+01  0.4934920075234758E+00
  0.4016019440341341E+01  0.4935000365264464E+00
  0.4016951370732732E+01  0.4935057300783074E+00
  0.4017883301124124E+01  0.4936660250710250E+00
  0.4018815231515515E+01  0.4938734922833647E+00
  0.4019747161906907E+01  0.4940472605954607E+00
  0.4020679092298298E+01  0.4943607505693024E+00
  0.4021611022689689E+01  0.4945638602632024E+00
  0.4022542953081081E+01  0.4945289150779489E+00
  0.4023474883472472E+01  0.4944963401540678E+00
  0.4024406813863864E+01  0.4944693464547304E+00
  0.4025338744255255E+01  0.4944485526676960E+00
  0.4026270674646646E+01  0.4944356087972225E+00
  0.4027202605038038E+01  0.4944196533207356E+00
  0.4028134535429429E+01  0.4944013861333986E+00
  0.4029066465820820E+01  0.4943827096500685E+00
  0.4029998396212212E+01  0.4943619807986998E+00
  0.4030930326603603E+01  0.4943391427131902E+00
  0.4031862256994995E+01  0.4943124249876963E+00
  0.4032794187386386E+01  0.4942831147321172E+00
  0.4033726117777777E+01  0.4942530243119165E+00
  0.4034658048169169E+01  0.4942229021811878E+00
  0.4035589978560560E+01  0.4941891656265512E+00
  0.4036521908951952E+01  0.4941555652014032E+00
  0.4037453839343343E+01  0.4941228747945862E+00
  0.4038385769734735E+01  0.4941000860464100E+00
  0.4039317700126126E+01  0.4940839089646166E+00
  0.4040249630517518E+01  0.4940767474833246E+00
  0.4041181560908909E+01  0.4941108644289657E+00
  0.4042113491300301E+01  0.4941478417415160E+00
  0.4043045421691692E+01  0.4941874883297772E+00
  0.4043977352083083E+01  0.4942316169561081E+00
  0.4044909282474475E+01  0.4942747906562486E+00
  0.4045841212865866E+01  0.4943175830380463E+00
  0.4046773143257258E+01  0.4943603352577063E+00
  0.4047705073648649E+01  0.4944016515119719E+00
  0.4048637004040040E+01  0.4944410937027373E+00
  0.4049568934431432E+01  0.4944779050813907E+00
  0.4050500864822823E+01  0.4944831637836294E+00
  0.4051432795214215E+01  0.4944813096440813E+00
  0.4052364725605606E+01  0.4944744477359307E+00
  0.4053296655996997E+01  0.4944669345983945E+00
  0.4054228586388389E+01  0.4944543731717325E+00
  0.4055160516779780E+01  0.4944390939288340E+00
  0.4056092447171171E+01  0.4944312023027401E+00
  0.4057024377562563E+01  0.4944306098039122E+00
  0.4057956307953954E+01  0.4944350527801116E+00
  0.4058888238345345E+01  0.4944446929689439E+00
  0.4059820168736737E+01  0.4945948737299893E+00
  0.4060752099128128E+01  0.4948001426156671E+00
  0.4061684029519520E+01  0.4950345713326036E+00
  0.4062615959910911E+01  0.4950795491459549E+00
  0.4063547890302302E+01  0.4950939615184360E+00
  0.4064479820693694E+01  0.4951040420386499E+00
  0.4065411751085085E+01  0.4951149000570777E+00
  0.4066343681476477E+01  0.4951246171829329E+00
  0.4067275611867868E+01  0.4951330082409517E+00
  0.4068207542259259E+01  0.4951380152157974E+00
  0.4069139472650651E+01  0.4951421247786096E+00
  0.4070071403042042E+01  0.4951537365705135E+00
  0.4071003333433433E+01  0.4952034844823200E+00
  0.4071935263824825E+01  0.4954213884853059E+00
  0.4072867194216216E+01  0.4956804553152449E+00
  0.4073799124607608E+01  0.4958790333360554E+00
  0.4074731054998999E+01  0.4959630399443762E+00
  0.4075662985390390E+01  0.4960239060753395E+00
  0.4076594915781782E+01  0.4960868881052650E+00
  0.4077526846173173E+01  0.4961508805421273E+00
  0.4078458776564564E+01  0.4962155061635546E+00
  0.4079390706955956E+01  0.4962801705333847E+00
  0.4080322637347347E+01  0.4963222676320351E+00
  0.4081254567738739E+01  0.4963454166949375E+00
  0.4082186498130130E+01  0.4963537774506221E+00
  0.4083118428521521E+01  0.4963567487707110E+00
  0.4084050358912913E+01  0.4963574340197724E+00
  0.4084982289304304E+01  0.4963557062185583E+00
  0.4085914219695695E+01  0.4963494590499917E+00
  0.4086846150087087E+01  0.4963386488706682E+00
  0.4087778080478478E+01  0.4963261288922479E+00
  0.4088710010869870E+01  0.4963128090225651E+00
  0.4089641941261261E+01  0.4963013330039757E+00
  0.4090573871652652E+01  0.4962893758441193E+00
  0.4091505802044044E+01  0.4962764129888603E+00
  0.4092437732435435E+01  0.4962681177386596E+00
  0.4093369662826827E+01  0.4962617270376010E+00
  0.4094301593218218E+01  0.4962569396166151E+00
  0.4095233523609609E+01  0.4962520239531373E+00
  0.4096165454001001E+01  0.4962447025589805E+00
  0.4097097384392392E+01  0.4962359955225240E+00
  0.4098029314783783E+01  0.4962275440948666E+00
  0.4098961245175175E+01  0.4962152012398741E+00
  0.4099893175566566E+01  0.4961897649562718E+00
  0.4100825105957957E+01  0.4961338043299846E+00
  0.4101757036349349E+01  0.4960643106854200E+00
  0.4102688966740740E+01  0.4960924799198649E+00
  0.4103620897132132E+01  0.4962875309611112E+00
  0.4104552827523523E+01  0.4963374626272107E+00
  0.4105484757914915E+01  0.4963141941942406E+00
  0.4106416688306306E+01  0.4962232682439625E+00
  0.4107348618697698E+01  0.4961375547813113E+00
  0.4108280549089089E+01  0.4960533799898865E+00
  0.4109212479480481E+01  0.4959723390840297E+00
  0.4110144409871872E+01  0.4959051522760135E+00
  0.4111076340263264E+01  0.4958591561853328E+00
  0.4112008270654655E+01  0.4958246049019859E+00
  0.4112940201046046E+01  0.4957945096152108E+00
  0.4113872131437438E+01  0.4957623860452666E+00
  0.4114804061828829E+01  0.4957281176802981E+00
  0.4115735992220221E+01  0.4956906302749057E+00
  0.4116667922611612E+01  0.4956513321077568E+00
  0.4117599853003003E+01  0.4956995089369509E+00
  0.4118531783394395E+01  0.4958655544266856E+00
  0.4119463713785786E+01  0.4959870973462480E+00
  0.4120395644177178E+01  0.4960185433316068E+00
  0.4121327574568569E+01  0.4959700593154422E+00
  0.4122259504959960E+01  0.4959219785118051E+00
  0.4123191435351352E+01  0.4958747724308264E+00
  0.4124123365742743E+01  0.4958292654415151E+00
  0.4125055296134134E+01  0.4957892365887727E+00
  0.4125987226525526E+01  0.4957553871715414E+00
  0.4126919156916917E+01  0.4957259311469466E+00
  0.4127851087308308E+01  0.4957018842071957E+00
  0.4128783017699700E+01  0.4956816297040969E+00
  0.4129714948091091E+01  0.4956568425266277E+00
  0.4130646878482483E+01  0.4956232700096468E+00
  0.4131578808873874E+01  0.4955770237286772E+00
  0.4132510739265265E+01  0.4955314599198035E+00
  0.4133442669656657E+01  0.4954877720640821E+00
  0.4134374600048048E+01  0.4954456372842682E+00
  0.4135306530439440E+01  0.4954044233224094E+00
  0.4136238460830831E+01  0.4953638758009355E+00
  0.4137170391222222E+01  0.4953232816949563E+00
  0.4138102321613614E+01  0.4952829234420158E+00
  0.4139034252005005E+01  0.4952463594207220E+00
  0.4139966182396396E+01  0.4952222724205684E+00
  0.4140898112787788E+01  0.4952618464388379E+00
  0.4141830043179179E+01  0.4953218738575305E+00
  0.4142761973570570E+01  0.4953865752944523E+00
  0.4143693903961962E+01  0.4954612361659905E+00
  0.4144625834353353E+01  0.4955452517466165E+00
  0.4145557764744745E+01  0.4956399145482743E+00
  0.4146489695136136E+01  0.4957452726032525E+00
  0.4147421625527527E+01  0.4960622970972569E+00
  0.4148353555918919E+01  0.4965379035358101E+00
  0.4149285486310310E+01  0.4966584539197784E+00
  0.4150217416701702E+01  0.4967616477183717E+00
  0.4151149347093093E+01  0.4968528504842491E+00
  0.4152081277484484E+01  0.4969360951821656E+00
  0.4153013207875876E+01  0.4970239070999691E+00
  0.4153945138267267E+01  0.4971144613171781E+00
  0.4154877068658658E+01  0.4972077101051977E+00
  0.4155808999050050E+01  0.4973006765347326E+00
  0.4156740929441441E+01  0.4973929200795147E+00
  0.4157672859832833E+01  0.4974840738908086E+00
  0.4158604790224224E+01  0.4975820350362709E+00
  0.4159536720615615E+01  0.4977654515970601E+00
  0.4160468651007007E+01  0.4980427329572895E+00
  0.4161400581398398E+01  0.4983690738211511E+00
  0.4162332511789790E+01  0.4985750120337662E+00
  0.4163264442181181E+01  0.4986941978683120E+00
  0.4164196372572572E+01  0.4988184966276560E+00
  0.4165128302963964E+01  0.4989465803316162E+00
  0.4166060233355355E+01  0.4990764268461907E+00
  0.4166992163746746E+01  0.4992061909297807E+00
  0.4167924094138138E+01  0.4993341031185851E+00
  0.4168856024529529E+01  0.4994598746150629E+00
  0.4169787954920920E+01  0.4995823561324899E+00
  0.4170719885312312E+01  0.4996982567333996E+00
  0.4171651815703703E+01  0.4998076668309417E+00
  0.4172583746095095E+01  0.4999096561919179E+00
  0.4173515676486486E+01  0.5000039248279633E+00
  0.4174447606877878E+01  0.5000924291050898E+00
  0.4175379537269269E+01  0.5001751765437947E+00
  0.4176311467660661E+01  0.5002489080658518E+00
  0.4177243398052052E+01  0.5003176721415098E+00
  0.4178175328443444E+01  0.5003829728796417E+00
  0.4179107258834835E+01  0.5004457918508596E+00
  0.4180039189226227E+01  0.5005001912857110E+00
  0.4180971119617618E+01  0.5005490723326769E+00
  0.4181903050009009E+01  0.5005917726726539E+00
  0.4182834980400401E+01  0.5006292462157969E+00
  0.4183766910791792E+01  0.5006628129969084E+00
  0.4184698841183183E+01  0.5006917550714138E+00
  0.4185630771574575E+01  0.5007083052344548E+00
  0.4186562701965966E+01  0.5007146283206301E+00
  0.4187494632357358E+01  0.5007103439931538E+00
  0.4188426562748749E+01  0.5006885727971773E+00
  0.4189358493140140E+01  0.5006543358594766E+00
  0.4190290423531532E+01  0.5006079868259923E+00
  0.4191222353922923E+01  0.5005409684344344E+00
  0.4192154284314315E+01  0.5004637409031136E+00
  0.4193086214705706E+01  0.5004687317867066E+00
  0.4194018145097097E+01  0.5007637474880502E+00
  0.4194950075488489E+01  0.5007381081279496E+00
  0.4195882005879880E+01  0.5006189646162565E+00
  0.4196813936271271E+01  0.5004927326824670E+00
  0.4197745866662663E+01  0.5003602613066389E+00
  0.4198677797054054E+01  0.5002230902749875E+00
  0.4199609727445446E+01  0.5000808288325451E+00
  0.4200541657836837E+01  0.4999211206597894E+00
  0.4201473588228228E+01  0.4997572576043446E+00
  0.4202405518619620E+01  0.4996103516038500E+00
  0.4203337449011011E+01  0.4996932215878799E+00
  0.4204269379402403E+01  0.4996819931365231E+00
  0.4205201309793794E+01  0.4995913485606424E+00
  0.4206133240185185E+01  0.4993902900929378E+00
  0.4207065170576577E+01  0.4991845871583486E+00
  0.4207997100967968E+01  0.4989733982694328E+00
  0.4208929031359359E+01  0.4987525616274604E+00
  0.4209860961750751E+01  0.4985229878988710E+00
  0.4210792892142142E+01  0.4982901508093646E+00
  0.4211724822533533E+01  0.4980548928072614E+00
  0.4212656752924925E+01  0.4978192563829686E+00
  0.4213588683316316E+01  0.4975817015014896E+00
  0.4214520613707708E+01  0.4973420549420667E+00
  0.4215452544099099E+01  0.4971006334414020E+00
  0.4216384474490490E+01  0.4968601503618504E+00
  0.4217316404881882E+01  0.4966209813646383E+00
  0.4218248335273273E+01  0.4963860187623699E+00
  0.4219180265664665E+01  0.4961479415337668E+00
  0.4220112196056056E+01  0.4959066764872715E+00
  0.4221044126447447E+01  0.4956596700296142E+00
  0.4221976056838839E+01  0.4954133150693776E+00
  0.4222907987230230E+01  0.4951667815277372E+00
  0.4223839917621621E+01  0.4949195250639672E+00
  0.4224771848013013E+01  0.4946627057561253E+00
  0.4225703778404404E+01  0.4943998161868863E+00
  0.4226635708795795E+01  0.4941306335167052E+00
  0.4227567639187187E+01  0.4938477392675564E+00
  0.4228499569578578E+01  0.4935549738250404E+00
  0.4229431499969970E+01  0.4932523147012260E+00
  0.4230363430361361E+01  0.4929336219105916E+00
  0.4231295360752752E+01  0.4926107070027211E+00
  0.4232227291144144E+01  0.4922830761040922E+00
  0.4233159221535535E+01  0.4919453201005951E+00
  0.4234091151926927E+01  0.4915893313815569E+00
  0.4235023082318318E+01  0.4912197824409709E+00
  0.4235955012709709E+01  0.4908327103454388E+00
  0.4236886943101101E+01  0.4904303509919298E+00
  0.4237818873492492E+01  0.4900136280137743E+00
  0.4238750803883883E+01  0.4895787123329520E+00
  0.4239682734275275E+01  0.4891096938229654E+00
  0.4240614664666666E+01  0.4886187440291994E+00
  0.4241546595058058E+01  0.4881167902152966E+00
  0.4242478525449449E+01  0.4878995950703328E+00
  0.4243410455840841E+01  0.4874809172039068E+00
  0.4244342386232232E+01  0.4868995647230342E+00
  0.4245274316623624E+01  0.4861960211864238E+00
  0.4246206247015015E+01  0.4854405113183620E+00
  0.4247138177406407E+01  0.4847277701385684E+00
  0.4248070107797798E+01  0.4842341696240191E+00
  0.4249002038189190E+01  0.4833802446542731E+00
  0.4249933968580581E+01  0.4823794138131497E+00
  0.4250865898971972E+01  0.4812838232843006E+00
  0.4251797829363364E+01  0.4801001144580856E+00
  0.4252729759754755E+01  0.4788557285259392E+00
  0.4253661690146146E+01  0.4775472967927082E+00
  0.4254593620537538E+01  0.4761170105013476E+00
  0.4255525550928929E+01  0.4746001733994821E+00
  0.4256457481320321E+01  0.4729968489179998E+00
  0.4257389411711712E+01  0.4712551911849439E+00
  0.4258321342103103E+01  0.4694180351577009E+00
  0.4259253272494495E+01  0.4674608594667296E+00
  0.4260185202885886E+01  0.4652162672691233E+00
  0.4261117133277278E+01  0.4625452879359220E+00
  0.4262049063668669E+01  0.4596555430428380E+00
  0.4262980994060060E+01  0.4566034139481809E+00
  0.4263912924451452E+01  0.4533969997909640E+00
  0.4264844854842843E+01  0.4500898371031105E+00
  0.4265776785234234E+01  0.4466704188478925E+00
  0.4266708715625626E+01  0.4430846019561294E+00
  0.4267640646017017E+01  0.4393666734713620E+00
  0.4268572576408408E+01  0.4355133358981704E+00
  0.4269504506799800E+01  0.4314563534950756E+00
  0.4270436437191191E+01  0.4271437472369836E+00
  0.4271368367582583E+01  0.4226243902901624E+00
  0.4272300297973974E+01  0.4179426377935548E+00
  0.4273232228365365E+01  0.4131176737485212E+00
  0.4274164158756757E+01  0.4081744334386319E+00
  0.4275096089148148E+01  0.4030606158060142E+00
  0.4276028019539540E+01  0.3978301315884161E+00
  0.4276959949930931E+01  0.3925205782217398E+00
  0.4277891880322322E+01  0.3871175356004065E+00
  0.4278823810713714E+01  0.3815724273530998E+00
  0.4279755741105105E+01  0.3763522815600495E+00
  0.4280687671496496E+01  0.3715773610160125E+00
  0.4281619601887888E+01  0.3675692625815737E+00
  0.4282551532279279E+01  0.3634766222491767E+00
  0.4283483462670671E+01  0.3592860831644905E+00
  0.4284415393062062E+01  0.3549376261543417E+00
  0.4285347323453453E+01  0.3504073387921517E+00
  0.4286279253844845E+01  0.3457469702550692E+00
  0.4287211184236236E+01  0.3409731683731292E+00
  0.4288143114627628E+01  0.3361062094622973E+00
  0.4289075045019019E+01  0.3311386774290452E+00
  0.4290006975410410E+01  0.3260034856257544E+00
  0.4290938905801802E+01  0.3199995505791772E+00
  0.4291870836193193E+01  0.3138123571959092E+00
  0.4292802766584584E+01  0.3076047659575625E+00
  0.4293734696975976E+01  0.3016522468971360E+00
  0.4294666627367367E+01  0.2956677224723863E+00
  0.4295598557758758E+01  0.2896228832017766E+00
  0.4296530488150150E+01  0.2833627218074036E+00
  0.4297462418541541E+01  0.2771131024567871E+00
  0.4298394348932933E+01  0.2708778915301773E+00
  0.4299326279324324E+01  0.2646868091629895E+00
  0.4300258209715715E+01  0.2585224894955230E+00
  0.4301190140107107E+01  0.2523777426098636E+00
  0.4302122070498498E+01  0.2462567183542412E+00
  0.4303054000889890E+01  0.2401939500606365E+00
  0.4303985931281281E+01  0.2341819676199197E+00
  0.4304917861672672E+01  0.2282389011221031E+00
  0.4305849792064064E+01  0.2223924433105859E+00
  0.4306781722455455E+01  0.2166016239921545E+00
  0.4307713652846846E+01  0.2108666269564191E+00
  0.4308645583238238E+01  0.2052487082627120E+00
  0.4309577513629629E+01  0.1997050265013423E+00
  0.4310509444021021E+01  0.1942359309065328E+00
  0.4311441374412412E+01  0.1888917729281664E+00
  0.4312373304803804E+01  0.1836316059794241E+00
  0.4313305235195195E+01  0.1784454529013048E+00
  0.4314237165586587E+01  0.1733729619617032E+00
  0.4315169095977978E+01  0.1684074511223830E+00
  0.4316101026369370E+01  0.1635216152772854E+00
  0.4317032956760761E+01  0.1587388348219130E+00
  0.4317964887152153E+01  0.1540728938875056E+00
  0.4318896817543544E+01  0.1494851671464651E+00
  0.4319828747934935E+01  0.1449852143847001E+00
  0.4320760678326327E+01  0.1406228563396149E+00
  0.4321692608717718E+01  0.1363396814066293E+00
  0.4322624539109109E+01  0.1321353925771655E+00
  0.4323556469500501E+01  0.1280667310126541E+00
  0.4324488399891892E+01  0.1240817045755679E+00
  0.4325420330283284E+01  0.1201744681832077E+00
  0.4326352260674675E+01  0.1163869201094506E+00
  0.4327284191066066E+01  0.1126941878896437E+00
  0.4328216121457458E+01  0.1090767532623846E+00
  0.4329148051848849E+01  0.1055626869718698E+00
  0.4330079982240241E+01  0.1021529779809651E+00
  0.4331011912631632E+01  0.9881413149130004E-01
  0.4331943843023023E+01  0.9555905434702530E-01
  0.4332875773414415E+01  0.9241604406169972E-01
  0.4333807703805806E+01  0.8934220287326028E-01
  0.4334739634197197E+01  0.8633893064411698E-01
  0.4335671564588589E+01  0.8345496874353305E-01
  0.4336603494979980E+01  0.8063361479991481E-01
  0.4337535425371371E+01  0.7787465971194295E-01
  0.4338467355762763E+01  0.7521799806765281E-01
  0.4339399286154154E+01  0.7263334399258585E-01
  0.4340331216545546E+01  0.7010941483402217E-01
  0.4341263146936937E+01  0.6767137850555177E-01
  0.4342195077328328E+01  0.6530748929998123E-01
  0.4343127007719720E+01  0.6299848926099165E-01
  0.4344058938111111E+01  0.6076007941972758E-01
  0.4344990868502503E+01  0.5862866260974942E-01
  0.4345922798893894E+01  0.5655274684769783E-01
  0.4346854729285285E+01  0.5453174021738668E-01
  0.4347786659676677E+01  0.5257770719558114E-01
  0.4348718590068068E+01  0.5067043990909320E-01
  0.4349650520459459E+01  0.4881103513198837E-01
  0.4350582450850851E+01  0.4703882365784488E-01
  0.4351514381242242E+01  0.4533572471580839E-01
  0.4352446311633633E+01  0.4368666144829948E-01
  0.4353378242025025E+01  0.4207380214180992E-01
  0.4354310172416416E+01  0.4051274777673718E-01
  0.4355242102807808E+01  0.3899417329651853E-01
  0.4356174033199199E+01  0.3753638427341837E-01
  0.4357105963590591E+01  0.3613314348704876E-01
  0.4358037893981982E+01  0.3476696926333595E-01
  0.4358969824373373E+01  0.3344459775972713E-01
  0.4359901754764765E+01  0.3217853292132265E-01
  0.4360833685156156E+01  0.3095105810962196E-01
  0.4361765615547547E+01  0.2976385111675093E-01
  0.4362697545938939E+01  0.2863450815894012E-01
  0.4363629476330330E+01  0.2753594210156763E-01
  0.4364561406721721E+01  0.2646782670268679E-01
  0.4365493337113113E+01  0.2544754803740440E-01
  0.4366425267504504E+01  0.2446670285637331E-01
  0.4367357197895896E+01  0.2351730040049443E-01
  0.4368289128287287E+01  0.2260737117671606E-01
  0.4369221058678678E+01  0.2173150823062471E-01
  0.4370152989070070E+01  0.2088030923054838E-01
  0.4371084919461461E+01  0.2006017979315088E-01
  0.4372016849852853E+01  0.1928274844985656E-01
  0.4372948780244244E+01  0.1852911559388925E-01
  0.4373880710635635E+01  0.1779997487140392E-01
  0.4374812641027027E+01  0.1710569836088148E-01
  0.4375744571418418E+01  0.1643293147755340E-01
  0.4376676501809809E+01  0.1578195001765701E-01
  0.4377608432201201E+01  0.1517202861319712E-01
  0.4378540362592592E+01  0.1458113457299461E-01
  0.4379472292983984E+01  0.1400713997660790E-01
  0.4380404223375375E+01  0.1345582374365357E-01
  0.4381336153766767E+01  0.1292517587959763E-01
  0.4382268084158158E+01  0.1241199987347357E-01
  0.4383200014549550E+01  0.1192473197848417E-01
  0.4384131944940941E+01  0.1145967061107384E-01
  0.4385063875332333E+01  0.1100765878257933E-01
  0.4385995805723724E+01  0.1056952217890227E-01
  0.4386927736115116E+01  0.1015583483369744E-01
  0.4387859666506507E+01  0.9756822494911646E-02
  0.4388791596897898E+01  0.9372613051071361E-02
  0.4389723527289290E+01  0.9011490642152807E-02
  0.4390655457680681E+01  0.8658797814072793E-02
  0.4391587388072072E+01  0.8315261660120553E-02
  0.4392519318463464E+01  0.7993457736289782E-02
  0.4393451248854855E+01  0.7684795483844897E-02
  0.4394383179246246E+01  0.7387013011521048E-02
  0.4395315109637638E+01  0.7104151032933895E-02
  0.4396247040029029E+01  0.6827830856320407E-02
  0.4397178970420421E+01  0.6559666470685134E-02
  0.4398110900811812E+01  0.6305770709265714E-02
  0.4399042831203204E+01  0.6066494150641769E-02
  0.4399974761594595E+01  0.5835885951082128E-02
  0.4400906691985986E+01  0.5614466185439066E-02
  0.4401838622377378E+01  0.5400031214730910E-02
  0.4402770552768769E+01  0.5193494747744770E-02
  0.4403702483160160E+01  0.4995292090037213E-02
  0.4404634413551552E+01  0.4811279162030390E-02
  0.4405566343942943E+01  0.4634841367202830E-02
  0.4406498274334334E+01  0.4463775034700341E-02
  0.4407430204725726E+01  0.4293639035069150E-02
  0.4408362135117117E+01  0.4130828663780135E-02
  0.4409294065508509E+01  0.3974761396906948E-02
  0.4410225995899900E+01  0.3829594435575705E-02
  0.4411157926291291E+01  0.3691600636242590E-02
  0.4412089856682683E+01  0.3557492792666233E-02
  0.4413021787074074E+01  0.3427237876679660E-02
  0.4413953717465466E+01  0.3304789392795379E-02
  0.4414885647856857E+01  0.3187723896402004E-02
  0.4415817578248248E+01  0.3076253059343664E-02
  0.4416749508639640E+01  0.2968029972246824E-02
  0.4417681439031031E+01  0.2861944240981251E-02
  0.4418613369422422E+01  0.2757998907334396E-02
  0.4419545299813814E+01  0.2657571280046653E-02
  0.4420477230205205E+01  0.2565416884496858E-02
  0.4421409160596596E+01  0.2478304985202588E-02
  0.4422341090987988E+01  0.2393067268263545E-02
  0.4423273021379379E+01  0.2309712522580307E-02
  0.4424204951770771E+01  0.2227811762988697E-02
  0.4425136882162162E+01  0.2147847034627818E-02
  0.4426068812553553E+01  0.2075474173288315E-02
  0.4427000742944945E+01  0.2005719589402949E-02
  0.4427932673336336E+01  0.1937826795443681E-02
  0.4428864603727728E+01  0.1870986746499926E-02
  0.4429796534119119E+01  0.1806211091764249E-02
  0.4430728464510510E+01  0.1743762537197331E-02
  0.4431660394901902E+01  0.1687308558806636E-02
  0.4432592325293293E+01  0.1633087096881785E-02
  0.4433524255684684E+01  0.1580228764809054E-02
  0.4434456186076076E+01  0.1526385625246149E-02
  0.4435388116467467E+01  0.1475595375030018E-02
  0.4436320046858859E+01  0.1427183923550732E-02
  0.4437251977250250E+01  0.1381970361424489E-02
  0.4438183907641641E+01  0.1340123407625071E-02
  0.4439115838033033E+01  0.1298033414995980E-02
  0.4440047768424424E+01  0.1253813091674570E-02
  0.4440979698815816E+01  0.1213243484335740E-02
  0.4441911629207207E+01  0.1174653198568390E-02
  0.4442843559598598E+01  0.1137998804689761E-02
  0.4443775489989990E+01  0.1104075768213431E-02
  0.4444707420381381E+01  0.1068382184188667E-02
  0.4445639350772773E+01  0.1031426549415045E-02
  0.4446571281164164E+01  0.9967158514147091E-03
  0.4447503211555556E+01  0.9654248483174888E-03
  0.4448435141946947E+01  0.9369219400915958E-03
  0.4449367072338339E+01  0.9121511846901904E-03
  0.4450299002729730E+01  0.8865192711305146E-03
  0.4451230933121122E+01  0.8604378694461056E-03
  0.4452162863512513E+01  0.8339876800906113E-03
  0.4453094793903904E+01  0.8109611322530666E-03
  0.4454026724295296E+01  0.7885140084058782E-03
  0.4454958654686687E+01  0.7659902171226441E-03
  0.4455890585078079E+01  0.7428417688356012E-03
  0.4456822515469470E+01  0.7187166490637777E-03
  0.4457754445860861E+01  0.6938679354933899E-03
  0.4458686376252253E+01  0.6740268143521117E-03
  0.4459618306643644E+01  0.6545880527024232E-03
  0.4460550237035035E+01  0.6354010363859085E-03
  0.4461482167426427E+01  0.6160841076012192E-03
  0.4462414097817818E+01  0.5965350530370425E-03
  0.4463346028209209E+01  0.5781133137037941E-03
  0.4464277958600601E+01  0.5634733782099784E-03
  0.4465209888991992E+01  0.5508634229229312E-03
  0.4466141819383384E+01  0.5379160286751875E-03
  0.4467073749774775E+01  0.5233394365870369E-03
  0.4468005680166166E+01  0.5069483356416709E-03
  0.4468937610557558E+01  0.4908653689611669E-03
  0.4469869540948949E+01  0.4754292863944668E-03
  0.4470801471340341E+01  0.4629472762127098E-03
  0.4471733401731732E+01  0.4489230752881540E-03
  0.4472665332123123E+01  0.4337512332356812E-03
  0.4473597262514515E+01  0.4199661432919381E-03
  0.4474529192905906E+01  0.4075130857719095E-03
  0.4475461123297297E+01  0.3971325726641945E-03
  0.4476393053688689E+01  0.3922599547277934E-03
  0.4477324984080080E+01  0.3848465557024610E-03
  0.4478256914471472E+01  0.3759519645655261E-03
  0.4479188844862863E+01  0.3655925265478597E-03
  0.4480120775254254E+01  0.3551247468879079E-03
  0.4481052705645646E+01  0.3458373148000116E-03
  0.4481984636037037E+01  0.3383785308728292E-03
  0.4482916566428429E+01  0.3303654599133702E-03
  0.4483848496819820E+01  0.3208829398386082E-03
  0.4484780427211211E+01  0.3100365467251955E-03
  0.4485712357602603E+01  0.3011437234444494E-03
  0.4486644287993994E+01  0.2933641166747095E-03
  0.4487576218385385E+01  0.2866014635130974E-03
  0.4488508148776777E+01  0.2813756227100354E-03
  0.4489440079168168E+01  0.2724485026192232E-03
  0.4490372009559559E+01  0.2623219363122105E-03
  0.4491303939950951E+01  0.2534536565855131E-03
  0.4492235870342342E+01  0.2457598904553248E-03
  0.4493167800733734E+01  0.2391053563300815E-03
  0.4494099731125125E+01  0.2338436056123357E-03
  0.4495031661516516E+01  0.2270963684838189E-03
  0.4495963591907908E+01  0.2204932070078436E-03
  0.4496895522299299E+01  0.2142793818886530E-03
  0.4497827452690691E+01  0.2115361348947901E-03
  0.4498759383082082E+01  0.2085345072284535E-03
  0.4499691313473473E+01  0.2051626140384842E-03
  0.4500623243864865E+01  0.2004160905554655E-03
  0.4501555174256256E+01  0.1942311782643859E-03
  0.4502487104647647E+01  0.1881707837652743E-03
  0.4503419035039039E+01  0.1858033701598370E-03
  0.4504350965430430E+01  0.1830936799578523E-03
  0.4505282895821821E+01  0.1799485104613125E-03
  0.4506214826213213E+01  0.1760482122248896E-03
  0.4507146756604604E+01  0.1687295087474780E-03
  0.4508078686995996E+01  0.1620474887618157E-03
  0.4509010617387387E+01  0.1572606806901899E-03
  0.4509942547778778E+01  0.1542765519523403E-03
  0.4510874478170170E+01  0.1507187359678629E-03
  0.4511806408561561E+01  0.1464428671403014E-03
  0.4512738338952953E+01  0.1413898247832175E-03
  0.4513670269344344E+01  0.1368684474671398E-03
  0.4514602199735736E+01  0.1331558855325998E-03
  0.4515534130127127E+01  0.1320408776835731E-03
  0.4516466060518519E+01  0.1279090685193471E-03
  0.4517397990909910E+01  0.1219331812609969E-03
  0.4518329921301302E+01  0.1143229809779028E-03
  0.4519261851692693E+01  0.1082936065847988E-03
  0.4520193782084085E+01  0.1043791895434891E-03
  0.4521125712475476E+01  0.1036740726127287E-03
  0.4522057642866867E+01  0.1027700791300814E-03
  0.4522989573258259E+01  0.1010512736956498E-03
  0.4523921503649650E+01  0.9835809119156867E-04
  0.4524853434041042E+01  0.9522444051286445E-04
  0.4525785364432433E+01  0.9293512195616423E-04
  0.4526717294823824E+01  0.9151861435706593E-04
  0.4527649225215216E+01  0.9172409911037546E-04
  0.4528581155606607E+01  0.8957303411319312E-04
  0.4529513085997998E+01  0.8626830763713236E-04
  0.4530445016389390E+01  0.8345573429384123E-04
  0.4531376946780781E+01  0.8122431655423400E-04
  0.4532308877172172E+01  0.8016403068201730E-04
  0.4533240807563564E+01  0.8139280632334395E-04
  0.4534172737954955E+01  0.8026782394331648E-04
  0.4535104668346347E+01  0.7808458141073090E-04
  0.4536036598737738E+01  0.7493813012141742E-04
  0.4536968529129129E+01  0.7174780324268161E-04
  0.4537900459520521E+01  0.6967438931927365E-04
  0.4538832389911912E+01  0.6875098631410190E-04
  0.4539764320303304E+01  0.6835726485923186E-04
  0.4540696250694695E+01  0.6672854111567205E-04
  0.4541628181086086E+01  0.6432139831202073E-04
  0.4542560111477478E+01  0.6218114858902468E-04
  0.4543492041868869E+01  0.6033327923673487E-04
  0.4544423972260260E+01  0.5881780557928437E-04
  0.4545355902651652E+01  0.5792402344243443E-04
  0.4546287833043043E+01  0.5613557341271700E-04
  0.4547219763434434E+01  0.5436624845352724E-04
  0.4548151693825826E+01  0.5304901212643080E-04
  0.4549083624217217E+01  0.5314367437980184E-04
  0.4550015554608609E+01  0.5302195877683298E-04
  0.4551879415391391E+01  0.0000000000000000E+00
