  1000 NIRCAM_F470N        
  0.4602294280000000E+01  0.4809239635355356E+01  0.2911269567453567E+02  0.3340663385170551E+01  0.8012695674535664E+01  0.2264236203587299E-11  0.1673919797972442E+03  0.4707802046629956E+01  0.3480415620200656E-16  0.4707787043601764E+01
  0.4707878309994563E+01  0.4707756617768561E+01  0.4707817469631608E+01  0.4707729516284834E+01  0.4705364763624927E+01  0.1298662459270098E+00  0.4946168418343344E-01  0.5102919046979008E-01  0.4683392545384272E+01  0.4732854229567705E+01
  0.1553387508615409E+00  0.5102919046979008E+00  0.3299634273259654E-02  0.5458365358555614E-17  0.1069408224539174E-19  0.2539999961853027E+06  0.2081444552590802E+02  0.2415511043695747E+02  0.2882714120044368E+02
  0.4602294280000000E+01  0.0000000000000000E+00
  0.4602501225355355E+01  0.4048533226842653E-04
  0.4602708170710710E+01  0.4217077952173035E-04
  0.4602915116066066E+01  0.4385622677503415E-04
  0.4603122061421421E+01  0.4554167402833796E-04
  0.4603329006776777E+01  0.4722712128164901E-04
  0.4603535952132132E+01  0.4891256853495282E-04
  0.4603742897487487E+01  0.5077159126661612E-04
  0.4603949842842843E+01  0.5282588854035724E-04
  0.4604156788198198E+01  0.5488018581409836E-04
  0.4604363733553553E+01  0.5693448308783949E-04
  0.4604570678908908E+01  0.5898878036158060E-04
  0.4604777624264264E+01  0.6104307763532173E-04
  0.4604984569619619E+01  0.6309737490906286E-04
  0.4605191514974975E+01  0.6518127710873927E-04
  0.4605398460330330E+01  0.6726702963633251E-04
  0.4605605405685686E+01  0.6935278216392576E-04
  0.4605812351041041E+01  0.7143853469151901E-04
  0.4606019296396396E+01  0.7352428721911225E-04
  0.4606226241751751E+01  0.7561003974670550E-04
  0.4606433187107107E+01  0.7744722647736994E-04
  0.4606640132462462E+01  0.7892932143488666E-04
  0.4606847077817817E+01  0.8041141639240336E-04
  0.4607054023173173E+01  0.8189351134992642E-04
  0.4607260968528529E+01  0.8337560630744314E-04
  0.4607467913883884E+01  0.8485770126495984E-04
  0.4607674859239239E+01  0.8633979622247656E-04
  0.4607881804594594E+01  0.8747358706139253E-04
  0.4608088749949950E+01  0.8856093681423894E-04
  0.4608295695305305E+01  0.8964828656708533E-04
  0.4608502640660660E+01  0.9073563631993174E-04
  0.4608709586016015E+01  0.9182298607277813E-04
  0.4608916531371371E+01  0.9291033582562453E-04
  0.4609123476726727E+01  0.9377904115302733E-04
  0.4609330422082082E+01  0.9424689997472864E-04
  0.4609537367437437E+01  0.9471475879642993E-04
  0.4609744312792793E+01  0.9518261761813124E-04
  0.4609951258148148E+01  0.9565047643983254E-04
  0.4610158203503503E+01  0.9611833526153384E-04
  0.4610365148858858E+01  0.9658619408323513E-04
  0.4610572094214214E+01  0.9676336891048428E-04
  0.4610779039569569E+01  0.9687825353875134E-04
  0.4610985984924925E+01  0.9699313816701892E-04
  0.4611192930280280E+01  0.9710802279528600E-04
  0.4611399875635636E+01  0.9722290742355304E-04
  0.4611606820990991E+01  0.9733779205182012E-04
  0.4611813766346346E+01  0.9743295719294585E-04
  0.4612020711701701E+01  0.9748079563692682E-04
  0.4612227657057057E+01  0.9752863408090777E-04
  0.4612434602412412E+01  0.9757647252488874E-04
  0.4612641547767767E+01  0.9762431096886970E-04
  0.4612848493123123E+01  0.9767214941285088E-04
  0.4613055438478479E+01  0.9771998785683183E-04
  0.4613262383833834E+01  0.9768572235984689E-04
  0.4613469329189189E+01  0.9762619377478530E-04
  0.4613676274544544E+01  0.9756666518972369E-04
  0.4613883219899900E+01  0.9750713660466210E-04
  0.4614090165255255E+01  0.9744760801960051E-04
  0.4614297110610610E+01  0.9738807943453890E-04
  0.4614504055965965E+01  0.9730558325699295E-04
  0.4614711001321322E+01  0.9714844228595000E-04
  0.4614917946676677E+01  0.9699130131490772E-04
  0.4615124892032032E+01  0.9683416034386544E-04
  0.4615331837387387E+01  0.9667701937282317E-04
  0.4615538782742743E+01  0.9651987840178088E-04
  0.4615745728098098E+01  0.9636273743073861E-04
  0.4615952673453453E+01  0.9635014735730175E-04
  0.4616159618808808E+01  0.9639778769496616E-04
  0.4616366564164164E+01  0.9644542803263057E-04
  0.4616573509519520E+01  0.9649306837029517E-04
  0.4616780454874875E+01  0.9654070870795957E-04
  0.4616987400230230E+01  0.9658834904562399E-04
  0.4617194345585586E+01  0.9670717184100487E-04
  0.4617401290940941E+01  0.9715818146040938E-04
  0.4617608236296296E+01  0.9760919107981388E-04
  0.4617815181651651E+01  0.9806020069921839E-04
  0.4618022127007007E+01  0.9851121031862292E-04
  0.4618229072362362E+01  0.9896221993802743E-04
  0.4618436017717718E+01  0.9941322955743389E-04
  0.4618642963073073E+01  0.1001184044021557E-03
  0.4618849908428428E+01  0.1009622140765914E-03
  0.4619056853783784E+01  0.1018060237510270E-03
  0.4619263799139139E+01  0.1026498334254627E-03
  0.4619470744494494E+01  0.1034936430998984E-03
  0.4619677689849850E+01  0.1043374527743341E-03
  0.4619884635205205E+01  0.1052024578183517E-03
  0.4620091580560560E+01  0.1062264304074240E-03
  0.4620298525915915E+01  0.1072504029964962E-03
  0.4620505471271271E+01  0.1082743755855728E-03
  0.4620712416626627E+01  0.1092983481746451E-03
  0.4620919361981982E+01  0.1103223207637173E-03
  0.4621126307337337E+01  0.1113462933527896E-03
  0.4621333252692692E+01  0.1124463457541557E-03
  0.4621540198048048E+01  0.1135996538852447E-03
  0.4621747143403403E+01  0.1147529620163337E-03
  0.4621954088758758E+01  0.1159062701474227E-03
  0.4622161034114113E+01  0.1170595782785117E-03
  0.4622367979469470E+01  0.1182128864096057E-03
  0.4622574924824825E+01  0.1193847712085068E-03
  0.4622781870180180E+01  0.1208538938836165E-03
  0.4622988815535535E+01  0.1223230165587262E-03
  0.4623195760890891E+01  0.1237921392338359E-03
  0.4623402706246246E+01  0.1252612619089456E-03
  0.4623609651601601E+01  0.1267303845840554E-03
  0.4623816596956956E+01  0.1281995072591650E-03
  0.4624023542312312E+01  0.1297811100104804E-03
  0.4624230487667668E+01  0.1314626950390906E-03
  0.4624437433023023E+01  0.1331442800676936E-03
  0.4624644378378378E+01  0.1348258650962966E-03
  0.4624851323733734E+01  0.1365074501248996E-03
  0.4625058269089089E+01  0.1381890351535026E-03
  0.4625265214444444E+01  0.1398706201821056E-03
  0.4625472159799799E+01  0.1417644383514646E-03
  0.4625679105155155E+01  0.1436582570905770E-03
  0.4625886050510510E+01  0.1455520758296894E-03
  0.4626092995865866E+01  0.1474458945688099E-03
  0.4626299941221221E+01  0.1493397133079223E-03
  0.4626506886576577E+01  0.1512335320470348E-03
  0.4626713831931932E+01  0.1532529748869305E-03
  0.4626920777287287E+01  0.1554137451626977E-03
  0.4627127722642642E+01  0.1575745154384648E-03
  0.4627334667997998E+01  0.1597352857142320E-03
  0.4627541613353353E+01  0.1618960559899991E-03
  0.4627748558708708E+01  0.1640568262657663E-03
  0.4627955504064064E+01  0.1662175965415427E-03
  0.4628162449419420E+01  0.1686708879935508E-03
  0.4628369394774775E+01  0.1711424615080234E-03
  0.4628576340130130E+01  0.1736140350224961E-03
  0.4628783285485485E+01  0.1760856085369688E-03
  0.4628990230840841E+01  0.1785571820514414E-03
  0.4629197176196196E+01  0.1810287555659141E-03
  0.4629404121551551E+01  0.1837182860750500E-03
  0.4629611066906906E+01  0.1867191852216195E-03
  0.4629818012262263E+01  0.1897200843682020E-03
  0.4630024957617618E+01  0.1927209835147715E-03
  0.4630231902972973E+01  0.1957218826613411E-03
  0.4630438848328328E+01  0.1987227818079106E-03
  0.4630645793683684E+01  0.2017236809544802E-03
  0.4630852739039039E+01  0.2049826407283795E-03
  0.4631059684394394E+01  0.2082760082718649E-03
  0.4631266629749749E+01  0.2115693758153502E-03
  0.4631473575105105E+01  0.2148627433588356E-03
  0.4631680520460460E+01  0.2181561109023209E-03
  0.4631887465815816E+01  0.2214494784458204E-03
  0.4632094411171171E+01  0.2248704042759165E-03
  0.4632301356526527E+01  0.2285251887759201E-03
  0.4632508301881882E+01  0.2321799732759237E-03
  0.4632715247237237E+01  0.2358347577759274E-03
  0.4632922192592592E+01  0.2394895422759310E-03
  0.4633129137947948E+01  0.2431443267759347E-03
  0.4633336083303303E+01  0.2467991112759384E-03
  0.4633543028658658E+01  0.2508727513157242E-03
  0.4633749974014014E+01  0.2550361458994922E-03
  0.4633956919369369E+01  0.2591995404832423E-03
  0.4634163864724725E+01  0.2633629350669924E-03
  0.4634370810080080E+01  0.2675263296507424E-03
  0.4634577755435435E+01  0.2716897242344925E-03
  0.4634784700790791E+01  0.2760824560777796E-03
  0.4634991646146146E+01  0.2810256036238198E-03
  0.4635198591501501E+01  0.2859687511698602E-03
  0.4635405536856856E+01  0.2909118987159005E-03
  0.4635612482212212E+01  0.2958550462619620E-03
  0.4635819427567568E+01  0.3007981938080022E-03
  0.4636026372922923E+01  0.3057413413540425E-03
  0.4636233318278278E+01  0.3113468621431572E-03
  0.4636440263633633E+01  0.3171561903701790E-03
  0.4636647208988989E+01  0.3229655185972008E-03
  0.4636854154344344E+01  0.3287748468242226E-03
  0.4637061099699699E+01  0.3345841750512444E-03
  0.4637268045055055E+01  0.3403935032782662E-03
  0.4637474990410411E+01  0.3465397787510937E-03
  0.4637681935765766E+01  0.3537811508413457E-03
  0.4637888881121121E+01  0.3610225229315977E-03
  0.4638095826476476E+01  0.3682638950218496E-03
  0.4638302771831832E+01  0.3755052671121016E-03
  0.4638509717187187E+01  0.3827466392023536E-03
  0.4638716662542542E+01  0.3899880112926056E-03
  0.4638923607897897E+01  0.3984699619675635E-03
  0.4639130553253253E+01  0.4074688225092890E-03
  0.4639337498608609E+01  0.4164676830510532E-03
  0.4639544443963964E+01  0.4254665435927786E-03
  0.4639751389319319E+01  0.4344654041345041E-03
  0.4639958334674675E+01  0.4434642646762296E-03
  0.4640165280030030E+01  0.4528379011780790E-03
  0.4640372225385385E+01  0.4639604769572265E-03
  0.4640579170740740E+01  0.4750830527363738E-03
  0.4640786116096096E+01  0.4862056285155213E-03
  0.4640993061451451E+01  0.4973282042946686E-03
  0.4641200006806807E+01  0.5084507800738639E-03
  0.4641406952162162E+01  0.5195733558530113E-03
  0.4641613897517518E+01  0.5326665560394630E-03
  0.4641820842872873E+01  0.5468346491042376E-03
  0.4642027788228228E+01  0.5610027421690123E-03
  0.4642234733583583E+01  0.5751708352337871E-03
  0.4642441678938939E+01  0.5893389282985619E-03
  0.4642648624294294E+01  0.6035070213633366E-03
  0.4642855569649649E+01  0.6179982472914412E-03
  0.4643062515005004E+01  0.6349129542103671E-03
  0.4643269460360361E+01  0.6518276611293658E-03
  0.4643476405715716E+01  0.6687423680482917E-03
  0.4643683351071071E+01  0.6856570749672178E-03
  0.4643890296426426E+01  0.7025717818861436E-03
  0.4644097241781782E+01  0.7194864888050697E-03
  0.4644304187137137E+01  0.7383818009579302E-03
  0.4644511132492492E+01  0.7586635485252485E-03
  0.4644718077847847E+01  0.7789452960925668E-03
  0.4644925023203203E+01  0.7992270436598851E-03
  0.4645131968558559E+01  0.8195087912272903E-03
  0.4645338913913914E+01  0.8397905387946087E-03
  0.4645545859269269E+01  0.8603514538081239E-03
  0.4645752804624625E+01  0.8853790428643414E-03
  0.4645959749979980E+01  0.9104066319205586E-03
  0.4646166695335335E+01  0.9354342209767759E-03
  0.4646373640690690E+01  0.9604618100329935E-03
  0.4646580586046046E+01  0.9854893990892107E-03
  0.4646787531401401E+01  0.1010516988145428E-02
  0.4646994476756757E+01  0.1038222988972405E-02
  0.4647201422112112E+01  0.1068309825614758E-02
  0.4647408367467468E+01  0.1098396662257111E-02
  0.4647615312822823E+01  0.1128483498899465E-02
  0.4647822258178178E+01  0.1158570335541818E-02
  0.4648029203533533E+01  0.1188657172184172E-02
  0.4648236148888889E+01  0.1218744008826525E-02
  0.4648443094244244E+01  0.1254981554733577E-02
  0.4648650039599599E+01  0.1291219103943038E-02
  0.4648856984954955E+01  0.1327456653152654E-02
  0.4649063930310311E+01  0.1363694202362114E-02
  0.4649270875665666E+01  0.1399931751571575E-02
  0.4649477821021021E+01  0.1436169300781035E-02
  0.4649684766376376E+01  0.1475439197790323E-02
  0.4649891711731732E+01  0.1518120464451292E-02
  0.4650098657087087E+01  0.1560801731112260E-02
  0.4650305602442442E+01  0.1603482997773228E-02
  0.4650512547797797E+01  0.1646164264434196E-02
  0.4650719493153153E+01  0.1688845531095348E-02
  0.4650926438508509E+01  0.1731526797756316E-02
  0.4651133383863864E+01  0.1781968073240494E-02
  0.4651340329219219E+01  0.1832894359236495E-02
  0.4651547274574575E+01  0.1883820645232498E-02
  0.4651754219929930E+01  0.1934746931228500E-02
  0.4651961165285285E+01  0.1985673217224502E-02
  0.4652168110640640E+01  0.2036599503220504E-02
  0.4652375055995996E+01  0.2091194155672298E-02
  0.4652582001351352E+01  0.2151029310449561E-02
  0.4652788946706707E+01  0.2210864465226567E-02
  0.4652995892062062E+01  0.2270699620003574E-02
  0.4653202837417417E+01  0.2330534774780580E-02
  0.4653409782772773E+01  0.2390369929557587E-02
  0.4653616728128128E+01  0.2450205084334593E-02
  0.4653823673483483E+01  0.2519122846885020E-02
  0.4654030618838839E+01  0.2589251644070012E-02
  0.4654237564194194E+01  0.2659380441255005E-02
  0.4654444509549549E+01  0.2729509238439998E-02
  0.4654651454904905E+01  0.2799638035625293E-02
  0.4654858400260260E+01  0.2869766832810286E-02
  0.4655065345615616E+01  0.2944237672089412E-02
  0.4655272290970971E+01  0.3026668908663894E-02
  0.4655479236326326E+01  0.3109100145238376E-02
  0.4655686181681681E+01  0.3191531381812858E-02
  0.4655893127037037E+01  0.3273962618387341E-02
  0.4656100072392392E+01  0.3356393854961823E-02
  0.4656307017747747E+01  0.3438825091536305E-02
  0.4656513963103103E+01  0.3532437620522564E-02
  0.4656720908458459E+01  0.3628446179271269E-02
  0.4656927853813814E+01  0.3724454738019975E-02
  0.4657134799169169E+01  0.3820463296768681E-02
  0.4657341744524524E+01  0.3916471855517386E-02
  0.4657548689879880E+01  0.4012480414266092E-02
  0.4657755635235235E+01  0.4113481620251602E-02
  0.4657962580590590E+01  0.4226465192365176E-02
  0.4658169525945945E+01  0.4339448764478750E-02
  0.4658376471301302E+01  0.4452432336592809E-02
  0.4658583416656657E+01  0.4565415908706384E-02
  0.4658790362012012E+01  0.4678399480819958E-02
  0.4658997307367367E+01  0.4791383052933532E-02
  0.4659204252722723E+01  0.4919678902653636E-02
  0.4659411198078078E+01  0.5052686299317525E-02
  0.4659618143433433E+01  0.5185693695981416E-02
  0.4659825088788788E+01  0.5318701092645307E-02
  0.4660032034144144E+01  0.5451708489309197E-02
  0.4660238979499500E+01  0.5584715885973658E-02
  0.4660445924854855E+01  0.5723132652171778E-02
  0.4660652870210210E+01  0.5879129949588990E-02
  0.4660859815565566E+01  0.6035127247006201E-02
  0.4661066760920921E+01  0.6191124544423413E-02
  0.4661273706276276E+01  0.6347121841840625E-02
  0.4661480651631631E+01  0.6503119139257836E-02
  0.4661687596986987E+01  0.6659116436675048E-02
  0.4661894542342342E+01  0.6834619016882587E-02
  0.4662101487697698E+01  0.7018248747563537E-02
  0.4662308433053053E+01  0.7201878478243700E-02
  0.4662515378408409E+01  0.7385508208923863E-02
  0.4662722323763764E+01  0.7569137939604027E-02
  0.4662929269119119E+01  0.7752767670284190E-02
  0.4663136214474474E+01  0.7942170138330092E-02
  0.4663343159829830E+01  0.8158512310870645E-02
  0.4663550105185185E+01  0.8374854483411199E-02
  0.4663757050540540E+01  0.8591196655951752E-02
  0.4663963995895896E+01  0.8807538828493234E-02
  0.4664170941251252E+01  0.9023881001033787E-02
  0.4664377886606607E+01  0.9240223173574339E-02
  0.4664584831961962E+01  0.9484315158757847E-02
  0.4664791777317317E+01  0.9743543359331220E-02
  0.4664998722672673E+01  0.1000277155990459E-01
  0.4665205668028028E+01  0.1026199976047797E-01
  0.4665412613383383E+01  0.1052122796105134E-01
  0.4665619558738738E+01  0.1078045616162471E-01
  0.4665826504094094E+01  0.1104577363163334E-01
  0.4666033449449450E+01  0.1135676151169859E-01
  0.4666240394804805E+01  0.1166774939176251E-01
  0.4666447340160160E+01  0.1197873727182643E-01
  0.4666654285515516E+01  0.1228972515189035E-01
  0.4666861230870871E+01  0.1260071303195427E-01
  0.4667068176226226E+01  0.1291170091201819E-01
  0.4667275121581581E+01  0.1326058406524585E-01
  0.4667482066936937E+01  0.1363599389931165E-01
  0.4667689012292292E+01  0.1401140373337745E-01
  0.4667895957647648E+01  0.1438681356744487E-01
  0.4668102903003003E+01  0.1476222340151067E-01
  0.4668309848358358E+01  0.1513763323557647E-01
  0.4668516793713714E+01  0.1551835396828320E-01
  0.4668723739069069E+01  0.1598405310285939E-01
  0.4668930684424424E+01  0.1644975223743558E-01
  0.4669137629779780E+01  0.1691545137201177E-01
  0.4669344575135135E+01  0.1738115050658797E-01
  0.4669551520490490E+01  0.1784684964116416E-01
  0.4669758465845846E+01  0.1831254877574235E-01
  0.4669965411201201E+01  0.1883584179547242E-01
  0.4670172356556557E+01  0.1941032948362241E-01
  0.4670379301911912E+01  0.1998481717177240E-01
  0.4670586247267267E+01  0.2055930485992238E-01
  0.4670793192622622E+01  0.2113379254807238E-01
  0.4671000137977978E+01  0.2170828023622236E-01
  0.4671207083333333E+01  0.2228276816430417E-01
  0.4671414028688688E+01  0.2300621455721378E-01
  0.4671620974044044E+01  0.2372966095012650E-01
  0.4671827919399400E+01  0.2445310734303612E-01
  0.4672034864754755E+01  0.2517655373594574E-01
  0.4672241810110110E+01  0.2590000012885535E-01
  0.4672448755465465E+01  0.2662344652176496E-01
  0.4672655700820821E+01  0.2744365222750824E-01
  0.4672862646176176E+01  0.2837271264317304E-01
  0.4673069591531531E+01  0.2930177305883783E-01
  0.4673276536886886E+01  0.3023083347450262E-01
  0.4673483482242243E+01  0.3115989389017141E-01
  0.4673690427597598E+01  0.3208895430583620E-01
  0.4673897372952953E+01  0.3301801472150100E-01
  0.4674104318308308E+01  0.3418028852552885E-01
  0.4674311263663664E+01  0.3535713790024818E-01
  0.4674518209019019E+01  0.3653398727496751E-01
  0.4674725154374374E+01  0.3771083664968684E-01
  0.4674932099729729E+01  0.3888768602440617E-01
  0.4675139045085085E+01  0.4006453539912549E-01
  0.4675345990440441E+01  0.4138560660638964E-01
  0.4675552935795796E+01  0.4291271045370212E-01
  0.4675759881151151E+01  0.4443981430101462E-01
  0.4675966826506507E+01  0.4596691814832711E-01
  0.4676173771861862E+01  0.4749402199563960E-01
  0.4676380717217217E+01  0.4902112584295208E-01
  0.4676587662572572E+01  0.5054822969026457E-01
  0.4676794607927928E+01  0.5245180281330959E-01
  0.4677001553283283E+01  0.5440557164124996E-01
  0.4677208498638638E+01  0.5635934046919033E-01
  0.4677415443993994E+01  0.5831310929713908E-01
  0.4677622389349350E+01  0.6026687812507944E-01
  0.4677829334704705E+01  0.6222064695301981E-01
  0.4678036280060060E+01  0.6436010206299052E-01
  0.4678243225415415E+01  0.6683998546014902E-01
  0.4678450170770771E+01  0.6931986885730754E-01
  0.4678657116126126E+01  0.7179975225446604E-01
  0.4678864061481481E+01  0.7427963565162454E-01
  0.4679071006836836E+01  0.7675951904878306E-01
  0.4679277952192193E+01  0.7923940244595222E-01
  0.4679484897547548E+01  0.8220326484331852E-01
  0.4679691842902903E+01  0.8527083716167132E-01
  0.4679898788258258E+01  0.8833840948002414E-01
  0.4680105733613614E+01  0.9140598179837695E-01
  0.4680312678968969E+01  0.9447355411672974E-01
  0.4680519624324324E+01  0.9754112643508256E-01
  0.4680726569679679E+01  0.1007799313101167E+00
  0.4680933515035035E+01  0.1044297000727946E+00
  0.4681140460390391E+01  0.1080794688354882E+00
  0.4681347405745746E+01  0.1117292375981661E+00
  0.4681554351101101E+01  0.1153790063608441E+00
  0.4681761296456457E+01  0.1190287751235220E+00
  0.4681968241811812E+01  0.1226785438861999E+00
  0.4682175187167167E+01  0.1268348053416360E+00
  0.4682382132522522E+01  0.1311469113864130E+00
  0.4682589077877878E+01  0.1354590174311899E+00
  0.4682796023233233E+01  0.1397711234759668E+00
  0.4683002968588589E+01  0.1440832295207622E+00
  0.4683209913943944E+01  0.1483953355655391E+00
  0.4683416859299300E+01  0.1527130641271470E+00
  0.4683623804654655E+01  0.1570490657337429E+00
  0.4683830750010010E+01  0.1613850673403388E+00
  0.4684037695365365E+01  0.1657210689469347E+00
  0.4684244640720721E+01  0.1700570705535306E+00
  0.4684451586076076E+01  0.1743930721601265E+00
  0.4684658531431431E+01  0.1787290737667225E+00
  0.4684865476786787E+01  0.1831900159506875E+00
  0.4685072422142142E+01  0.1877030170569836E+00
  0.4685279367497498E+01  0.1922160181632798E+00
  0.4685486312852853E+01  0.1967290192695759E+00
  0.4685693258208208E+01  0.2012420203758721E+00
  0.4685900203563564E+01  0.2057550214821683E+00
  0.4686107148918919E+01  0.2102196634643217E+00
  0.4686314094274274E+01  0.2144586306618202E+00
  0.4686521039629629E+01  0.2186975978593187E+00
  0.4686727984984985E+01  0.2229365650568354E+00
  0.4686934930340341E+01  0.2271755322543339E+00
  0.4687141875695696E+01  0.2314144994518324E+00
  0.4687348821051051E+01  0.2356534666493310E+00
  0.4687555766406406E+01  0.2392466164740684E+00
  0.4687762711761762E+01  0.2424874992081605E+00
  0.4687969657117117E+01  0.2457283819422525E+00
  0.4688176602472472E+01  0.2489692646763446E+00
  0.4688383547827828E+01  0.2522101474104367E+00
  0.4688590493183183E+01  0.2554510301445287E+00
  0.4688797438538539E+01  0.2586368399168130E+00
  0.4689004383893894E+01  0.2614096029781067E+00
  0.4689211329249249E+01  0.2641823660394003E+00
  0.4689418274604605E+01  0.2669551291006939E+00
  0.4689625219959960E+01  0.2697278921619874E+00
  0.4689832165315315E+01  0.2725006552232810E+00
  0.4690039110670670E+01  0.2752734182845746E+00
  0.4690246056026026E+01  0.2774271507544899E+00
  0.4690453001381381E+01  0.2791475571772631E+00
  0.4690659946736737E+01  0.2808679636000438E+00
  0.4690866892092092E+01  0.2825883700228171E+00
  0.4691073837447448E+01  0.2843087764455904E+00
  0.4691280782802803E+01  0.2860291828683637E+00
  0.4691487728158158E+01  0.2877078243193524E+00
  0.4691694673513513E+01  0.2887182205035982E+00
  0.4691901618868869E+01  0.2897286166878439E+00
  0.4692108564224224E+01  0.2907390128720897E+00
  0.4692315509579579E+01  0.2917494090563355E+00
  0.4692522454934935E+01  0.2927598052405855E+00
  0.4692729400290291E+01  0.2937702014248312E+00
  0.4692936345645646E+01  0.2945724942553950E+00
  0.4693143291001001E+01  0.2951898039586580E+00
  0.4693350236356356E+01  0.2958071136619210E+00
  0.4693557181711712E+01  0.2964244233651839E+00
  0.4693764127067067E+01  0.2970417330684469E+00
  0.4693971072422422E+01  0.2976590427717100E+00
  0.4694178017777777E+01  0.2982763524749729E+00
  0.4694384963133134E+01  0.2984114178095856E+00
  0.4694591908488489E+01  0.2985464826263529E+00
  0.4694798853843844E+01  0.2986815474431204E+00
  0.4695005799199199E+01  0.2988166122598878E+00
  0.4695212744554555E+01  0.2989516770766552E+00
  0.4695419689909910E+01  0.2990867418934225E+00
  0.4695626635265265E+01  0.2991861138391025E+00
  0.4695833580620620E+01  0.2992453314727923E+00
  0.4696040525975976E+01  0.2993045491064820E+00
  0.4696247471331332E+01  0.2993637667401720E+00
  0.4696454416686687E+01  0.2994229843738618E+00
  0.4696661362042042E+01  0.2994822020075515E+00
  0.4696868307397398E+01  0.2995414196412412E+00
  0.4697075252752753E+01  0.2995900329681690E+00
  0.4697282198108108E+01  0.2996379835058854E+00
  0.4697489143463463E+01  0.2996859340436018E+00
  0.4697696088818819E+01  0.2997338845813182E+00
  0.4697903034174174E+01  0.2997818351190347E+00
  0.4698109979529530E+01  0.2998297856567513E+00
  0.4698316924884885E+01  0.2998785461446572E+00
  0.4698523870240241E+01  0.2999284637021501E+00
  0.4698730815595596E+01  0.2999783812596431E+00
  0.4698937760950951E+01  0.3000282988171360E+00
  0.4699144706306306E+01  0.3000782163746289E+00
  0.4699351651661662E+01  0.3001281339321219E+00
  0.4699558597017017E+01  0.3001780514896148E+00
  0.4699765542372372E+01  0.3002615597822591E+00
  0.4699972487727727E+01  0.3003495469377019E+00
  0.4700179433083084E+01  0.3004375340931450E+00
  0.4700386378438439E+01  0.3005255212485878E+00
  0.4700593323793794E+01  0.3006135084040306E+00
  0.4700800269149149E+01  0.3007014955594733E+00
  0.4701007214504505E+01  0.3008089450421216E+00
  0.4701214159859860E+01  0.3009520754826526E+00
  0.4701421105215215E+01  0.3010952059231836E+00
  0.4701628050570570E+01  0.3012383363637146E+00
  0.4701834995925926E+01  0.3013814668042456E+00
  0.4702041941281282E+01  0.3015245972447773E+00
  0.4702248886636637E+01  0.3016677276853083E+00
  0.4702455831991992E+01  0.3018303856866206E+00
  0.4702662777347348E+01  0.3019972282479966E+00
  0.4702869722702703E+01  0.3021640708093726E+00
  0.4703076668058058E+01  0.3023309133707486E+00
  0.4703283613413413E+01  0.3024977559321245E+00
  0.4703490558768769E+01  0.3026645984935005E+00
  0.4703697504124124E+01  0.3028277053046335E+00
  0.4703904449479480E+01  0.3029818462824499E+00
  0.4704111394834835E+01  0.3031359872602656E+00
  0.4704318340190190E+01  0.3032901282380813E+00
  0.4704525285545546E+01  0.3034442692158970E+00
  0.4704732230900901E+01  0.3035984101937127E+00
  0.4704939176256256E+01  0.3037525511715284E+00
  0.4705146121611611E+01  0.3038618707930027E+00
  0.4705353066966967E+01  0.3039573993320023E+00
  0.4705560012322322E+01  0.3040529278710019E+00
  0.4705766957677678E+01  0.3041484564100018E+00
  0.4705973903033033E+01  0.3042439849490014E+00
  0.4706180848388389E+01  0.3043395134880010E+00
  0.4706387793743744E+01  0.3044115523515965E+00
  0.4706594739099099E+01  0.3044072491939234E+00
  0.4706801684454454E+01  0.3044029460362504E+00
  0.4707008629809810E+01  0.3043986428785773E+00
  0.4707215575165165E+01  0.3043943397209043E+00
  0.4707422520520520E+01  0.3043900365632313E+00
  0.4707629465875876E+01  0.3043857334055582E+00
  0.4707836411231232E+01  0.3043366959342316E+00
  0.4708043356586587E+01  0.3042690192336012E+00
  0.4708250301941942E+01  0.3042013425329708E+00
  0.4708457247297297E+01  0.3041336658323404E+00
  0.4708664192652653E+01  0.3040659891317100E+00
  0.4708871138008008E+01  0.3039983124310795E+00
  0.4709078083363363E+01  0.3039050191947364E+00
  0.4709285028718718E+01  0.3036921805143261E+00
  0.4709491974074075E+01  0.3034793418339148E+00
  0.4709698919429430E+01  0.3032665031535045E+00
  0.4709905864784785E+01  0.3030536644730941E+00
  0.4710112810140140E+01  0.3028408257926838E+00
  0.4710319755495496E+01  0.3026279871122734E+00
  0.4710526700850851E+01  0.3023852434210610E+00
  0.4710733646206206E+01  0.3021261879170540E+00
  0.4710940591561561E+01  0.3018671324130471E+00
  0.4711147536916917E+01  0.3016080769090401E+00
  0.4711354482272272E+01  0.3013490214050332E+00
  0.4711561427627628E+01  0.3010899659010251E+00
  0.4711768372982983E+01  0.3008249493264488E+00
  0.4711975318338339E+01  0.3005152236207862E+00
  0.4712182263693694E+01  0.3002054979151236E+00
  0.4712389209049049E+01  0.2998957722094610E+00
  0.4712596154404404E+01  0.2995860465037984E+00
  0.4712803099759760E+01  0.2992763207981358E+00
  0.4713010045115115E+01  0.2989665950924731E+00
  0.4713216990470470E+01  0.2986622125089799E+00
  0.4713423935825826E+01  0.2983615701178317E+00
  0.4713630881181182E+01  0.2980609277266846E+00
  0.4713837826536537E+01  0.2977602853355377E+00
  0.4714044771891892E+01  0.2974596429443907E+00
  0.4714251717247247E+01  0.2971590005532437E+00
  0.4714458662602603E+01  0.2968607905790495E+00
  0.4714665607957958E+01  0.2966015014964024E+00
  0.4714872553313313E+01  0.2963422124137553E+00
  0.4715079498668668E+01  0.2960829233311082E+00
  0.4715286444024025E+01  0.2958236342484600E+00
  0.4715493389379380E+01  0.2955643451658129E+00
  0.4715700334734735E+01  0.2953050560831658E+00
  0.4715907280090090E+01  0.2950886394260204E+00
  0.4716114225445446E+01  0.2949103317509683E+00
  0.4716321170800801E+01  0.2947320240759162E+00
  0.4716528116156156E+01  0.2945537164008641E+00
  0.4716735061511511E+01  0.2943754087258120E+00
  0.4716942006866867E+01  0.2941971010507599E+00
  0.4717148952222223E+01  0.2940187934824275E+00
  0.4717355897577578E+01  0.2939398693470299E+00
  0.4717562842932933E+01  0.2938609452116323E+00
  0.4717769788288289E+01  0.2937820210762346E+00
  0.4717976733643644E+01  0.2937030969408370E+00
  0.4718183678998999E+01  0.2936241728054393E+00
  0.4718390624354354E+01  0.2935452486700416E+00
  0.4718597569709710E+01  0.2934815214744921E+00
  0.4718804515065065E+01  0.2934348909489742E+00
  0.4719011460420421E+01  0.2933882604234560E+00
  0.4719218405775776E+01  0.2933416298979380E+00
  0.4719425351131131E+01  0.2932949993724200E+00
  0.4719632296486487E+01  0.2932483688469021E+00
  0.4719839241841842E+01  0.2932017383213841E+00
  0.4720046187197197E+01  0.2931291166477869E+00
  0.4720253132552553E+01  0.2930548705413352E+00
  0.4720460077907908E+01  0.2929806244348835E+00
  0.4720667023263263E+01  0.2929063783284318E+00
  0.4720873968618619E+01  0.2928321322219797E+00
  0.4721080913973974E+01  0.2927578861155281E+00
  0.4721287859329330E+01  0.2925857783366912E+00
  0.4721494804684685E+01  0.2922738668744542E+00
  0.4721701750040040E+01  0.2919619554122173E+00
  0.4721908695395395E+01  0.2916500439499803E+00
  0.4722115640750751E+01  0.2913381324877434E+00
  0.4722322586106106E+01  0.2910262210255064E+00
  0.4722529531461461E+01  0.2907143095632694E+00
  0.4722736476816817E+01  0.2902398687029174E+00
  0.4722943422172173E+01  0.2897437572297753E+00
  0.4723150367527528E+01  0.2892476457566353E+00
  0.4723357312882883E+01  0.2887515342834953E+00
  0.4723564258238238E+01  0.2882554228103553E+00
  0.4723771203593594E+01  0.2877593113372153E+00
  0.4723978148948949E+01  0.2869369743768764E+00
  0.4724185094304304E+01  0.2855165499125799E+00
  0.4724392039659659E+01  0.2840961254482834E+00
  0.4724598985015015E+01  0.2826757009839870E+00
  0.4724805930370371E+01  0.2812552765196845E+00
  0.4725012875725726E+01  0.2798348520553879E+00
  0.4725219821081081E+01  0.2784144275910915E+00
  0.4725426766436437E+01  0.2765725049716995E+00
  0.4725633711791792E+01  0.2746402608676126E+00
  0.4725840657147147E+01  0.2727080167635257E+00
  0.4726047602502502E+01  0.2707757726594389E+00
  0.4726254547857858E+01  0.2688435285553519E+00
  0.4726461493213213E+01  0.2669112844512651E+00
  0.4726668438568569E+01  0.2647586828642527E+00
  0.4726875383923924E+01  0.2620772268581418E+00
  0.4727082329279280E+01  0.2593957708520309E+00
  0.4727289274634635E+01  0.2567143148459199E+00
  0.4727496219989990E+01  0.2540328588398089E+00
  0.4727703165345345E+01  0.2513514028336979E+00
  0.4727910110700701E+01  0.2486699468275870E+00
  0.4728117056056056E+01  0.2452284030274557E+00
  0.4728324001411411E+01  0.2415529843357721E+00
  0.4728530946766767E+01  0.2378775656440727E+00
  0.4728737892122123E+01  0.2342021469523891E+00
  0.4728944837477478E+01  0.2305267282607054E+00
  0.4729151782832833E+01  0.2268513095690218E+00
  0.4729358728188188E+01  0.2231310491887232E+00
  0.4729565673543544E+01  0.2192650539599420E+00
  0.4729772618898899E+01  0.2153990587311608E+00
  0.4729979564254254E+01  0.2115330635023797E+00
  0.4730186509609609E+01  0.2076670682735985E+00
  0.4730393454964966E+01  0.2038010730448007E+00
  0.4730600400320321E+01  0.1999350778160195E+00
  0.4730807345675676E+01  0.1956663143523983E+00
  0.4731014291031031E+01  0.1912297292336197E+00
  0.4731221236386387E+01  0.1867931441148411E+00
  0.4731428181741742E+01  0.1823565589960625E+00
  0.4731635127097097E+01  0.1779199738772839E+00
  0.4731842072452452E+01  0.1734833887585053E+00
  0.4732049017807808E+01  0.1690650890958506E+00
  0.4732255963163164E+01  0.1647321214504908E+00
  0.4732462908518519E+01  0.1603991538051495E+00
  0.4732669853873874E+01  0.1560661861598083E+00
  0.4732876799229230E+01  0.1517332185144671E+00
  0.4733083744584585E+01  0.1474002508691258E+00
  0.4733290689939940E+01  0.1430672832237846E+00
  0.4733497635295295E+01  0.1390056867616238E+00
  0.4733704580650651E+01  0.1350921125824817E+00
  0.4733911526006006E+01  0.1311785384033398E+00
  0.4734118471361361E+01  0.1272649642241978E+00
  0.4734325416716717E+01  0.1233513900450390E+00
  0.4734532362072073E+01  0.1194378158658970E+00
  0.4734739307427428E+01  0.1155509264124139E+00
  0.4734946252782783E+01  0.1118641731929540E+00
  0.4735153198138138E+01  0.1081774199734941E+00
  0.4735360143493494E+01  0.1044906667540343E+00
  0.4735567088848849E+01  0.1008039135345744E+00
  0.4735774034204204E+01  0.9711716031511458E-01
  0.4735980979559559E+01  0.9343040709565474E-01
  0.4736187924914915E+01  0.9013971548597748E-01
  0.4736394870270271E+01  0.8712627058208371E-01
  0.4736601815625626E+01  0.8411282567818995E-01
  0.4736808760980981E+01  0.8109938077429621E-01
  0.4737015706336337E+01  0.7808593587040243E-01
  0.4737222651691692E+01  0.7507249096650867E-01
  0.4737429597047047E+01  0.7209073298916129E-01
  0.4737636542402402E+01  0.6961597509181883E-01
  0.4737843487757758E+01  0.6714121719447638E-01
  0.4738050433113114E+01  0.6466645929712329E-01
  0.4738257378468469E+01  0.6219170139978084E-01
  0.4738464323823824E+01  0.5971694350243838E-01
  0.4738671269179179E+01  0.5724218560509593E-01
  0.4738878214534535E+01  0.5504477624412777E-01
  0.4739085159889890E+01  0.5309389782163609E-01
  0.4739292105245245E+01  0.5114301939914440E-01
  0.4739499050600601E+01  0.4919214097665271E-01
  0.4739705995955956E+01  0.4724126255416101E-01
  0.4739912941311312E+01  0.4529038413166096E-01
  0.4740119886666667E+01  0.4333950570916927E-01
  0.4740326832022022E+01  0.4183031501060482E-01
  0.4740533777377378E+01  0.4032112502347986E-01
  0.4740740722732733E+01  0.3881193503635489E-01
  0.4740947668088088E+01  0.3730274504922993E-01
  0.4741154613443443E+01  0.3579355506210496E-01
  0.4741361558798799E+01  0.3428436507498000E-01
  0.4741568504154154E+01  0.3294419105989286E-01
  0.4741775449509510E+01  0.3179415962767426E-01
  0.4741982394864865E+01  0.3064412819546060E-01
  0.4742189340220221E+01  0.2949409676324694E-01
  0.4742396285575576E+01  0.2834406533103329E-01
  0.4742603230930931E+01  0.2719403389881963E-01
  0.4742810176286286E+01  0.2604400246660597E-01
  0.4743017121641642E+01  0.2515494809805788E-01
  0.4743224066996997E+01  0.2428220544733526E-01
  0.4743431012352352E+01  0.2340946279661265E-01
  0.4743637957707708E+01  0.2253672014588629E-01
  0.4743844903063064E+01  0.2166397749516367E-01
  0.4744051848418419E+01  0.2079123484444105E-01
  0.4744258793773774E+01  0.2000206901770843E-01
  0.4744465739129129E+01  0.1933229870052275E-01
  0.4744672684484485E+01  0.1866252838333707E-01
  0.4744879629839840E+01  0.1799275806615139E-01
  0.4745086575195195E+01  0.1732298774896571E-01
  0.4745293520550550E+01  0.1665321743178002E-01
  0.4745500465905906E+01  0.1598344711459434E-01
  0.4745707411261262E+01  0.1546341579528649E-01
  0.4745914356616617E+01  0.1496335021632159E-01
  0.4746121301971972E+01  0.1446328463735669E-01
  0.4746328247327328E+01  0.1396321905839180E-01
  0.4746535192682683E+01  0.1346315347942690E-01
  0.4746742138038038E+01  0.1296308790046201E-01
  0.4746949083393393E+01  0.1250228849833530E-01
  0.4747156028748749E+01  0.1211347730610114E-01
  0.4747362974104104E+01  0.1172466611386699E-01
  0.4747569919459460E+01  0.1133585492163118E-01
  0.4747776864814815E+01  0.1094704372939703E-01
  0.4747983810170171E+01  0.1055823253716288E-01
  0.4748190755525526E+01  0.1016942134492873E-01
  0.4748397700880881E+01  0.9854249340849854E-02
  0.4748604646236236E+01  0.9554857533168329E-02
  0.4748811591591592E+01  0.9255465725486805E-02
  0.4749018536946947E+01  0.8956073917805282E-02
  0.4749225482302302E+01  0.8656682110123758E-02
  0.4749432427657658E+01  0.8357290302440949E-02
  0.4749639373013014E+01  0.8077870612692842E-02
  0.4749846318368369E+01  0.7846384304949331E-02
  0.4750053263723724E+01  0.7614897997205818E-02
  0.4750260209079079E+01  0.7383411689462304E-02
  0.4750467154434435E+01  0.7151925381718792E-02
  0.4750674099789790E+01  0.6920439073975279E-02
  0.4750881045145145E+01  0.6688952766231769E-02
  0.4751087990500500E+01  0.6493581165562324E-02
  0.4751294935855856E+01  0.6309321731740154E-02
  0.4751501881211212E+01  0.6125062297918775E-02
  0.4751708826566567E+01  0.5940802864097396E-02
  0.4751915771921922E+01  0.5756543430276017E-02
  0.4752122717277278E+01  0.5572283996454638E-02
  0.4752329662632633E+01  0.5397683409370826E-02
  0.4752536607987988E+01  0.5254474404790118E-02
  0.4752743553343343E+01  0.5111265400209409E-02
  0.4752950498698699E+01  0.4968056395628702E-02
  0.4753157444054055E+01  0.4824847391047380E-02
  0.4753364389409410E+01  0.4681638386466671E-02
  0.4753571334764765E+01  0.4538429381885964E-02
  0.4753778280120120E+01  0.4415151786489100E-02
  0.4753985225475476E+01  0.4300178936075308E-02
  0.4754192170830831E+01  0.4185206085661515E-02
  0.4754399116186186E+01  0.4070233235247723E-02
  0.4754606061541542E+01  0.3955260384833931E-02
  0.4754813006896897E+01  0.3840287534420138E-02
  0.4755019952252253E+01  0.3729188296902604E-02
  0.4755226897607608E+01  0.3636166229924501E-02
  0.4755433842962963E+01  0.3543144162946399E-02
  0.4755640788318319E+01  0.3450122095968297E-02
  0.4755847733673674E+01  0.3357100028990195E-02
  0.4756054679029029E+01  0.3264077962012093E-02
  0.4756261624384384E+01  0.3171055895033990E-02
  0.4756468569739740E+01  0.3090115594263704E-02
  0.4756675515095095E+01  0.3015765358725013E-02
  0.4756882460450450E+01  0.2941415123186322E-02
  0.4757089405805806E+01  0.2867064887647312E-02
  0.4757296351161162E+01  0.2792714652108621E-02
  0.4757503296516517E+01  0.2718364416569931E-02
  0.4757710241871872E+01  0.2645522962281785E-02
  0.4757917187227227E+01  0.2583997704779842E-02
  0.4758124132582583E+01  0.2522472447277899E-02
  0.4758331077937938E+01  0.2460947189775956E-02
  0.4758538023293293E+01  0.2399421932274013E-02
  0.4758744968648648E+01  0.2337896674772070E-02
  0.4758951914004005E+01  0.2276371417269863E-02
  0.4759158859359360E+01  0.2221533272218884E-02
  0.4759365804714715E+01  0.2171376124804864E-02
  0.4759572750070070E+01  0.2121218977390843E-02
  0.4759779695425426E+01  0.2071061829976823E-02
  0.4759986640780781E+01  0.2020904682562802E-02
  0.4760193586136136E+01  0.1970747535148782E-02
  0.4760400531491491E+01  0.1921103762340993E-02
  0.4760607476846847E+01  0.1879673814546978E-02
  0.4760814422202203E+01  0.1838243866752785E-02
  0.4761021367557558E+01  0.1796813918958770E-02
  0.4761228312912913E+01  0.1755383971164755E-02
  0.4761435258268269E+01  0.1713954023370740E-02
  0.4761642203623624E+01  0.1672524075576724E-02
  0.4761849148978979E+01  0.1634519847910609E-02
  0.4762056094334334E+01  0.1599560724104038E-02
  0.4762263039689690E+01  0.1564601600297468E-02
  0.4762469985045045E+01  0.1529642476490897E-02
  0.4762676930400401E+01  0.1494683352684176E-02
  0.4762883875755756E+01  0.1459724228877606E-02
  0.4763090821111112E+01  0.1424765108033442E-02
  0.4763297766466467E+01  0.1395323447675698E-02
  0.4763504711821822E+01  0.1365881787317954E-02
  0.4763711657177177E+01  0.1336440126960210E-02
  0.4763918602532533E+01  0.1306998466602466E-02
  0.4764125547887888E+01  0.1277556806244722E-02
  0.4764332493243243E+01  0.1248115145886978E-02
  0.4764539438598599E+01  0.1220673940593773E-02
  0.4764746383953955E+01  0.1195483266934092E-02
  0.4764953329309310E+01  0.1170292593274412E-02
  0.4765160274664665E+01  0.1145101919614731E-02
  0.4765367220020020E+01  0.1119911245955051E-02
  0.4765574165375376E+01  0.1094720572295370E-02
  0.4765781110730731E+01  0.1069529898635690E-02
  0.4765988056086086E+01  0.1047789844294577E-02
  0.4766195001441441E+01  0.1026265453906928E-02
  0.4766401946796798E+01  0.1004741063519188E-02
  0.4766608892152153E+01  0.9832166731315393E-03
  0.4766815837507508E+01  0.9616922827438909E-03
  0.4767022782862863E+01  0.9401678923562427E-03
  0.4767229728218219E+01  0.9199250456536982E-03
  0.4767436673573574E+01  0.9015129966516154E-03
  0.4767643618928929E+01  0.8831009476495328E-03
  0.4767850564284284E+01  0.8646888986474502E-03
  0.4768057509639640E+01  0.8462768496453675E-03
  0.4768264454994995E+01  0.8278648006432848E-03
  0.4768471400350351E+01  0.8094527516411232E-03
  0.4768678345705706E+01  0.7932263625967495E-03
  0.4768885291061062E+01  0.7772913967420251E-03
  0.4769092236416417E+01  0.7613564308873009E-03
  0.4769299181771772E+01  0.7454214650325767E-03
  0.4769506127127127E+01  0.7294864991778524E-03
  0.4769713072482483E+01  0.7135515333231282E-03
  0.4769920017837838E+01  0.6983808186645548E-03
  0.4770126963193193E+01  0.6846112519323955E-03
  0.4770333908548549E+01  0.6708416852001769E-03
  0.4770540853903904E+01  0.6570721184680174E-03
  0.4770747799259260E+01  0.6433025517358581E-03
  0.4770954744614615E+01  0.6295329850036985E-03
  0.4771161689969970E+01  0.6157634182715392E-03
  0.4771368635325326E+01  0.6038087645537712E-03
  0.4771575580680681E+01  0.5922430241483855E-03
  0.4771782526036036E+01  0.5806772837430001E-03
  0.4771989471391391E+01  0.5691115433376146E-03
  0.4772196416746747E+01  0.5575458029321793E-03
  0.4772403362102103E+01  0.5459800625267937E-03
  0.4772610307457458E+01  0.5349231103741393E-03
  0.4772817252812813E+01  0.5250872450125633E-03
  0.4773024198168168E+01  0.5152513796509876E-03
  0.4773231143523524E+01  0.5054155142894118E-03
  0.4773438088878879E+01  0.4955796489278360E-03
  0.4773645034234234E+01  0.4857437835662602E-03
  0.4773851979589590E+01  0.4759079182046844E-03
  0.4774058924944946E+01  0.4675160435933731E-03
  0.4774265870300301E+01  0.4595684784296527E-03
  0.4774472815655656E+01  0.4516209132659323E-03
  0.4774679761011011E+01  0.4436733481022119E-03
  0.4774886706366367E+01  0.4357257829384915E-03
  0.4775093651721722E+01  0.4277782177747711E-03
  0.4775300597077077E+01  0.4200914571208398E-03
  0.4775507542432432E+01  0.4132523099334794E-03
  0.4775714487787788E+01  0.4064131627461191E-03
  0.4775921433143144E+01  0.3995740155587293E-03
  0.4776128378498499E+01  0.3927348683713689E-03
  0.4776335323853854E+01  0.3858957211840085E-03
  0.4776542269209210E+01  0.3790565739966481E-03
  0.4776749214564565E+01  0.3729837507106248E-03
  0.4776956159919920E+01  0.3672302328389078E-03
  0.4777163105275275E+01  0.3614767149671909E-03
  0.4777370050630631E+01  0.3557231970954739E-03
  0.4777576995985986E+01  0.3499696792237570E-03
  0.4777783941341342E+01  0.3442161613520154E-03
  0.4777990886696697E+01  0.3386607369655838E-03
  0.4778197832052053E+01  0.3340297510537068E-03
  0.4778404777407408E+01  0.3293987651418297E-03
  0.4778611722762763E+01  0.3247677792299527E-03
  0.4778818668118118E+01  0.3201367933180756E-03
  0.4779025613473474E+01  0.3155058074061985E-03
  0.4779232558828829E+01  0.3108748214943215E-03
  0.4779439504184184E+01  0.3066781411939768E-03
  0.4779646449539539E+01  0.3027183580414206E-03
  0.4779853394894896E+01  0.2987585748888473E-03
  0.4780060340250251E+01  0.2947987917362911E-03
  0.4780267285605606E+01  0.2908390085837349E-03
  0.4780474230960961E+01  0.2868792254311786E-03
  0.4780681176316317E+01  0.2830003884298291E-03
  0.4780888121671672E+01  0.2797286531038177E-03
  0.4781095067027027E+01  0.2764569177778062E-03
  0.4781302012382382E+01  0.2731851824517949E-03
  0.4781508957737738E+01  0.2699134471257834E-03
  0.4781715903093094E+01  0.2666417117997580E-03
  0.4781922848448449E+01  0.2633699764737465E-03
  0.4782129793803804E+01  0.2602429958601407E-03
  0.4782336739159160E+01  0.2572173430563596E-03
  0.4782543684514515E+01  0.2541916902525785E-03
  0.4782750629869870E+01  0.2511660374487974E-03
  0.4782957575225225E+01  0.2481403846450162E-03
  0.4783164520580581E+01  0.2451147318412352E-03
  0.4783371465935936E+01  0.2421022185722589E-03
  0.4783578411291292E+01  0.2392999437369155E-03
  0.4783785356646647E+01  0.2364976689015843E-03
  0.4783992302002003E+01  0.2336953940662530E-03
  0.4784199247357358E+01  0.2308931192309217E-03
  0.4784406192712713E+01  0.2280908443955904E-03
  0.4784613138068068E+01  0.2252885695602591E-03
  0.4784820083423424E+01  0.2226020671925492E-03
  0.4785027028778779E+01  0.2200184734501230E-03
  0.4785233974134134E+01  0.2174348797076969E-03
  0.4785440919489490E+01  0.2148512859652597E-03
  0.4785647864844846E+01  0.2122676922228336E-03
  0.4785854810200201E+01  0.2096840984804074E-03
  0.4786061755555556E+01  0.2071005047379813E-03
  0.4786268700910911E+01  0.2046619367233200E-03
  0.4786475646266267E+01  0.2022233690201226E-03
  0.4786682591621622E+01  0.1997848013169252E-03
  0.4786889536976977E+01  0.1973462336137279E-03
  0.4787096482332332E+01  0.1949076659105305E-03
  0.4787303427687688E+01  0.1924690982073227E-03
  0.4787510373043044E+01  0.1899878070363380E-03
  0.4787717318398399E+01  0.1874584519580004E-03
  0.4787924263753754E+01  0.1849290968796627E-03
  0.4788131209109109E+01  0.1823997418013251E-03
  0.4788338154464465E+01  0.1798703867229874E-03
  0.4788545099819820E+01  0.1773410316446498E-03
  0.4788752045175175E+01  0.1748116765663121E-03
  0.4788958990530531E+01  0.1723425240493117E-03
  0.4789165935885887E+01  0.1698771343791281E-03
  0.4789372881241242E+01  0.1674117447089550E-03
  0.4789579826596597E+01  0.1649463550387819E-03
  0.4789786771951952E+01  0.1624809653686089E-03
  0.4789993717307308E+01  0.1600155756984358E-03
  0.4790200662662663E+01  0.1575914404032152E-03
  0.4790407608018018E+01  0.1552262400830482E-03
  0.4790614553373373E+01  0.1528610397628812E-03
  0.4790821498728729E+01  0.1504958394427142E-03
  0.4791028444084084E+01  0.1481306391225472E-03
  0.4791235389439440E+01  0.1457654388023701E-03
  0.4791442334794795E+01  0.1434002384822031E-03
  0.4791649280150151E+01  0.1412351167767684E-03
  0.4791856225505506E+01  0.1390966730803166E-03
  0.4792063170860861E+01  0.1369582293838649E-03
  0.4792270116216216E+01  0.1348197856874131E-03
  0.4792477061571572E+01  0.1326813419909613E-03
  0.4792684006926927E+01  0.1305428982945096E-03
  0.4792890952282282E+01  0.1284615723787293E-03
  0.4793097897637638E+01  0.1264849629589588E-03
  0.4793304842992994E+01  0.1245083535391968E-03
  0.4793511788348349E+01  0.1225317441194348E-03
  0.4793718733703704E+01  0.1205551346996728E-03
  0.4793925679059059E+01  0.1185785252799108E-03
  0.4794132624414415E+01  0.1166019158601488E-03
  0.4794339569769770E+01  0.1146793933866237E-03
  0.4794546515125125E+01  0.1127684609024814E-03
  0.4794753460480480E+01  0.1108575284183390E-03
  0.4794960405835837E+01  0.1089465959341885E-03
  0.4795167351191192E+01  0.1070356634500461E-03
  0.4795374296546547E+01  0.1051247309659038E-03
  0.4795581241901902E+01  0.1032940601749199E-03
  0.4795788187257258E+01  0.1016560191471290E-03
  0.4795995132612613E+01  0.1000179781193381E-03
  0.4796202077967968E+01  0.9837993709154718E-04
  0.4796409023323323E+01  0.9674189606375625E-04
  0.4796615968678679E+01  0.9510385503596534E-04
  0.4796822914034035E+01  0.9346581400816740E-04
  0.4797029859389390E+01  0.9199157896425683E-04
  0.4797236804744745E+01  0.9056774568191653E-04
  0.4797443750100101E+01  0.8914391239957622E-04
  0.4797650695455456E+01  0.8772007911723591E-04
  0.4797857640810811E+01  0.8629624583489559E-04
  0.4798064586166166E+01  0.8487241255255528E-04
  0.4798271531521522E+01  0.8354289690405713E-04
  0.4798478476876877E+01  0.8251991770858336E-04
  0.4798685422232233E+01  0.8149693851310520E-04
  0.4798892367587588E+01  0.8047395931763142E-04
  0.4799099312942944E+01  0.7945098012215765E-04
  0.4799306258298299E+01  0.7842800092668388E-04
  0.4799513203653654E+01  0.7740502173121010E-04
  0.4799720149009009E+01  0.7636432179467724E-04
  0.4799927094364365E+01  0.7531623820480427E-04
  0.4800134039719720E+01  0.7426815461493129E-04
  0.4800340985075075E+01  0.7322007102505832E-04
  0.4800547930430431E+01  0.7217198743518085E-04
  0.4800754875785787E+01  0.7112390384530787E-04
  0.4800961821141142E+01  0.7005086122091890E-04
  0.4801168766496497E+01  0.6886134067207909E-04
  0.4801375711851852E+01  0.6767182012323927E-04
  0.4801582657207208E+01  0.6648229957439946E-04
  0.4801789602562563E+01  0.6529277902555965E-04
  0.4801996547917918E+01  0.6410325847671982E-04
  0.4802203493273273E+01  0.6291373792788001E-04
  0.4802410438628629E+01  0.6167756231722788E-04
  0.4802617383983985E+01  0.6041593838897435E-04
  0.4802824329339340E+01  0.5915431446072625E-04
  0.4803031274694695E+01  0.5789269053247813E-04
  0.4803238220050051E+01  0.5663106660423003E-04
  0.4803445165405406E+01  0.5536944267598191E-04
  0.4803652110760761E+01  0.5411905271798037E-04
  0.4803859056116116E+01  0.5295291656272695E-04
  0.4804066001471472E+01  0.5178678040747353E-04
  0.4804272946826827E+01  0.5062064425222010E-04
  0.4804479892182183E+01  0.4945450809696167E-04
  0.4804686837537538E+01  0.4828837194170826E-04
  0.4804893782892893E+01  0.4712223578645484E-04
  0.4805100728248249E+01  0.4611890594419464E-04
  0.4805307673603604E+01  0.4522954123431549E-04
  0.4805514618958959E+01  0.4434017652443634E-04
  0.4805721564314315E+01  0.4345081181455719E-04
  0.4805928509669670E+01  0.4256144710467804E-04
  0.4806135455025025E+01  0.4167208239479889E-04
  0.4806342400380381E+01  0.4078714651038254E-04
  0.4806549345735736E+01  0.3997307106538358E-04
  0.4806756291091092E+01  0.3915899562038462E-04
  0.4806963236446447E+01  0.3834492017538565E-04
  0.4807170181801802E+01  0.3753084473038669E-04
  0.4807377127157157E+01  0.3671676928538772E-04
  0.4807584072512513E+01  0.3590269384038876E-04
  0.4807791017867868E+01  0.3512260459737082E-04
  0.4807997963223223E+01  0.3437272556826246E-04
  0.4808204908578579E+01  0.3362284653915089E-04
  0.4808411853933935E+01  0.3287296751004253E-04
  0.4808618799289290E+01  0.3212308848093418E-04
  0.4808825744644645E+01  0.3137320945182583E-04
  0.4809239635355356E+01  0.0000000000000000E+00
