  1000 NIRCAM_F323N        
  0.3140261863000000E+01  0.3520337974111111E+01  0.2754116080290873E+02  0.2582537264346307E+01  0.6441160802908733E+01  0.9627991070957411E-11  0.3365000199140189E+03  0.3236807943602737E+01  0.1131270198998914E-16  0.3236943054320384E+01
  0.3237027864519824E+01  0.3236914917940703E+01  0.3236971190944636E+01  0.3237528755870723E+01  0.3236770710914159E+01  0.1466316997193486E+00  0.3861656464336649E-01  0.3849892750003389E-01  0.3216638387704348E+01  0.3255254952347714E+01
  0.1226086536288729E+00  0.3849892750003389E+00  0.3787824417296562E-02  0.7654755751367991E-17  0.1970529708345380E-19  0.2539999961853027E+06  0.2172238173005244E+02  0.2430492052027765E+02  0.2816354253296117E+02
  0.3140261863000000E+01  0.0000000000000000E+00
  0.3140641939111111E+01  0.3490786102216340E-04
  0.3141022015222222E+01  0.3488003376653240E-04
  0.3141402091333334E+01  0.3485220651090137E-04
  0.3141782167444445E+01  0.3482437925527036E-04
  0.3142162243555556E+01  0.3479655199963935E-04
  0.3142542319666667E+01  0.3476872474400835E-04
  0.3142922395777778E+01  0.3474089748837735E-04
  0.3143302471888889E+01  0.3471307023274631E-04
  0.3143682548000000E+01  0.3468524297711531E-04
  0.3144062624111111E+01  0.3465741572148431E-04
  0.3144442700222222E+01  0.3462958846585331E-04
  0.3144822776333334E+01  0.3460176121022227E-04
  0.3145202852444445E+01  0.3457393395459126E-04
  0.3145582928555556E+01  0.3454610669896026E-04
  0.3145963004666667E+01  0.3451827944332926E-04
  0.3146343080777778E+01  0.3449045218769825E-04
  0.3146723156888889E+01  0.3446262493206722E-04
  0.3147103233000000E+01  0.3443479767643622E-04
  0.3147483309111111E+01  0.3440697042080520E-04
  0.3147863385222222E+01  0.3437914316517420E-04
  0.3148243461333333E+01  0.3435131590954320E-04
  0.3148623537444445E+01  0.3432348865391216E-04
  0.3149003613555556E+01  0.3429566139828116E-04
  0.3149383689666667E+01  0.3426783414265016E-04
  0.3149763765777778E+01  0.3424000688701916E-04
  0.3150143841888889E+01  0.3421217963138812E-04
  0.3150523918000000E+01  0.3418435237575712E-04
  0.3150903994111111E+01  0.3415652512012611E-04
  0.3151284070222222E+01  0.3412869786449511E-04
  0.3151664146333333E+01  0.3410087060886411E-04
  0.3152044222444445E+01  0.3407304335323307E-04
  0.3152424298555556E+01  0.3404521609760207E-04
  0.3152804374666667E+01  0.3401738884197107E-04
  0.3153184450777778E+01  0.3398956158634006E-04
  0.3153564526888889E+01  0.3396173433070906E-04
  0.3153944603000000E+01  0.3393390707507802E-04
  0.3154324679111111E+01  0.3390607981944702E-04
  0.3154704755222222E+01  0.3387825256381602E-04
  0.3155084831333333E+01  0.3385042530818501E-04
  0.3155464907444445E+01  0.3382259805255397E-04
  0.3155844983555556E+01  0.3379477079692297E-04
  0.3156225059666667E+01  0.3376694354129197E-04
  0.3156605135777778E+01  0.3373911628566097E-04
  0.3156985211888889E+01  0.3371128903002996E-04
  0.3157365288000000E+01  0.3368346177439892E-04
  0.3157745364111111E+01  0.3365563451876792E-04
  0.3158125440222222E+01  0.3362780726313691E-04
  0.3158505516333333E+01  0.3359998000750591E-04
  0.3158885592444444E+01  0.3357215275187491E-04
  0.3159265668555556E+01  0.3354432549624387E-04
  0.3159645744666667E+01  0.3351649824061287E-04
  0.3160025820777778E+01  0.3348867098498187E-04
  0.3160405896888889E+01  0.3346084372935086E-04
  0.3160785973000000E+01  0.3343301647371983E-04
  0.3161166049111111E+01  0.3340518921808883E-04
  0.3161546125222222E+01  0.3337736196245782E-04
  0.3161926201333333E+01  0.3334953470682682E-04
  0.3162306277444444E+01  0.3332170745119581E-04
  0.3162686353555556E+01  0.3329388019556478E-04
  0.3163066429666667E+01  0.3326605293993377E-04
  0.3163446505777778E+01  0.3323822568430277E-04
  0.3163826581888889E+01  0.3321039842867176E-04
  0.3164206658000000E+01  0.3318257117304076E-04
  0.3164586734111111E+01  0.3315474391740972E-04
  0.3164966810222222E+01  0.3312691666177872E-04
  0.3165346886333333E+01  0.3309908940614772E-04
  0.3165726962444444E+01  0.3307126215051672E-04
  0.3166107038555555E+01  0.3304343489488571E-04
  0.3166487114666667E+01  0.3301560763925468E-04
  0.3166867190777778E+01  0.3298778038362367E-04
  0.3167247266888889E+01  0.3295995312799266E-04
  0.3167627343000000E+01  0.3293212587236166E-04
  0.3168007419111111E+01  0.3290429861673064E-04
  0.3168387495222222E+01  0.3287647136109963E-04
  0.3168767571333333E+01  0.3349425112411065E-04
  0.3169147647444444E+01  0.3535618008181645E-04
  0.3169527723555555E+01  0.3721810903952225E-04
  0.3169907799666667E+01  0.3908003799723023E-04
  0.3170287875777778E+01  0.4178265314645497E-04
  0.3170667951888889E+01  0.4471350993417807E-04
  0.3171048028000000E+01  0.4764436672190118E-04
  0.3171428104111111E+01  0.5005794958990019E-04
  0.3171808180222222E+01  0.5075256979861316E-04
  0.3172188256333333E+01  0.5144719000732534E-04
  0.3172568332444444E+01  0.5214181021603753E-04
  0.3172948408555555E+01  0.5354674980508092E-04
  0.3173328484666667E+01  0.5529189666501542E-04
  0.3173708560777778E+01  0.5703704352494788E-04
  0.3174088636888889E+01  0.5851993190393617E-04
  0.3174468713000000E+01  0.5809759106327505E-04
  0.3174848789111111E+01  0.5767525022261393E-04
  0.3175228865222222E+01  0.5725290938195233E-04
  0.3175608941333333E+01  0.5827114720347349E-04
  0.3175989017444445E+01  0.6039474092538034E-04
  0.3176369093555556E+01  0.6251833464728719E-04
  0.3176749169666667E+01  0.6460331755353137E-04
  0.3177129245777778E+01  0.6311028875086175E-04
  0.3177509321888889E+01  0.6161725994819387E-04
  0.3177889398000000E+01  0.6012423114552600E-04
  0.3178269474111111E+01  0.6027981950781976E-04
  0.3178649550222223E+01  0.6240603404040435E-04
  0.3179029626333334E+01  0.6453224857298645E-04
  0.3179409702444445E+01  0.6665846310556855E-04
  0.3179789778555556E+01  0.6525345069748788E-04
  0.3180169854666667E+01  0.6345762823989495E-04
  0.3180549930777778E+01  0.6166180578229992E-04
  0.3180930006888889E+01  0.6126795157313460E-04
  0.3181310083000000E+01  0.6353352462643193E-04
  0.3181690159111111E+01  0.6579909767972928E-04
  0.3182070235222222E+01  0.6806467073302662E-04
  0.3182450311333334E+01  0.6857989583700632E-04
  0.3182830387444445E+01  0.6862993601469550E-04
  0.3183210463555556E+01  0.6867997619238471E-04
  0.3183590539666667E+01  0.7001711569224015E-04
  0.3183970615777778E+01  0.7554713270026324E-04
  0.3184350691888889E+01  0.8107714970827985E-04
  0.3184730768000000E+01  0.8660716671629647E-04
  0.3185110844111111E+01  0.9124131046425817E-04
  0.3185490920222222E+01  0.9545331274656570E-04
  0.3185870996333334E+01  0.9966531502887815E-04
  0.3186251072444445E+01  0.1046733632882760E-03
  0.3186631148555556E+01  0.1152764770776264E-03
  0.3187011224666667E+01  0.1258795908669768E-03
  0.3187391300777778E+01  0.1364827046563272E-03
  0.3187771376888889E+01  0.1462830107333913E-03
  0.3188151453000000E+01  0.1554761898611490E-03
  0.3188531529111111E+01  0.1646693689889067E-03
  0.3188911605222222E+01  0.1739239770739651E-03
  0.3189291681333334E+01  0.1874326312860208E-03
  0.3189671757444445E+01  0.2009412854980607E-03
  0.3190051833555556E+01  0.2144499397101006E-03
  0.3190431909666667E+01  0.2268763793131195E-03
  0.3190811985777778E+01  0.2380276422275452E-03
  0.3191192061888889E+01  0.2491789051419839E-03
  0.3191572138000000E+01  0.2603301680564095E-03
  0.3191952214111111E+01  0.2758729553519390E-03
  0.3192332290222222E+01  0.2918825615024140E-03
  0.3192712366333333E+01  0.3078921676528891E-03
  0.3193092442444445E+01  0.3248674535115824E-03
  0.3193472518555556E+01  0.3436460149205517E-03
  0.3193852594666667E+01  0.3624245763295210E-03
  0.3194232670777778E+01  0.3812031377384903E-03
  0.3194612746888889E+01  0.4065400387607227E-03
  0.3194992823000000E+01  0.4335827058296823E-03
  0.3195372899111111E+01  0.4606253728986103E-03
  0.3195752975222222E+01  0.4897629093565107E-03
  0.3196133051333333E+01  0.5255915122056956E-03
  0.3196513127444445E+01  0.5614201150549224E-03
  0.3196893203555556E+01  0.5972487179041072E-03
  0.3197273279666667E+01  0.6419921188381122E-03
  0.3197653355777778E+01  0.6908679235559623E-03
  0.3198033431888889E+01  0.7397437282738123E-03
  0.3198413508000000E+01  0.7912799165091474E-03
  0.3198793584111111E+01  0.8609215031947672E-03
  0.3199173660222222E+01  0.9305630898803867E-03
  0.3199553736333333E+01  0.1000204676566007E-02
  0.3199933812444444E+01  0.1083871506898715E-02
  0.3200313888555556E+01  0.1177992000586288E-02
  0.3200693964666667E+01  0.1272112494273752E-02
  0.3201074040777778E+01  0.1367012065002533E-02
  0.3201454116888889E+01  0.1504917610018022E-02
  0.3201834193000000E+01  0.1642823155033672E-02
  0.3202214269111111E+01  0.1780728700049161E-02
  0.3202594345222222E+01  0.1945002009817077E-02
  0.3202974421333333E+01  0.2139902719732518E-02
  0.3203354497444444E+01  0.2334803429647960E-02
  0.3203734573555556E+01  0.2529704139563629E-02
  0.3204114649666667E+01  0.2815522465865360E-02
  0.3204494725777778E+01  0.3110610899103377E-02
  0.3204874801888889E+01  0.3405699332341394E-02
  0.3205254878000000E+01  0.3752851819336144E-02
  0.3205634954111111E+01  0.4195718924622534E-02
  0.3206015030222222E+01  0.4638586029908406E-02
  0.3206395106333333E+01  0.5081453135194278E-02
  0.3206775182444444E+01  0.5736338347167507E-02
  0.3207155258555556E+01  0.6445174926364101E-02
  0.3207535334666667E+01  0.7154011505559867E-02
  0.3207915410777778E+01  0.7965833739978972E-02
  0.3208295486888889E+01  0.9100243098042604E-02
  0.3208675563000000E+01  0.1023465245610624E-01
  0.3209055639111111E+01  0.1136906181417119E-01
  0.3209435715222222E+01  0.1304777965023516E-01
  0.3209815791333333E+01  0.1497468109195284E-01
  0.3210195867444444E+01  0.1690158253367052E-01
  0.3210575943555555E+01  0.1900748175586100E-01
  0.3210956019666667E+01  0.2229380022361488E-01
  0.3211336095777778E+01  0.2558011869136492E-01
  0.3211716171888889E+01  0.2886643715911496E-01
  0.3212096248000000E+01  0.3349235915206819E-01
  0.3212476324111111E+01  0.3910231738602346E-01
  0.3212856400222222E+01  0.4471227561997217E-01
  0.3213236476333333E+01  0.5039691891658817E-01
  0.3213616552444444E+01  0.5950470120910741E-01
  0.3213996628555555E+01  0.6861248350162666E-01
  0.3214376704666667E+01  0.7772026579415654E-01
  0.3214756780777778E+01  0.8875222000792159E-01
  0.3215136856888889E+01  0.1019874415070663E+00
  0.3215516933000000E+01  0.1152226630062110E+00
  0.3215897009111111E+01  0.1284578845053557E+00
  0.3216277085222222E+01  0.1441213026261439E+00
  0.3216657161333333E+01  0.1600218515420800E+00
  0.3217037237444444E+01  0.1759224004580161E+00
  0.3217417313555555E+01  0.1910033854870106E+00
  0.3217797389666667E+01  0.2046009624861272E+00
  0.3218177465777778E+01  0.2181985394852280E+00
  0.3218557541888889E+01  0.2317961164843287E+00
  0.3218937618000000E+01  0.2414110250354934E+00
  0.3219317694111111E+01  0.2500346850312737E+00
  0.3219697770222222E+01  0.2586583450270641E+00
  0.3220077846333333E+01  0.2659114904911540E+00
  0.3220457922444445E+01  0.2689537818411775E+00
  0.3220837998555556E+01  0.2719960731912009E+00
  0.3221218074666667E+01  0.2750383645412244E+00
  0.3221598150777778E+01  0.2758629891688726E+00
  0.3221978226888889E+01  0.2756930867490448E+00
  0.3222358303000000E+01  0.2755231843292171E+00
  0.3222738379111111E+01  0.2752683397234809E+00
  0.3223118455222222E+01  0.2744703111917897E+00
  0.3223498531333334E+01  0.2736722826600976E+00
  0.3223878607444445E+01  0.2728742541284064E+00
  0.3224258683555556E+01  0.2724995115337573E+00
  0.3224638759666667E+01  0.2724311989155279E+00
  0.3225018835777778E+01  0.2723628862972983E+00
  0.3225398911888889E+01  0.2723238891730141E+00
  0.3225778988000000E+01  0.2734324090107021E+00
  0.3226159064111111E+01  0.2745409288483900E+00
  0.3226539140222222E+01  0.2756494486860779E+00
  0.3226919216333334E+01  0.2772322590812965E+00
  0.3227299292444445E+01  0.2793504471954827E+00
  0.3227679368555556E+01  0.2814686353096690E+00
  0.3228059444666667E+01  0.2835868234238553E+00
  0.3228439520777778E+01  0.2863014753967437E+00
  0.3228819596888889E+01  0.2890718288689439E+00
  0.3229199673000000E+01  0.2918421823411409E+00
  0.3229579749111111E+01  0.2946270900128845E+00
  0.3229959825222222E+01  0.2974379358251189E+00
  0.3230339901333334E+01  0.3002487816373566E+00
  0.3230719977444445E+01  0.3030596274495910E+00
  0.3231100053555556E+01  0.3054872604486391E+00
  0.3231480129666667E+01  0.3078216330155298E+00
  0.3231860205777778E+01  0.3101560055824206E+00
  0.3232240281888889E+01  0.3122608727510881E+00
  0.3232620358000000E+01  0.3136739451457875E+00
  0.3233000434111111E+01  0.3150870175404870E+00
  0.3233380510222222E+01  0.3165000899351864E+00
  0.3233760586333333E+01  0.3172421833181797E+00
  0.3234140662444445E+01  0.3176883557302945E+00
  0.3234520738555556E+01  0.3181345281424088E+00
  0.3234900814666667E+01  0.3184729071446600E+00
  0.3235280890777778E+01  0.3181424125947627E+00
  0.3235660966888889E+01  0.3178119180448650E+00
  0.3236041043000000E+01  0.3174814234949677E+00
  0.3236421119111111E+01  0.3168501584825685E+00
  0.3236801195222222E+01  0.3160043178663755E+00
  0.3237181271333333E+01  0.3151584772501824E+00
  0.3237561347444445E+01  0.3143097758780751E+00
  0.3237941423555556E+01  0.3133634490953526E+00
  0.3238321499666667E+01  0.3124171223126301E+00
  0.3238701575777778E+01  0.3114707955299075E+00
  0.3239081651888889E+01  0.3106356357455075E+00
  0.3239461728000000E+01  0.3099241816176584E+00
  0.3239841804111111E+01  0.3092127274898102E+00
  0.3240221880222222E+01  0.3085012733619619E+00
  0.3240601956333333E+01  0.3082350694607339E+00
  0.3240982032444444E+01  0.3080085588888694E+00
  0.3241362108555556E+01  0.3077820483170044E+00
  0.3241742184666667E+01  0.3077521126503369E+00
  0.3242122260777778E+01  0.3080671462930800E+00
  0.3242502336888889E+01  0.3083821799358231E+00
  0.3242882413000000E+01  0.3086972135785666E+00
  0.3243262489111111E+01  0.3093232358485624E+00
  0.3243642565222222E+01  0.3100232383720609E+00
  0.3244022641333333E+01  0.3107232408955594E+00
  0.3244402717444444E+01  0.3114204349687941E+00
  0.3244782793555556E+01  0.3121093223556799E+00
  0.3245162869666667E+01  0.3127982097425648E+00
  0.3245542945777778E+01  0.3134870971294497E+00
  0.3245923021888889E+01  0.3135474551162950E+00
  0.3246303098000000E+01  0.3133352346059256E+00
  0.3246683174111111E+01  0.3131230140955563E+00
  0.3247063250222222E+01  0.3126896964763534E+00
  0.3247443326333333E+01  0.3109242647920026E+00
  0.3247823402444444E+01  0.3091588331076519E+00
  0.3248203478555556E+01  0.3073934014232990E+00
  0.3248583554666667E+01  0.3041176404618921E+00
  0.3248963630777778E+01  0.2997800642122554E+00
  0.3249343706888889E+01  0.2954424879626188E+00
  0.3249723783000000E+01  0.2910231790906231E+00
  0.3250103859111111E+01  0.2841336750288426E+00
  0.3250483935222222E+01  0.2772441709670702E+00
  0.3250864011333333E+01  0.2703546669052977E+00
  0.3251244087444444E+01  0.2625353569757128E+00
  0.3251624163555555E+01  0.2536960381222092E+00
  0.3252004239666667E+01  0.2448567192686953E+00
  0.3252384315777778E+01  0.2360174004151918E+00
  0.3252764391888889E+01  0.2259253891313238E+00
  0.3253144468000000E+01  0.2157269700909566E+00
  0.3253524544111111E+01  0.2055285510505774E+00
  0.3253904620222222E+01  0.1953060420415031E+00
  0.3254284696333333E+01  0.1850419018562692E+00
  0.3254664772444444E+01  0.1747777616710353E+00
  0.3255044848555555E+01  0.1645136214858014E+00
  0.3255424924666667E+01  0.1549672661457911E+00
  0.3255805000777778E+01  0.1455877657092879E+00
  0.3256185076888889E+01  0.1362082652727848E+00
  0.3256565153000000E+01  0.1271677995281830E+00
  0.3256945229111111E+01  0.1191114768300599E+00
  0.3257325305222222E+01  0.1110551541319274E+00
  0.3257705381333333E+01  0.1029988314338043E+00
  0.3258085457444444E+01  0.9598460654616651E-01
  0.3258465533555555E+01  0.8941473132780813E-01
  0.3258845609666667E+01  0.8284485610944205E-01
  0.3259225685777778E+01  0.7648250883954595E-01
  0.3259605761888889E+01  0.7133496360660985E-01
  0.3259985838000000E+01  0.6618741837367376E-01
  0.3260365914111111E+01  0.6103987314073764E-01
  0.3260745990222222E+01  0.5658952129738656E-01
  0.3261126066333333E+01  0.5262216869050637E-01
  0.3261506142444444E+01  0.4865481608362619E-01
  0.3261886218555555E+01  0.4472144159154545E-01
  0.3262266294666667E+01  0.4170889410766455E-01
  0.3262646370777778E+01  0.3869634662378012E-01
  0.3263026446888889E+01  0.3568379913989922E-01
  0.3263406523000000E+01  0.3302529186425014E-01
  0.3263786599111111E+01  0.3074967188556762E-01
  0.3264166675222222E+01  0.2847405190688244E-01
  0.3264546751333333E+01  0.2619843192819992E-01
  0.3264926827444445E+01  0.2443613831012875E-01
  0.3265306903555556E+01  0.2271530630173482E-01
  0.3265686979666667E+01  0.2099447429334089E-01
  0.3266067055777778E+01  0.1943297459856413E-01
  0.3266447131888889E+01  0.1814264612543401E-01
  0.3266827208000000E+01  0.1685231765230389E-01
  0.3267207284111111E+01  0.1556198917917377E-01
  0.3267587360222222E+01  0.1452286279265044E-01
  0.3267967436333334E+01  0.1354077844503654E-01
  0.3268347512444445E+01  0.1255869409742378E-01
  0.3268727588555556E+01  0.1163877948406822E-01
  0.3269107664666667E+01  0.1089600622109093E-01
  0.3269487740777778E+01  0.1015323295811364E-01
  0.3269867816888889E+01  0.9410459695135478E-02
  0.3270247893000000E+01  0.8788130755282697E-02
  0.3270627969111111E+01  0.8216291508975938E-02
  0.3271008045222222E+01  0.7644452262669181E-02
  0.3271388121333334E+01  0.7093482017311467E-02
  0.3271768197444445E+01  0.6661266806041673E-02
  0.3272148273555556E+01  0.6229051594771877E-02
  0.3272528349666667E+01  0.5796836383502082E-02
  0.3272908425777778E+01  0.5421800168128791E-02
  0.3273288501888889E+01  0.5085796216621891E-02
  0.3273668578000000E+01  0.4749792265115385E-02
  0.3274048654111111E+01  0.4416956758798301E-02
  0.3274428730222222E+01  0.4161893883539348E-02
  0.3274808806333334E+01  0.3906831008280097E-02
  0.3275188882444445E+01  0.3651768133021145E-02
  0.3275568958555556E+01  0.3424072159786517E-02
  0.3275949034666667E+01  0.3225554094182071E-02
  0.3276329110777778E+01  0.3027036028577624E-02
  0.3276709186888889E+01  0.2828517962972946E-02
  0.3277089263000000E+01  0.2670075874906293E-02
  0.3277469339111111E+01  0.2514704795601718E-02
  0.3277849415222222E+01  0.2359333716297143E-02
  0.3278229491333333E+01  0.2217174037185266E-02
  0.3278609567444445E+01  0.2097159178595591E-02
  0.3278989643555556E+01  0.1977144320006055E-02
  0.3279369719666667E+01  0.1857129461416520E-02
  0.3279749795777778E+01  0.1755022647327622E-02
  0.3280129871888889E+01  0.1656886785997440E-02
  0.3280509948000000E+01  0.1558750924667143E-02
  0.3280890024111111E+01  0.1466944435713632E-02
  0.3281270100222222E+01  0.1392843108639177E-02
  0.3281650176333333E+01  0.1318741781564722E-02
  0.3282030252444445E+01  0.1244640454490180E-02
  0.3282410328555556E+01  0.1177687583627908E-02
  0.3282790404666667E+01  0.1113680332744285E-02
  0.3283170480777778E+01  0.1049673081860662E-02
  0.3283550556888889E+01  0.9882496899568159E-03
  0.3283930633000000E+01  0.9411277221466935E-03
  0.3284310709111111E+01  0.8940057543366262E-03
  0.3284690785222222E+01  0.8468837865265588E-03
  0.3285070861333333E+01  0.8032853832474157E-03
  0.3285450937444444E+01  0.7620569909570312E-03
  0.3285831013555556E+01  0.7208285986665984E-03
  0.3286211089666667E+01  0.6800705261878941E-03
  0.3286591165777778E+01  0.6498556879722136E-03
  0.3286971241888889E+01  0.6196408497565330E-03
  0.3287351318000000E+01  0.5894260115408525E-03
  0.3287731394111111E+01  0.5608440804884916E-03
  0.3288111470222222E+01  0.5339784880112385E-03
  0.3288491546333333E+01  0.5071128955339854E-03
  0.3288871622444444E+01  0.4802473030567323E-03
  0.3289251698555556E+01  0.4590252729941136E-03
  0.3289631774666667E+01  0.4382125167492527E-03
  0.3290011850777778E+01  0.4173997605043916E-03
  0.3290391926888889E+01  0.3980737974440049E-03
  0.3290772003000000E+01  0.3812024462622367E-03
  0.3291152079111111E+01  0.3643310950804487E-03
  0.3291532155222222E+01  0.3474597438986805E-03
  0.3291912231333333E+01  0.3315469051006457E-03
  0.3292292307444444E+01  0.3158415386669600E-03
  0.3292672383555556E+01  0.3001361722332559E-03
  0.3293052459666667E+01  0.2859658935951865E-03
  0.3293432535777778E+01  0.2760119971028219E-03
  0.3293812611888889E+01  0.2660581006104571E-03
  0.3294192688000000E+01  0.2561042041180924E-03
  0.3294572764111111E+01  0.2457139952769392E-03
  0.3294952840222222E+01  0.2351470806280829E-03
  0.3295332916333333E+01  0.2245801659792266E-03
  0.3295712992444444E+01  0.2148889732858321E-03
  0.3296093068555555E+01  0.2099147612330930E-03
  0.3296473144666667E+01  0.2049405491803482E-03
  0.3296853220777778E+01  0.1999663371276092E-03
  0.3297233296888889E+01  0.1928689226386545E-03
  0.3297613373000000E+01  0.1843644183238321E-03
  0.3297993449111111E+01  0.1758599140090098E-03
  0.3298373525222222E+01  0.1675511738797134E-03
  0.3298753601333333E+01  0.1632782767977919E-03
  0.3299133677444444E+01  0.1590053797158703E-03
  0.3299513753555555E+01  0.1547324826339487E-03
  0.3299893829666667E+01  0.1497182804589397E-03
  0.3300273905777778E+01  0.1439359148862509E-03
  0.3300653981888889E+01  0.1381535493135620E-03
  0.3301034058000000E+01  0.1323711837408732E-03
  0.3301414134111111E+01  0.1288121130843449E-03
  0.3301794210222222E+01  0.1254052103545670E-03
  0.3302174286333333E+01  0.1219983076247931E-03
  0.3302554362444444E+01  0.1190768982836865E-03
  0.3302934438555555E+01  0.1169449832718980E-03
  0.3303314514666667E+01  0.1148130682601070E-03
  0.3303694590777778E+01  0.1126811532483185E-03
  0.3304074666888889E+01  0.1094814742115107E-03
  0.3304454743000000E+01  0.1060562735553710E-03
  0.3304834819111111E+01  0.1026310728992312E-03
  0.3305214895222222E+01  0.9984091580879077E-04
  0.3305594971333333E+01  0.9876370891760010E-04
  0.3305975047444444E+01  0.9768650202640943E-04
  0.3306355123555555E+01  0.9660929513521875E-04
  0.3306735199666667E+01  0.9330486769801649E-04
  0.3307115275777778E+01  0.8911398750117240E-04
  0.3307495351888889E+01  0.8492310730433320E-04
  0.3307875428000000E+01  0.8126954698794171E-04
  0.3308255504111111E+01  0.8043394643134265E-04
  0.3308635580222222E+01  0.7959834587474357E-04
  0.3309015656333333E+01  0.7876274531814352E-04
  0.3309395732444445E+01  0.7666026025437297E-04
  0.3309775808555556E+01  0.7373057558847369E-04
  0.3310155884666667E+01  0.7080089092257442E-04
  0.3310535960777778E+01  0.6803278979172283E-04
  0.3310916036888889E+01  0.6834638577383830E-04
  0.3311296113000000E+01  0.6865998175595378E-04
  0.3311676189111111E+01  0.6897357773806925E-04
  0.3312056265222222E+01  0.6816512471386891E-04
  0.3312436341333334E+01  0.6621040631354431E-04
  0.3312816417444445E+01  0.6425568791322199E-04
  0.3313196493555556E+01  0.6230096951289967E-04
  0.3313576569666667E+01  0.6060202445576634E-04
  0.3313956645777778E+01  0.5891955004520877E-04
  0.3314336721888889E+01  0.5723707563464923E-04
  0.3314716798000000E+01  0.5581999379298838E-04
  0.3315096874111111E+01  0.5482803188254252E-04
  0.3315476950222222E+01  0.5383606997209664E-04
  0.3315857026333333E+01  0.5284410806165077E-04
  0.3316237102444445E+01  0.5116192277954041E-04
  0.3316617178555556E+01  0.4933754388505675E-04
  0.3316997254666667E+01  0.4751316499057308E-04
  0.3317377330777778E+01  0.4615469856812055E-04
  0.3317757406888889E+01  0.4603060079326703E-04
  0.3318137483000000E+01  0.4590650301841364E-04
  0.3318517559111111E+01  0.4578240524356026E-04
  0.3318897635222222E+01  0.4422313059207991E-04
  0.3319277711333333E+01  0.4210257571505944E-04
  0.3319657787444445E+01  0.3998202083803651E-04
  0.3320037863555556E+01  0.3832650787144566E-04
  0.3320417939666667E+01  0.3904676662696929E-04
  0.3320798015777778E+01  0.3976702538249292E-04
  0.3321178091888889E+01  0.4048728413801740E-04
  0.3321558168000000E+01  0.3930360752802631E-04
  0.3321938244111111E+01  0.3689517895527479E-04
  0.3322318320222222E+01  0.3448675038252328E-04
  0.3322698396333333E+01  0.3220694406278443E-04
  0.3323078472444445E+01  0.3220808974752252E-04
  0.3323458548555556E+01  0.3220923543226060E-04
  0.3323838624666667E+01  0.3221038111699869E-04
  0.3324218700777778E+01  0.3221152680173678E-04
  0.3324598776888889E+01  0.3221267248647487E-04
  0.3324978853000000E+01  0.3221381817121296E-04
  0.3325358929111111E+01  0.3221496385595105E-04
  0.3325739005222222E+01  0.3221610954068913E-04
  0.3326119081333333E+01  0.3221725522542722E-04
  0.3326499157444444E+01  0.3221840091016531E-04
  0.3326879233555556E+01  0.3221954659490340E-04
  0.3327259309666667E+01  0.3222069227964148E-04
  0.3327639385777778E+01  0.3222183796437957E-04
  0.3328019461888889E+01  0.3222298364911766E-04
  0.3328399538000000E+01  0.3222412933385575E-04
  0.3328779614111111E+01  0.3222527501859384E-04
  0.3329159690222222E+01  0.3222642070333192E-04
  0.3329539766333333E+01  0.3222756638807001E-04
  0.3329919842444444E+01  0.3222871207280810E-04
  0.3330299918555556E+01  0.3222985775754619E-04
  0.3330679994666667E+01  0.3223100344228428E-04
  0.3331060070777778E+01  0.3223214912702236E-04
  0.3331440146888889E+01  0.3223329481176045E-04
  0.3331820223000000E+01  0.3223444049649855E-04
  0.3332200299111111E+01  0.3223558618123663E-04
  0.3332580375222222E+01  0.3223673186597472E-04
  0.3332960451333333E+01  0.3223787755071280E-04
  0.3333340527444444E+01  0.3223902323545090E-04
  0.3333720603555556E+01  0.3224016892018898E-04
  0.3334100679666667E+01  0.3224131460492708E-04
  0.3334480755777778E+01  0.3224246028966516E-04
  0.3334860831888889E+01  0.3224360597440325E-04
  0.3335240908000000E+01  0.3224475165914133E-04
  0.3335620984111111E+01  0.3224589734387943E-04
  0.3336001060222222E+01  0.3224704302861751E-04
  0.3336381136333333E+01  0.3224818871335560E-04
  0.3336761212444444E+01  0.3224933439809368E-04
  0.3337141288555555E+01  0.3225048008283178E-04
  0.3337521364666667E+01  0.3225162576756986E-04
  0.3337901440777778E+01  0.3225277145230795E-04
  0.3338281516888889E+01  0.3225391713704604E-04
  0.3338661593000000E+01  0.3225506282178413E-04
  0.3339041669111111E+01  0.3225620850652222E-04
  0.3339421745222222E+01  0.3225735419126031E-04
  0.3339801821333333E+01  0.3225849987599839E-04
  0.3340181897444444E+01  0.3225964556073648E-04
  0.3340561973555555E+01  0.3226079124547457E-04
  0.3340942049666667E+01  0.3226193693021266E-04
  0.3341322125777778E+01  0.3226308261495075E-04
  0.3341702201888889E+01  0.3226422829968883E-04
  0.3342082278000000E+01  0.3226537398442693E-04
  0.3342462354111111E+01  0.3226651966916501E-04
  0.3342842430222222E+01  0.3226766535390310E-04
  0.3343222506333333E+01  0.3226881103864118E-04
  0.3343602582444444E+01  0.3226995672337928E-04
  0.3343982658555555E+01  0.3227110240811736E-04
  0.3344362734666666E+01  0.3227224809285546E-04
  0.3344742810777778E+01  0.3227339377759353E-04
  0.3345122886888889E+01  0.3227453946233163E-04
  0.3345502963000000E+01  0.3227568514706971E-04
  0.3345883039111111E+01  0.3227683083180781E-04
  0.3346263115222222E+01  0.3227797651654589E-04
  0.3346643191333333E+01  0.3227912220128398E-04
  0.3347023267444444E+01  0.3228026788602207E-04
  0.3347403343555555E+01  0.3228141357076016E-04
  0.3347783419666666E+01  0.3228255925549824E-04
  0.3348163495777778E+01  0.3228370494023633E-04
  0.3348543571888889E+01  0.3228485062497442E-04
  0.3348923648000000E+01  0.3228599630971251E-04
  0.3349303724111111E+01  0.3228714199445060E-04
  0.3349683800222222E+01  0.3228828767918868E-04
  0.3350063876333333E+01  0.3228943336392678E-04
  0.3350443952444444E+01  0.3229057904866486E-04
  0.3350824028555556E+01  0.3229172473340295E-04
  0.3351204104666667E+01  0.3229287041814103E-04
  0.3351584180777778E+01  0.3229401610287913E-04
  0.3351964256888889E+01  0.3229516178761721E-04
  0.3352344333000000E+01  0.3229630747235531E-04
  0.3352724409111111E+01  0.3229745315709339E-04
  0.3353104485222222E+01  0.3229859884183148E-04
  0.3353484561333334E+01  0.3229974452656957E-04
  0.3353864637444445E+01  0.3230089021130766E-04
  0.3354244713555556E+01  0.3230203589604574E-04
  0.3354624789666667E+01  0.3230318158078383E-04
  0.3355004865777778E+01  0.3230432726552192E-04
  0.3355384941888889E+01  0.3230547295026001E-04
  0.3355765018000000E+01  0.3230661863499809E-04
  0.3356145094111111E+01  0.3230776431973619E-04
  0.3356525170222222E+01  0.3230891000447427E-04
  0.3356905246333334E+01  0.3231005568921236E-04
  0.3357285322444445E+01  0.3231120137395045E-04
  0.3357665398555556E+01  0.3231234705868854E-04
  0.3358045474666667E+01  0.3231349274342663E-04
  0.3358425550777778E+01  0.3231463842816471E-04
  0.3358805626888889E+01  0.3231578411290280E-04
  0.3359185703000000E+01  0.3231692979764089E-04
  0.3359565779111111E+01  0.3231807548237898E-04
  0.3359945855222222E+01  0.3231922116711706E-04
  0.3360325931333334E+01  0.3232036685185516E-04
  0.3360706007444445E+01  0.3232151253659324E-04
  0.3361086083555556E+01  0.3232265822133133E-04
  0.3361466159666667E+01  0.3232380390606942E-04
  0.3361846235777778E+01  0.3232494959080750E-04
  0.3362226311888889E+01  0.3232609527554560E-04
  0.3362606388000000E+01  0.3232724096028368E-04
  0.3362986464111111E+01  0.3232838664502177E-04
  0.3363366540222222E+01  0.3232953232975986E-04
  0.3363746616333333E+01  0.3233067801449794E-04
  0.3364126692444445E+01  0.3233182369923604E-04
  0.3364506768555556E+01  0.3233296938397412E-04
  0.3364886844666667E+01  0.3233411506871221E-04
  0.3365266920777778E+01  0.3233526075345030E-04
  0.3365646996888889E+01  0.3233640643818839E-04
  0.3366027073000000E+01  0.3233755212292648E-04
  0.3366407149111111E+01  0.3233869780766456E-04
  0.3366787225222222E+01  0.3233984349240265E-04
  0.3367167301333333E+01  0.3234098917714074E-04
  0.3367547377444445E+01  0.3234213486187883E-04
  0.3367927453555556E+01  0.3234328054661691E-04
  0.3368307529666667E+01  0.3234442623135501E-04
  0.3368687605777778E+01  0.3234557191609309E-04
  0.3369067681888889E+01  0.3234671760083118E-04
  0.3369447758000000E+01  0.3234786328556927E-04
  0.3369827834111111E+01  0.3234900897030735E-04
  0.3370207910222222E+01  0.3235015465504544E-04
  0.3370587986333333E+01  0.3235130033978354E-04
  0.3370968062444444E+01  0.3235244602452162E-04
  0.3371348138555556E+01  0.3235359170925971E-04
  0.3371728214666667E+01  0.3235473739399780E-04
  0.3372108290777778E+01  0.3235588307873588E-04
  0.3372488366888889E+01  0.3235702876347397E-04
  0.3372868443000000E+01  0.3235817444821206E-04
  0.3373248519111111E+01  0.3235932013295015E-04
  0.3373628595222222E+01  0.3236046581768824E-04
  0.3374008671333333E+01  0.3236161150242633E-04
  0.3374388747444444E+01  0.3236275718716442E-04
  0.3374768823555556E+01  0.3236390287190250E-04
  0.3375148899666667E+01  0.3236504855664059E-04
  0.3375528975777778E+01  0.3236619424137868E-04
  0.3375909051888889E+01  0.3236733992611677E-04
  0.3376289128000000E+01  0.3236848561085485E-04
  0.3376669204111111E+01  0.3236963129559294E-04
  0.3377049280222222E+01  0.3237077698033103E-04
  0.3377429356333333E+01  0.3237192266506912E-04
  0.3377809432444444E+01  0.3237306834980720E-04
  0.3378189508555556E+01  0.3237421403454529E-04
  0.3378569584666667E+01  0.3237535971928338E-04
  0.3378949660777778E+01  0.3237650540402147E-04
  0.3379329736888889E+01  0.3237765108875956E-04
  0.3379709813000000E+01  0.3237879677349764E-04
  0.3380089889111111E+01  0.3237994245823573E-04
  0.3380469965222222E+01  0.3238108814297382E-04
  0.3380850041333333E+01  0.3238223382771191E-04
  0.3381230117444444E+01  0.3238337951245000E-04
  0.3381610193555555E+01  0.3238452519718809E-04
  0.3381990269666667E+01  0.3238567088192618E-04
  0.3382370345777778E+01  0.3238681656666427E-04
  0.3382750421888889E+01  0.3238796225140235E-04
  0.3383130498000000E+01  0.3238910793614044E-04
  0.3383510574111111E+01  0.3239025362087853E-04
  0.3383890650222222E+01  0.3239139930561662E-04
  0.3384270726333333E+01  0.3239254499035471E-04
  0.3384650802444444E+01  0.3239369067509279E-04
  0.3385030878555555E+01  0.3239483635983088E-04
  0.3385410954666667E+01  0.3239598204456897E-04
  0.3385791030777778E+01  0.3239712772930706E-04
  0.3386171106888889E+01  0.3239827341404514E-04
  0.3386551183000000E+01  0.3239941909878324E-04
  0.3386931259111111E+01  0.3240056478352132E-04
  0.3387311335222222E+01  0.3240171046825941E-04
  0.3387691411333333E+01  0.3240285615299750E-04
  0.3388071487444444E+01  0.3240400183773559E-04
  0.3388451563555555E+01  0.3240514752247367E-04
  0.3388831639666667E+01  0.3240629320721177E-04
  0.3389211715777778E+01  0.3240743889194985E-04
  0.3389591791888889E+01  0.3240858457668794E-04
  0.3389971868000000E+01  0.3240973026142602E-04
  0.3390351944111111E+01  0.3241087594616412E-04
  0.3390732020222222E+01  0.3241202163090220E-04
  0.3391112096333333E+01  0.3241316731564029E-04
  0.3391492172444444E+01  0.3241431300037838E-04
  0.3391872248555555E+01  0.3241545868511647E-04
  0.3392252324666666E+01  0.3241660436985456E-04
  0.3392632400777778E+01  0.3241775005459265E-04
  0.3393012476888889E+01  0.3241889573933073E-04
  0.3393392553000000E+01  0.3242004142406882E-04
  0.3393772629111111E+01  0.3242118710880691E-04
  0.3394152705222222E+01  0.3242233279354500E-04
  0.3394532781333333E+01  0.3242347847828309E-04
  0.3394912857444444E+01  0.3242462416302117E-04
  0.3395292933555556E+01  0.3242576984775927E-04
  0.3395673009666667E+01  0.3242691553249735E-04
  0.3396053085777778E+01  0.3242806121723544E-04
  0.3396433161888889E+01  0.3242920690197352E-04
  0.3396813238000000E+01  0.3243035258671162E-04
  0.3397193314111111E+01  0.3243149827144970E-04
  0.3397573390222222E+01  0.3243264395618779E-04
  0.3397953466333334E+01  0.3243378964092588E-04
  0.3398333542444445E+01  0.3243493532566397E-04
  0.3398713618555556E+01  0.3243608101040205E-04
  0.3399093694666667E+01  0.3243722669514015E-04
  0.3399473770777778E+01  0.3243837237987823E-04
  0.3399853846888889E+01  0.3243951806461632E-04
  0.3400233923000000E+01  0.3244066374935440E-04
  0.3400613999111111E+01  0.3244180943409250E-04
  0.3400994075222222E+01  0.3244295511883058E-04
  0.3401374151333333E+01  0.3244410080356867E-04
  0.3401754227444445E+01  0.3244524648830676E-04
  0.3402134303555556E+01  0.3244639217304485E-04
  0.3402514379666667E+01  0.3244753785778294E-04
  0.3402894455777778E+01  0.3244868354252102E-04
  0.3403274531888889E+01  0.3244982922725911E-04
  0.3403654608000000E+01  0.3245097491199720E-04
  0.3404034684111111E+01  0.3245212059673529E-04
  0.3404414760222222E+01  0.3245326628147338E-04
  0.3404794836333333E+01  0.3245441196621147E-04
  0.3405174912444445E+01  0.3245555765094955E-04
  0.3405554988555556E+01  0.3245670333568764E-04
  0.3405935064666667E+01  0.3245784902042573E-04
  0.3406315140777778E+01  0.3245899470516382E-04
  0.3406695216888889E+01  0.3246014038990190E-04
  0.3407075293000000E+01  0.3246128607464000E-04
  0.3407455369111111E+01  0.3246243175937808E-04
  0.3407835445222222E+01  0.3246357744411617E-04
  0.3408215521333333E+01  0.3246472312885425E-04
  0.3408595597444444E+01  0.3246586881359235E-04
  0.3408975673555556E+01  0.3246701449833043E-04
  0.3409355749666667E+01  0.3246816018306853E-04
  0.3409735825777778E+01  0.3246930586780661E-04
  0.3410115901888889E+01  0.3247045155254470E-04
  0.3410495978000000E+01  0.3247159723728279E-04
  0.3410876054111111E+01  0.3247274292202088E-04
  0.3411256130222222E+01  0.3247388860675896E-04
  0.3411636206333333E+01  0.3247503429149705E-04
  0.3412016282444444E+01  0.3247617997623513E-04
  0.3412396358555556E+01  0.3247732566097323E-04
  0.3412776434666667E+01  0.3247847134571132E-04
  0.3413156510777778E+01  0.3247961703044940E-04
  0.3413536586888889E+01  0.3248076271518749E-04
  0.3413916663000000E+01  0.3248190839992558E-04
  0.3414296739111111E+01  0.3248305408466366E-04
  0.3414676815222222E+01  0.3248419976940175E-04
  0.3415056891333333E+01  0.3248534545413985E-04
  0.3415436967444444E+01  0.3248649113887793E-04
  0.3415817043555556E+01  0.3248763682361602E-04
  0.3416197119666667E+01  0.3248878250835411E-04
  0.3416577195777778E+01  0.3248992819309220E-04
  0.3416957271888889E+01  0.3249107387783028E-04
  0.3417337348000000E+01  0.3249221956256838E-04
  0.3417717424111111E+01  0.3249336524730646E-04
  0.3418097500222222E+01  0.3249451093204455E-04
  0.3418477576333333E+01  0.3249565661678264E-04
  0.3418857652444444E+01  0.3249680230152072E-04
  0.3419237728555555E+01  0.3249794798625881E-04
  0.3419617804666667E+01  0.3249909367099690E-04
  0.3419997880777778E+01  0.3250023935573499E-04
  0.3420377956888889E+01  0.3250138504047308E-04
  0.3420758033000000E+01  0.3250253072521117E-04
  0.3421138109111111E+01  0.3250367640994926E-04
  0.3421518185222222E+01  0.3250482209468734E-04
  0.3421898261333333E+01  0.3250596777942543E-04
  0.3422278337444444E+01  0.3250711346416352E-04
  0.3422658413555555E+01  0.3250825914890161E-04
  0.3423038489666667E+01  0.3250940483363970E-04
  0.3423418565777778E+01  0.3251055051837778E-04
  0.3423798641888889E+01  0.3251169620311587E-04
  0.3424178718000000E+01  0.3251284188785396E-04
  0.3424558794111111E+01  0.3251398757259205E-04
  0.3424938870222222E+01  0.3251513325733013E-04
  0.3425318946333333E+01  0.3251627894206823E-04
  0.3425699022444444E+01  0.3251742462680631E-04
  0.3426079098555555E+01  0.3251857031154440E-04
  0.3426459174666667E+01  0.3251971599628249E-04
  0.3426839250777778E+01  0.3252086168102058E-04
  0.3427219326888889E+01  0.3252200736575866E-04
  0.3427599403000000E+01  0.3252315305049675E-04
  0.3427979479111111E+01  0.3252429873523484E-04
  0.3428359555222222E+01  0.3252544441997293E-04
  0.3428739631333333E+01  0.3252659010471102E-04
  0.3429119707444444E+01  0.3252773578944911E-04
  0.3429499783555555E+01  0.3252888147418719E-04
  0.3429879859666666E+01  0.3253002715892528E-04
  0.3430259935777778E+01  0.3253117284366337E-04
  0.3430640011888889E+01  0.3253231852840146E-04
  0.3431020088000000E+01  0.3253346421313955E-04
  0.3431400164111111E+01  0.3253460989787763E-04
  0.3431780240222222E+01  0.3253575558261572E-04
  0.3432160316333333E+01  0.3253690126735381E-04
  0.3432540392444444E+01  0.3253804695209190E-04
  0.3432920468555555E+01  0.3253919263682998E-04
  0.3433300544666666E+01  0.3254033832156808E-04
  0.3433680620777778E+01  0.3254148400630616E-04
  0.3434060696888889E+01  0.3254262969104425E-04
  0.3434440773000000E+01  0.3254377537578234E-04
  0.3434820849111111E+01  0.3254492106052043E-04
  0.3435200925222222E+01  0.3254606674525851E-04
  0.3435581001333333E+01  0.3254721242999661E-04
  0.3435961077444444E+01  0.3254835811473469E-04
  0.3436341153555555E+01  0.3254950379947278E-04
  0.3436721229666666E+01  0.3255064948421087E-04
  0.3437101305777778E+01  0.3255179516894895E-04
  0.3437481381888889E+01  0.3255294085368704E-04
  0.3437861458000000E+01  0.3255408653842513E-04
  0.3438241534111111E+01  0.3255523222316322E-04
  0.3438621610222222E+01  0.3255637790790131E-04
  0.3439001686333333E+01  0.3255752359263939E-04
  0.3439381762444444E+01  0.3255866927737749E-04
  0.3439761838555556E+01  0.3255981496211557E-04
  0.3440141914666667E+01  0.3256096064685366E-04
  0.3440521990777778E+01  0.3256210633159175E-04
  0.3440902066888889E+01  0.3256325201632984E-04
  0.3441282143000000E+01  0.3256439770106793E-04
  0.3441662219111111E+01  0.3256554338580601E-04
  0.3442042295222222E+01  0.3256668907054410E-04
  0.3442422371333334E+01  0.3256783475528219E-04
  0.3442802447444445E+01  0.3256898044002028E-04
  0.3443182523555556E+01  0.3257012612475836E-04
  0.3443562599666667E+01  0.3257127180949646E-04
  0.3443942675777778E+01  0.3257241749423454E-04
  0.3444322751888889E+01  0.3257356317897264E-04
  0.3444702828000000E+01  0.3257470886371072E-04
  0.3445082904111111E+01  0.3257585454844881E-04
  0.3445462980222222E+01  0.3257700023318689E-04
  0.3445843056333334E+01  0.3257814591792499E-04
  0.3446223132444445E+01  0.3257929160266307E-04
  0.3446603208555556E+01  0.3258043728740116E-04
  0.3446983284666667E+01  0.3258158297213924E-04
  0.3447363360777778E+01  0.3258272865687733E-04
  0.3447743436888889E+01  0.3258387434161542E-04
  0.3448123513000000E+01  0.3258502002635351E-04
  0.3448503589111111E+01  0.3258616571109159E-04
  0.3448883665222222E+01  0.3258731139582969E-04
  0.3449263741333333E+01  0.3258845708056778E-04
  0.3449643817444445E+01  0.3258960276530586E-04
  0.3450023893555556E+01  0.3259074845004395E-04
  0.3450403969666667E+01  0.3259189413478204E-04
  0.3450784045777778E+01  0.3259303981952013E-04
  0.3451164121888889E+01  0.3259418550425821E-04
  0.3451544198000000E+01  0.3259533118899630E-04
  0.3451924274111111E+01  0.3259647687373439E-04
  0.3452304350222222E+01  0.3259762255847248E-04
  0.3452684426333333E+01  0.3259876824321057E-04
  0.3453064502444445E+01  0.3259991392794866E-04
  0.3453444578555556E+01  0.3260105961268674E-04
  0.3453824654666667E+01  0.3260220529742484E-04
  0.3454204730777778E+01  0.3260335098216292E-04
  0.3454584806888889E+01  0.3260449666690101E-04
  0.3454964883000000E+01  0.3260564235163910E-04
  0.3455344959111111E+01  0.3260678803637719E-04
  0.3455725035222222E+01  0.3260793372111527E-04
  0.3456105111333333E+01  0.3260907940585337E-04
  0.3456485187444444E+01  0.3261022509059144E-04
  0.3456865263555556E+01  0.3261137077532954E-04
  0.3457245339666667E+01  0.3261251646006762E-04
  0.3457625415777778E+01  0.3261366214480572E-04
  0.3458005491888889E+01  0.3261480782954380E-04
  0.3458385568000000E+01  0.3261595351428189E-04
  0.3458765644111111E+01  0.3261709919901997E-04
  0.3459145720222222E+01  0.3261824488375807E-04
  0.3459525796333333E+01  0.3261939056849615E-04
  0.3459905872444444E+01  0.3262053625323424E-04
  0.3460285948555556E+01  0.3262168193797233E-04
  0.3460666024666667E+01  0.3262282762271042E-04
  0.3461046100777778E+01  0.3262397330744850E-04
  0.3461426176888889E+01  0.3262511899218659E-04
  0.3461806253000000E+01  0.3262626467692469E-04
  0.3462186329111111E+01  0.3262741036166277E-04
  0.3462566405222222E+01  0.3262855604640086E-04
  0.3462946481333333E+01  0.3262970173113894E-04
  0.3463326557444444E+01  0.3263084741587704E-04
  0.3463706633555556E+01  0.3263199310061512E-04
  0.3464086709666667E+01  0.3263313878535321E-04
  0.3464466785777778E+01  0.3263428447009130E-04
  0.3464846861888889E+01  0.3263543015482939E-04
  0.3465226938000000E+01  0.3263657583956747E-04
  0.3465607014111111E+01  0.3263772152430557E-04
  0.3465987090222222E+01  0.3263886720904365E-04
  0.3466367166333333E+01  0.3264001289378174E-04
  0.3466747242444444E+01  0.3264115857851983E-04
  0.3467127318555555E+01  0.3264230426325792E-04
  0.3467507394666667E+01  0.3264344994799601E-04
  0.3467887470777778E+01  0.3264459563273409E-04
  0.3468267546888889E+01  0.3264574131747218E-04
  0.3468647623000000E+01  0.3264688700221027E-04
  0.3469027699111111E+01  0.3264803268694836E-04
  0.3469407775222222E+01  0.3264917837168645E-04
  0.3469787851333333E+01  0.3265032405642454E-04
  0.3470167927444444E+01  0.3265146974116262E-04
  0.3470548003555555E+01  0.3265261542590071E-04
  0.3470928079666667E+01  0.3265376111063880E-04
  0.3471308155777778E+01  0.3265490679537689E-04
  0.3471688231888889E+01  0.3265605248011497E-04
  0.3472068308000000E+01  0.3265719816485306E-04
  0.3472448384111111E+01  0.3265834384959115E-04
  0.3472828460222222E+01  0.3265948953432924E-04
  0.3473208536333333E+01  0.3266063521906732E-04
  0.3473588612444444E+01  0.3266178090380542E-04
  0.3473968688555555E+01  0.3266292658854350E-04
  0.3474348764666667E+01  0.3266407227328159E-04
  0.3474728840777778E+01  0.3266521795801968E-04
  0.3475108916888889E+01  0.3266636364275777E-04
  0.3475488993000000E+01  0.3266750932749586E-04
  0.3475869069111111E+01  0.3266865501223395E-04
  0.3476249145222222E+01  0.3266980069697203E-04
  0.3476629221333333E+01  0.3267094638171012E-04
  0.3477009297444444E+01  0.3267209206644821E-04
  0.3477389373555555E+01  0.3267323775118630E-04
  0.3477769449666666E+01  0.3267438343592439E-04
  0.3478149525777778E+01  0.3267552912066247E-04
  0.3478529601888889E+01  0.3267667480540056E-04
  0.3478909678000000E+01  0.3267782049013865E-04
  0.3479289754111111E+01  0.3267896617487674E-04
  0.3479669830222222E+01  0.3268011185961482E-04
  0.3480049906333333E+01  0.3268125754435292E-04
  0.3480429982444444E+01  0.3268240322909100E-04
  0.3480810058555555E+01  0.3268354891382909E-04
  0.3481190134666666E+01  0.3268469459856718E-04
  0.3481570210777778E+01  0.3268584028330527E-04
  0.3481950286888889E+01  0.3268698596804335E-04
  0.3482330363000000E+01  0.3268813165278144E-04
  0.3482710439111111E+01  0.3268927733751953E-04
  0.3483090515222222E+01  0.3269042302225762E-04
  0.3483470591333333E+01  0.3269156870699571E-04
  0.3483850667444444E+01  0.3269271439173380E-04
  0.3484230743555556E+01  0.3269386007647188E-04
  0.3484610819666667E+01  0.3269500576120997E-04
  0.3484990895777778E+01  0.3269615144594806E-04
  0.3485370971888889E+01  0.3269729713068615E-04
  0.3485751048000000E+01  0.3269844281542424E-04
  0.3486131124111111E+01  0.3269958850016233E-04
  0.3486511200222222E+01  0.3270073418490041E-04
  0.3486891276333333E+01  0.3270187986963850E-04
  0.3487271352444445E+01  0.3270302555437659E-04
  0.3487651428555556E+01  0.3270417123911468E-04
  0.3488031504666667E+01  0.3270531692385277E-04
  0.3488411580777778E+01  0.3270646260859085E-04
  0.3488791656888889E+01  0.3270760829332894E-04
  0.3489171733000000E+01  0.3270875397806703E-04
  0.3489551809111111E+01  0.3270989966280512E-04
  0.3489931885222222E+01  0.3271104534754320E-04
  0.3490311961333333E+01  0.3271219103228129E-04
  0.3490692037444445E+01  0.3271333671701938E-04
  0.3491072113555556E+01  0.3271448240175747E-04
  0.3491452189666667E+01  0.3271562808649556E-04
  0.3491832265777778E+01  0.3271677377123365E-04
  0.3492212341888889E+01  0.3271791945597173E-04
  0.3492592418000000E+01  0.3271906514070982E-04
  0.3492972494111111E+01  0.3272021082544791E-04
  0.3493352570222222E+01  0.3272135651018600E-04
  0.3493732646333333E+01  0.3272250219492409E-04
  0.3494112722444444E+01  0.3272364787966218E-04
  0.3494492798555556E+01  0.3272479356440027E-04
  0.3494872874666667E+01  0.3272593924913835E-04
  0.3495252950777778E+01  0.3272708493387644E-04
  0.3495633026888889E+01  0.3272823061861453E-04
  0.3496013103000000E+01  0.3272937630335262E-04
  0.3496393179111111E+01  0.3273052198809070E-04
  0.3496773255222222E+01  0.3273166767282880E-04
  0.3497153331333333E+01  0.3273281335756688E-04
  0.3497533407444444E+01  0.3273395904230496E-04
  0.3497913483555556E+01  0.3273510472704305E-04
  0.3498293559666667E+01  0.3273625041178115E-04
  0.3498673635777778E+01  0.3273739609651923E-04
  0.3499053711888889E+01  0.3273854178125732E-04
  0.3499433788000000E+01  0.3273968746599541E-04
  0.3499813864111111E+01  0.3274083315073350E-04
  0.3500193940222222E+01  0.3274197883547159E-04
  0.3500574016333333E+01  0.3274312452020968E-04
  0.3500954092444444E+01  0.3274427020494776E-04
  0.3501334168555556E+01  0.3274541588968585E-04
  0.3501714244666667E+01  0.3274656157442394E-04
  0.3502094320777778E+01  0.3274770725916203E-04
  0.3502474396888889E+01  0.3274885294390012E-04
  0.3502854473000000E+01  0.3274999862863820E-04
  0.3503234549111111E+01  0.3275114431337629E-04
  0.3503614625222222E+01  0.3275228999811438E-04
  0.3503994701333333E+01  0.3275343568285247E-04
  0.3504374777444444E+01  0.3275458136759055E-04
  0.3504754853555555E+01  0.3275572705232865E-04
  0.3505134929666667E+01  0.3275687273706673E-04
  0.3505515005777778E+01  0.3275801842180482E-04
  0.3505895081888889E+01  0.3275916410654291E-04
  0.3506275158000000E+01  0.3276030979128100E-04
  0.3506655234111111E+01  0.3293861900594574E-04
  0.3507035310222222E+01  0.3326094412602450E-04
  0.3507415386333333E+01  0.3358326924610325E-04
  0.3507795462444444E+01  0.3390559436618201E-04
  0.3508175538555555E+01  0.3474030074174939E-04
  0.3508555614666667E+01  0.3557683701171893E-04
  0.3508935690777778E+01  0.3641337328168748E-04
  0.3509315766888889E+01  0.3669387927301661E-04
  0.3509695843000000E+01  0.3627038271484219E-04
  0.3510075919111111E+01  0.3584688615666728E-04
  0.3510455995222222E+01  0.3542338959849286E-04
  0.3510836071333333E+01  0.3544952009812882E-04
  0.3511216147444444E+01  0.3553343412879045E-04
  0.3511596223555555E+01  0.3561734815945210E-04
  0.3511976299666667E+01  0.3576675784513311E-04
  0.3512356375777778E+01  0.3604856679529863E-04
  0.3512736451888889E+01  0.3633037574546414E-04
  0.3513116528000000E+01  0.3661218469562965E-04
  0.3513496604111111E+01  0.3646164974433691E-04
  0.3513876680222222E+01  0.3618617098187583E-04
  0.3514256756333333E+01  0.3591069221941506E-04
  0.3514636832444444E+01  0.3573764666326158E-04
  0.3515016908555555E+01  0.3592642032588560E-04
  0.3515396984666666E+01  0.3611519398850961E-04
  0.3515777060777778E+01  0.3630396765113384E-04
  0.3516157136888889E+01  0.3582958043865406E-04
  0.3516537213000000E+01  0.3502184229513963E-04
  0.3516917289111111E+01  0.3421410415162520E-04
  0.3517297365222222E+01  0.3348506648326262E-04
  0.3517677441333333E+01  0.3339070806809945E-04
  0.3518057517444444E+01  0.3329634965293628E-04
  0.3518437593555555E+01  0.3320199123777311E-04
  0.3518817669666666E+01  0.3305782012974595E-04
  0.3519197745777778E+01  0.3287373524258881E-04
  0.3519577821888889E+01  0.3268965035543187E-04
  0.3520337974111111E+01  0.0000000000000000E+00
