  1000 NIRCAM_F430M        
  0.4053694316000000E+01  0.4527098724408408E+01  0.2871274855683392E+02  0.3146943190532667E+01  0.7612748556833921E+01  0.3272657655784001E-11  0.2000887742769332E+03  0.4278509079510807E+01  0.2615860647504736E-16  0.4281258240140879E+01
  0.4282940455272103E+01  0.4280697625899871E+01  0.4281818927801771E+01  0.4281123201557212E+01  0.4280571727338891E+01  0.3109203307920357E+00  0.2312461120692868E+00  0.2277215244974085E+00  0.4167177497150799E+01  0.4398423609220086E+01
  0.1139258767718211E+01  0.2277215244974085E+01  0.2661385753633369E-01  0.3881186496028555E-17  0.1603216844610890E-20  0.2539999961853027E+06  0.2327477077507107E+02  0.2642171549148264E+02  0.3088751933190499E+02
  0.4053694316000000E+01  0.0000000000000000E+00
  0.4054167720408408E+01  0.6022046014980743E-04
  0.4054641124816817E+01  0.6304526313578232E-04
  0.4055114529225225E+01  0.6576032074626824E-04
  0.4055587933633634E+01  0.6783197399853704E-04
  0.4056061338042042E+01  0.6990362725080585E-04
  0.4056534742450450E+01  0.7191406408773581E-04
  0.4057008146858858E+01  0.7377566083016760E-04
  0.4057481551267267E+01  0.7563725757259939E-04
  0.4057954955675675E+01  0.7740063119034769E-04
  0.4058428360084084E+01  0.7903753485774353E-04
  0.4058901764492492E+01  0.8067443852513936E-04
  0.4059375168900901E+01  0.8223045299350060E-04
  0.4059848573309309E+01  0.8372857605164614E-04
  0.4060321977717718E+01  0.8522669910979168E-04
  0.4060795382126126E+01  0.8683802842066493E-04
  0.4061268786534534E+01  0.8849153251990548E-04
  0.4061742190942943E+01  0.9014503661914603E-04
  0.4062215595351351E+01  0.9246677554805920E-04
  0.4062688999759759E+01  0.9488460119571975E-04
  0.4063162404168168E+01  0.9730421265261928E-04
  0.4063635808576576E+01  0.9981132800778722E-04
  0.4064109212984985E+01  0.1023184433629552E-03
  0.4064582617393393E+01  0.1047264607646480E-03
  0.4065056021801801E+01  0.1066355675692037E-03
  0.4065529426210210E+01  0.1085446743737593E-03
  0.4066002830618618E+01  0.1105010728705880E-03
  0.4066476235027027E+01  0.1125620337741015E-03
  0.4066949639435435E+01  0.1146229946776151E-03
  0.4067423043843844E+01  0.1169975676491793E-03
  0.4067896448252251E+01  0.1197445536835594E-03
  0.4068369852660660E+01  0.1224915397179448E-03
  0.4068843257069068E+01  0.1257478674077718E-03
  0.4069316661477477E+01  0.1293397334390667E-03
  0.4069790065885885E+01  0.1329315994703617E-03
  0.4070263470294294E+01  0.1368688705904451E-03
  0.4070736874702702E+01  0.1409221552689060E-03
  0.4071210279111111E+01  0.1449754399473669E-03
  0.4071683683519519E+01  0.1489945075746175E-03
  0.4072157087927928E+01  0.1530095303494227E-03
  0.4072630492336336E+01  0.1570334751960852E-03
  0.4073103896744745E+01  0.1612715478826776E-03
  0.4073577301153152E+01  0.1655096205692621E-03
  0.4074050705561561E+01  0.1699019483401866E-03
  0.4074524109969969E+01  0.1749706291060514E-03
  0.4074997514378378E+01  0.1800393098719163E-03
  0.4075470918786786E+01  0.1853629696815012E-03
  0.4075944323195195E+01  0.1912009835728055E-03
  0.4076417727603603E+01  0.1970389974641098E-03
  0.4076891132012012E+01  0.2031016846592236E-03
  0.4077364536420420E+01  0.2094105697435353E-03
  0.4077837940828829E+01  0.2157194548278470E-03
  0.4078311345237237E+01  0.2221627400375786E-03
  0.4078784749645645E+01  0.2286874051982975E-03
  0.4079258154054053E+01  0.2352120703590287E-03
  0.4079731558462462E+01  0.2421019258638875E-03
  0.4080204962870870E+01  0.2491017452773292E-03
  0.4080678367279279E+01  0.2561015646907709E-03
  0.4081151771687687E+01  0.2640871832169674E-03
  0.4081625176096096E+01  0.2721652209082077E-03
  0.4082098580504504E+01  0.2803065207459824E-03
  0.4082571984912913E+01  0.2894389186373993E-03
  0.4083045389321321E+01  0.2985713165288162E-03
  0.4083518793729730E+01  0.3078984621795688E-03
  0.4083992198138138E+01  0.3179775536784933E-03
  0.4084465602546546E+01  0.3280566451773989E-03
  0.4084939006954954E+01  0.3384167344072628E-03
  0.4085412411363363E+01  0.3492954123687114E-03
  0.4085885815771771E+01  0.3601740903301599E-03
  0.4086359220180180E+01  0.3714547231911173E-03
  0.4086832624588588E+01  0.3831419326344408E-03
  0.4087306028996997E+01  0.3948291420777645E-03
  0.4087779433405405E+01  0.4072692538653266E-03
  0.4088252837813814E+01  0.4201276447330221E-03
  0.4088726242222222E+01  0.4329860356007177E-03
  0.4089199646630631E+01  0.4473136854150083E-03
  0.4089673051039039E+01  0.4620352647798314E-03
  0.4090146455447447E+01  0.4767568441446267E-03
  0.4090619859855855E+01  0.4928645956915687E-03
  0.4091093264264264E+01  0.5090698459902531E-03
  0.4091566668672672E+01  0.5253842814333072E-03
  0.4092040073081081E+01  0.5429543345048337E-03
  0.4092513477489489E+01  0.5605243875763602E-03
  0.4092986881897898E+01  0.5784559003463557E-03
  0.4093460286306306E+01  0.5976273607421224E-03
  0.4093933690714715E+01  0.6167988211378890E-03
  0.4094407095123123E+01  0.6366615440944935E-03
  0.4094880499531532E+01  0.6576940938833593E-03
  0.4095353903939940E+01  0.6787266436722252E-03
  0.4095827308348348E+01  0.7007914167726666E-03
  0.4096300712756756E+01  0.7238199814251802E-03
  0.4096774117165165E+01  0.7468485460776936E-03
  0.4097247521573573E+01  0.7714435021801771E-03
  0.4097720925981982E+01  0.7968351567797740E-03
  0.4098194330390390E+01  0.8222268113793709E-03
  0.4098667734798799E+01  0.8500338713817363E-03
  0.4099141139207207E+01  0.8784127724213529E-03
  0.4099614543615616E+01  0.9067916734609692E-03
  0.4100087948024024E+01  0.9378257949054112E-03
  0.4100561352432432E+01  0.9689871127832753E-03
  0.4101034756840840E+01  0.1000441507882213E-02
  0.4101508161249249E+01  0.1034533573208272E-02
  0.4101981565657657E+01  0.1068625638534331E-02
  0.4102454970066066E+01  0.1103663725094290E-02
  0.4102928374474474E+01  0.1141605882133160E-02
  0.4103401778882882E+01  0.1179548039172030E-02
  0.4103875183291291E+01  0.1219248165905759E-02
  0.4104348587699699E+01  0.1261681479612364E-02
  0.4104821992108108E+01  0.1304114793318968E-02
  0.4105295396516516E+01  0.1349494933390331E-02
  0.4105768800924925E+01  0.1397414366050932E-02
  0.4106242205333333E+01  0.1445333798711533E-02
  0.4106715609741741E+01  0.1497017729396621E-02
  0.4107189014150149E+01  0.1550450022544582E-02
  0.4107662418558558E+01  0.1603882315692543E-02
  0.4108135822966966E+01  0.1662079873953046E-02
  0.4108609227375375E+01  0.1721263354998218E-02
  0.4109082631783783E+01  0.1780446836043389E-02
  0.4109556036192192E+01  0.1845827812942178E-02
  0.4110029440600600E+01  0.1911372359561105E-02
  0.4110502845009009E+01  0.1977791245995985E-02
  0.4110976249417417E+01  0.2050621896184400E-02
  0.4111449653825826E+01  0.2123452546372815E-02
  0.4111923058234234E+01  0.2198540659404161E-02
  0.4112396462642642E+01  0.2279867142899103E-02
  0.4112869867051050E+01  0.2361193626394198E-02
  0.4113343271459459E+01  0.2446790400836645E-02
  0.4113816675867867E+01  0.2538496044533765E-02
  0.4114290080276276E+01  0.2630201688230886E-02
  0.4114763484684684E+01  0.2728257545240043E-02
  0.4115236889093093E+01  0.2831361016345129E-02
  0.4115710293501501E+01  0.2934464487450216E-02
  0.4116183697909910E+01  0.3046306859055744E-02
  0.4116657102318318E+01  0.3161843716213694E-02
  0.4117130506726727E+01  0.3277380573371645E-02
  0.4117603911135135E+01  0.3405484776649763E-02
  0.4118077315543543E+01  0.3535831649450170E-02
  0.4118550719951951E+01  0.3666178522250822E-02
  0.4119024124360360E+01  0.3812508516930018E-02
  0.4119497528768768E+01  0.3958930364533374E-02
  0.4119970933177177E+01  0.4107873238402730E-02
  0.4120444337585585E+01  0.4272302536026291E-02
  0.4120917741993994E+01  0.4436731833649853E-02
  0.4121391146402402E+01  0.4607312952262931E-02
  0.4121864550810811E+01  0.4793273623349734E-02
  0.4122337955219219E+01  0.4979234294436538E-02
  0.4122811359627628E+01  0.5175429925415799E-02
  0.4123284764036036E+01  0.5385113962364053E-02
  0.4123758168444444E+01  0.5594797999311912E-02
  0.4124231572852852E+01  0.5820203200441873E-02
  0.4124704977261261E+01  0.6057126890262900E-02
  0.4125178381669669E+01  0.6294050580083928E-02
  0.4125651786078078E+01  0.6553334448145704E-02
  0.4126125190486486E+01  0.6821191161943034E-02
  0.4126598594894895E+01  0.7089047875740365E-02
  0.4127071999303303E+01  0.7387223413675106E-02
  0.4127545403711712E+01  0.7689986688794331E-02
  0.4128018808120120E+01  0.7993316372050261E-02
  0.4128492212528529E+01  0.8335727044246281E-02
  0.4128965616936936E+01  0.8678137716441662E-02
  0.4129439021345345E+01  0.9028021811290293E-02
  0.4129912425753753E+01  0.9417141597065193E-02
  0.4130385830162162E+01  0.9806261382840091E-02
  0.4130859234570570E+01  0.1021152781416421E-01
  0.4131332638978979E+01  0.1065346370104535E-01
  0.4131806043387387E+01  0.1109539958792648E-01
  0.4132279447795796E+01  0.1156455927766750E-01
  0.4132752852204204E+01  0.1206680091022240E-01
  0.4133226256612613E+01  0.1256904254277730E-01
  0.4133699661021021E+01  0.1311254398244737E-01
  0.4134173065429430E+01  0.1368388099554615E-01
  0.4134646469837837E+01  0.1425521800864386E-01
  0.4135119874246246E+01  0.1488589552312820E-01
  0.4135593278654654E+01  0.1553711388954106E-01
  0.4136066683063063E+01  0.1618833225595391E-01
  0.4136540087471471E+01  0.1692187302124566E-01
  0.4137013491879880E+01  0.1766573720941714E-01
  0.4137486896288288E+01  0.1841316681470581E-01
  0.4137960300696697E+01  0.1926102054154426E-01
  0.4138433705105105E+01  0.2010887426838272E-01
  0.4138907109513513E+01  0.2097835750222005E-01
  0.4139380513921922E+01  0.2194637555167656E-01
  0.4139853918330330E+01  0.2291439360113308E-01
  0.4140327322738738E+01  0.2392796422562878E-01
  0.4140800727147147E+01  0.2503583652702251E-01
  0.4141274131555555E+01  0.2614370882841625E-01
  0.4141747535963964E+01  0.2732605041368220E-01
  0.4142220940372372E+01  0.2859188814580619E-01
  0.4142694344780780E+01  0.2985772587793017E-01
  0.4143167749189189E+01  0.3123447475649360E-01
  0.4143641153597597E+01  0.3268002959944665E-01
  0.4144114558006006E+01  0.3412558444239970E-01
  0.4144587962414414E+01  0.3572846106080369E-01
  0.4145061366822823E+01  0.3738024267612659E-01
  0.4145534771231231E+01  0.3903202429144949E-01
  0.4146008175639639E+01  0.4089392165966897E-01
  0.4146481580048047E+01  0.4277696279446681E-01
  0.4146954984456456E+01  0.4467524033643133E-01
  0.4147428388864864E+01  0.4683894819791844E-01
  0.4147901793273273E+01  0.4900265605940554E-01
  0.4148375197681681E+01  0.5122137413349904E-01
  0.4148848602090090E+01  0.5366013363902641E-01
  0.4149322006498498E+01  0.5609889314455380E-01
  0.4149795410906907E+01  0.5865056387042051E-01
  0.4150268815315315E+01  0.6141592560046935E-01
  0.4150742219723724E+01  0.6418128733051819E-01
  0.4151215624132131E+01  0.6711876911211921E-01
  0.4151689028540540E+01  0.7023437561488728E-01
  0.4152162432948948E+01  0.7334998211765537E-01
  0.4152635837357357E+01  0.7670905239329610E-01
  0.4153109241765765E+01  0.8020677677321458E-01
  0.4153582646174174E+01  0.8370450115313305E-01
  0.4154056050582582E+01  0.8752744807076102E-01
  0.4154529454990991E+01  0.9144060207185156E-01
  0.4155002859399399E+01  0.9535375607294209E-01
  0.4155476263807808E+01  0.9967782877241375E-01
  0.4155949668216216E+01  0.1040335106025300E+00
  0.4156423072624625E+01  0.1084235532980335E+00
  0.4156896477033032E+01  0.1132417794519216E+00
  0.4157369881441441E+01  0.1180600056058186E+00
  0.4157843285849849E+01  0.1229762022194014E+00
  0.4158316690258258E+01  0.1282397491576931E+00
  0.4158790094666666E+01  0.1335032960959847E+00
  0.4159263499075075E+01  0.1389370898945065E+00
  0.4159736903483483E+01  0.1446661547308182E+00
  0.4160210307891892E+01  0.1503952195671298E+00
  0.4160683712300300E+01  0.1563539016245910E+00
  0.4161157116708709E+01  0.1625319391260836E+00
  0.4161630521117117E+01  0.1687099766275763E+00
  0.4162103925525526E+01  0.1751322918146097E+00
  0.4162577329933933E+01  0.1816820559898889E+00
  0.4163050734342342E+01  0.1882318201651804E+00
  0.4163524138750750E+01  0.1950716034913942E+00
  0.4163997543159159E+01  0.2019826018267141E+00
  0.4164470947567567E+01  0.2088936001620340E+00
  0.4164944351975976E+01  0.2160463023569380E+00
  0.4165417756384384E+01  0.2232121089325699E+00
  0.4165891160792793E+01  0.2303872373566018E+00
  0.4166364565201201E+01  0.2376519108695272E+00
  0.4166837969609610E+01  0.2449165843824527E+00
  0.4167311374018018E+01  0.2522037511508216E+00
  0.4167784778426427E+01  0.2595621465944241E+00
  0.4168258182834834E+01  0.2669205420380127E+00
  0.4168731587243243E+01  0.2742815643666585E+00
  0.4169204991651651E+01  0.2816467702380469E+00
  0.4169678396060060E+01  0.2890119761094354E+00
  0.4170151800468468E+01  0.2963311929314125E+00
  0.4170625204876877E+01  0.3036098602139254E+00
  0.4171098609285285E+01  0.3108885274964383E+00
  0.4171572013693694E+01  0.3180091359391600E+00
  0.4172045418102102E+01  0.3250543831980175E+00
  0.4172518822510511E+01  0.3320996304568749E+00
  0.4172992226918919E+01  0.3387775887633531E+00
  0.4173465631327327E+01  0.3453764775995111E+00
  0.4173939035735735E+01  0.3519753664356813E+00
  0.4174412440144144E+01  0.3582489013779676E+00
  0.4174885844552552E+01  0.3645118792314713E+00
  0.4175359248960961E+01  0.3707299435683766E+00
  0.4175832653369369E+01  0.3765999252461231E+00
  0.4176306057777778E+01  0.3824699069238696E+00
  0.4176779462186186E+01  0.3882270562492657E+00
  0.4177252866594594E+01  0.3936630674820770E+00
  0.4177726271003003E+01  0.3990990787148885E+00
  0.4178199675411411E+01  0.4043429668912418E+00
  0.4178673079819820E+01  0.4093054365627044E+00
  0.4179146484228228E+01  0.4142679062341575E+00
  0.4179619888636636E+01  0.4188821621592483E+00
  0.4180093293045045E+01  0.4232131559313344E+00
  0.4180566697453453E+01  0.4275441497034203E+00
  0.4181040101861861E+01  0.4315614147450570E+00
  0.4181513506270270E+01  0.4354423882881214E+00
  0.4181986910678678E+01  0.4393233618311859E+00
  0.4182460315087087E+01  0.4428387601081911E+00
  0.4182933719495495E+01  0.4462860000673406E+00
  0.4183407123903904E+01  0.4497332400264901E+00
  0.4183880528312312E+01  0.4527698101088924E+00
  0.4184353932720721E+01  0.4558016327756989E+00
  0.4184827337129128E+01  0.4587781544181415E+00
  0.4185300741537537E+01  0.4613981588731362E+00
  0.4185774145945945E+01  0.4640181633281310E+00
  0.4186247550354354E+01  0.4665004735085864E+00
  0.4186720954762762E+01  0.4686287131425615E+00
  0.4187194359171171E+01  0.4707569527765366E+00
  0.4187667763579579E+01  0.4727550504842550E+00
  0.4188141167987988E+01  0.4745775884563339E+00
  0.4188614572396396E+01  0.4764001264284128E+00
  0.4189087976804805E+01  0.4780596191808695E+00
  0.4189561381213213E+01  0.4795968280186093E+00
  0.4190034785621622E+01  0.4811340368563492E+00
  0.4190508190030029E+01  0.4824814645778247E+00
  0.4190981594438438E+01  0.4837540387358625E+00
  0.4191454998846846E+01  0.4850266128939005E+00
  0.4191928403255255E+01  0.4860855805765794E+00
  0.4192401807663663E+01  0.4871105974884625E+00
  0.4192875212072072E+01  0.4881353094842507E+00
  0.4193348616480480E+01  0.4891247556568700E+00
  0.4193822020888889E+01  0.4901142018294893E+00
  0.4194295425297297E+01  0.4910493334951288E+00
  0.4194768829705706E+01  0.4916867400398149E+00
  0.4195242234114114E+01  0.4923241465845010E+00
  0.4195715638522522E+01  0.4929204465159536E+00
  0.4196189042930930E+01  0.4934208312094911E+00
  0.4196662447339339E+01  0.4939212159030286E+00
  0.4197135851747747E+01  0.4943709325591955E+00
  0.4197609256156156E+01  0.4947576387698093E+00
  0.4198082660564564E+01  0.4951443449804230E+00
  0.4198556064972973E+01  0.4954793750416889E+00
  0.4199029469381381E+01  0.4957787061455207E+00
  0.4199502873789790E+01  0.4960780372493526E+00
  0.4199976278198198E+01  0.4963062954276356E+00
  0.4200449682606607E+01  0.4965092099156737E+00
  0.4200923087015015E+01  0.4967121244037119E+00
  0.4201396491423423E+01  0.4968655881567946E+00
  0.4201869895831831E+01  0.4970124904801380E+00
  0.4202343300240240E+01  0.4971620553703316E+00
  0.4202816704648648E+01  0.4974021447776136E+00
  0.4203290109057057E+01  0.4976422341848956E+00
  0.4203763513465465E+01  0.4978655219223972E+00
  0.4204236917873874E+01  0.4980092081194018E+00
  0.4204710322282282E+01  0.4981528943164064E+00
  0.4205183726690691E+01  0.4982648246777230E+00
  0.4205657131099099E+01  0.4983092740716234E+00
  0.4206130535507508E+01  0.4983537234655238E+00
  0.4206603939915916E+01  0.4983883997729325E+00
  0.4207077344324324E+01  0.4984118639851381E+00
  0.4207550748732732E+01  0.4984353281973439E+00
  0.4208024153141141E+01  0.4984569782482856E+00
  0.4208497557549549E+01  0.4984774753759520E+00
  0.4208970961957958E+01  0.4984979725036183E+00
  0.4209444366366366E+01  0.4985141171451870E+00
  0.4209917770774775E+01  0.4985288657159322E+00
  0.4210391175183183E+01  0.4985436142866774E+00
  0.4210864579591592E+01  0.4985512781433575E+00
  0.4211337984000000E+01  0.4985581797214106E+00
  0.4211811388408409E+01  0.4985651836472405E+00
  0.4212284792816817E+01  0.4985741923414171E+00
  0.4212758197225225E+01  0.4985832010355938E+00
  0.4213231601633633E+01  0.4985943208445263E+00
  0.4213705006042042E+01  0.4986141955799853E+00
  0.4214178410450450E+01  0.4986340703154444E+00
  0.4214651814858859E+01  0.4986532334438181E+00
  0.4215125219267267E+01  0.4986710152219421E+00
  0.4215598623675676E+01  0.4986887970000663E+00
  0.4216072028084084E+01  0.4987070333987385E+00
  0.4216545432492492E+01  0.4987257511611581E+00
  0.4217018836900901E+01  0.4987444689235778E+00
  0.4217492241309309E+01  0.4987697733115670E+00
  0.4217965645717717E+01  0.4987989223730747E+00
  0.4218439050126126E+01  0.4988280714345824E+00
  0.4218912454534534E+01  0.4988672893090201E+00
  0.4219385858942942E+01  0.4989093945749055E+00
  0.4219859263351351E+01  0.4989514998407909E+00
  0.4220332667759759E+01  0.4989827590300980E+00
  0.4220806072168168E+01  0.4990131115846529E+00
  0.4221279476576576E+01  0.4990437178986152E+00
  0.4221752880984985E+01  0.4990777710473552E+00
  0.4222226285393393E+01  0.4991118241960951E+00
  0.4222699689801802E+01  0.4991475183443068E+00
  0.4223173094210210E+01  0.4991892294905811E+00
  0.4223646498618618E+01  0.4992309406368554E+00
  0.4224119903027026E+01  0.4992740169310474E+00
  0.4224593307435435E+01  0.4993195201450810E+00
  0.4225066711843843E+01  0.4993650233591146E+00
  0.4225540116252252E+01  0.4994037034335086E+00
  0.4226013520660660E+01  0.4994357145567464E+00
  0.4226486925069069E+01  0.4994677256799842E+00
  0.4226960329477477E+01  0.4995028096087062E+00
  0.4227433733885886E+01  0.4995395377530118E+00
  0.4227907138294294E+01  0.4995762658973175E+00
  0.4228380542702703E+01  0.4996134443887664E+00
  0.4228853947111111E+01  0.4996507374850448E+00
  0.4229327351519519E+01  0.4996880305813232E+00
  0.4229800755927927E+01  0.4997209035444391E+00
  0.4230274160336336E+01  0.4997535086227973E+00
  0.4230747564744744E+01  0.4997848110415812E+00
  0.4231220969153153E+01  0.4998027088976156E+00
  0.4231694373561561E+01  0.4998206067536498E+00
  0.4232167777969970E+01  0.4998395725770191E+00
  0.4232641182378378E+01  0.4998620288269265E+00
  0.4233114586786787E+01  0.4998844850768340E+00
  0.4233587991195195E+01  0.4999044228817675E+00
  0.4234061395603604E+01  0.4999202516640586E+00
  0.4234534800012012E+01  0.4999360804463497E+00
  0.4235008204420420E+01  0.4999462413941336E+00
  0.4235481608828828E+01  0.4999512889677489E+00
  0.4235955013237237E+01  0.4999563365413643E+00
  0.4236428417645645E+01  0.4999535749173791E+00
  0.4236901822054054E+01  0.4999469917858004E+00
  0.4237375226462462E+01  0.4999404086542216E+00
  0.4237848630870871E+01  0.4999407587709747E+00
  0.4238322035279279E+01  0.4999426603873672E+00
  0.4238795439687688E+01  0.4999445620037599E+00
  0.4239268844096096E+01  0.4999366915471046E+00
  0.4239742248504505E+01  0.4999284441324416E+00
  0.4240215652912912E+01  0.4999188583380362E+00
  0.4240689057321321E+01  0.4998982836743804E+00
  0.4241162461729729E+01  0.4998777090107246E+00
  0.4241635866138138E+01  0.4998994978445714E+00
  0.4242109270546546E+01  0.5000455209833731E+00
  0.4242582674954955E+01  0.5001915441221747E+00
  0.4243056079363363E+01  0.5002797720160224E+00
  0.4243529483771772E+01  0.5002813075002533E+00
  0.4244002888180180E+01  0.5002828429844844E+00
  0.4244476292588589E+01  0.5002566555147777E+00
  0.4244949696996997E+01  0.5002073897823812E+00
  0.4245423101405406E+01  0.5001581240499847E+00
  0.4245896505813813E+01  0.5000977518287464E+00
  0.4246369910222222E+01  0.5000324230162080E+00
  0.4246843314630630E+01  0.4999670942036696E+00
  0.4247316719039039E+01  0.5000536743587702E+00
  0.4247790123447447E+01  0.5001698068070050E+00
  0.4248263527855856E+01  0.5002859392552397E+00
  0.4248736932264264E+01  0.5002062214149645E+00
  0.4249210336672673E+01  0.5001230877354599E+00
  0.4249683741081081E+01  0.5000351653663845E+00
  0.4250157145489490E+01  0.4999147862011667E+00
  0.4250630549897898E+01  0.4997944070359489E+00
  0.4251103954306306E+01  0.4996696072349401E+00
  0.4251577358714714E+01  0.4995331111981900E+00
  0.4252050763123123E+01  0.4993966151614395E+00
  0.4252524167531531E+01  0.4992544060018149E+00
  0.4252997571939940E+01  0.4991043072696620E+00
  0.4253470976348348E+01  0.4989542085375090E+00
  0.4253944380756757E+01  0.4987949522122498E+00
  0.4254417785165165E+01  0.4986286658227683E+00
  0.4254891189573573E+01  0.4984623794332868E+00
  0.4255364593981982E+01  0.4982662841826181E+00
  0.4255837998390390E+01  0.4980580978571205E+00
  0.4256311402798799E+01  0.4978499115316229E+00
  0.4256784807207207E+01  0.4976169733601027E+00
  0.4257258211615615E+01  0.4973799098809126E+00
  0.4257731616024024E+01  0.4971427664212497E+00
  0.4258205020432432E+01  0.4968777188800631E+00
  0.4258678424840840E+01  0.4966126713388767E+00
  0.4259151829249249E+01  0.4963267044476709E+00
  0.4259625233657657E+01  0.4959208533488159E+00
  0.4260098638066066E+01  0.4955150022499608E+00
  0.4260572042474474E+01  0.4950281676588630E+00
  0.4261045446882883E+01  0.4943471305679654E+00
  0.4261518851291291E+01  0.4936660934770678E+00
  0.4261992255699700E+01  0.4929574422001654E+00
  0.4262465660108107E+01  0.4922136455233106E+00
  0.4262939064516516E+01  0.4914698488464546E+00
  0.4263412468924924E+01  0.4906889663770112E+00
  0.4263885873333333E+01  0.4898818525389690E+00
  0.4264359277741741E+01  0.4890747387009268E+00
  0.4264832682150150E+01  0.4882072271627568E+00
  0.4265306086558558E+01  0.4873175384966953E+00
  0.4265779490966967E+01  0.4864278498306339E+00
  0.4266252895375375E+01  0.4854509527774477E+00
  0.4266726299783784E+01  0.4844618408878905E+00
  0.4267199704192192E+01  0.4834693099931977E+00
  0.4267673108600601E+01  0.4823306238169250E+00
  0.4268146513009008E+01  0.4811919376406545E+00
  0.4268619917417417E+01  0.4800283414322855E+00
  0.4269093321825825E+01  0.4787418838051019E+00
  0.4269566726234234E+01  0.4774554261779183E+00
  0.4270040130642642E+01  0.4760871122132737E+00
  0.4270513535051051E+01  0.4745402033034698E+00
  0.4270986939459459E+01  0.4729932943936660E+00
  0.4271460343867868E+01  0.4714124461688245E+00
  0.4271933748276276E+01  0.4697917560851637E+00
  0.4272407152684685E+01  0.4681710660015029E+00
  0.4272880557093093E+01  0.4666066217927874E+00
  0.4273353961501502E+01  0.4650787903742590E+00
  0.4273827365909909E+01  0.4635509589557335E+00
  0.4274300770318318E+01  0.4623689307681392E+00
  0.4274774174726726E+01  0.4613012941256284E+00
  0.4275247579135135E+01  0.4602336574831176E+00
  0.4275720983543543E+01  0.4596968497814256E+00
  0.4276194387951952E+01  0.4592209012258397E+00
  0.4276667792360360E+01  0.4587718143739791E+00
  0.4277141196768769E+01  0.4589226203703050E+00
  0.4277614601177177E+01  0.4590734263666309E+00
  0.4278088005585586E+01  0.4593462663128027E+00
  0.4278561409993994E+01  0.4601442217531856E+00
  0.4279034814402403E+01  0.4609421771935686E+00
  0.4279508218810810E+01  0.4620088732648792E+00
  0.4279981623219219E+01  0.4636107512311805E+00
  0.4280455027627627E+01  0.4652126291974816E+00
  0.4280928432036036E+01  0.4669711187336127E+00
  0.4281401836444444E+01  0.4688992709185947E+00
  0.4281875240852853E+01  0.4708274231035767E+00
  0.4282348645261261E+01  0.4725303389930932E+00
  0.4282822049669670E+01  0.4740985249333015E+00
  0.4283295454078078E+01  0.4756667108735098E+00
  0.4283768858486487E+01  0.4769192845454024E+00
  0.4284242262894895E+01  0.4780783432470690E+00
  0.4284715667303303E+01  0.4792374019487334E+00
  0.4285189071711711E+01  0.4800469903691236E+00
  0.4285662476120120E+01  0.4808250069186550E+00
  0.4286135880528528E+01  0.4815968853963325E+00
  0.4286609284936937E+01  0.4822772530341942E+00
  0.4287082689345345E+01  0.4829576206720559E+00
  0.4287556093753754E+01  0.4836277923687735E+00
  0.4288029498162162E+01  0.4842592754167251E+00
  0.4288502902570571E+01  0.4848907584646767E+00
  0.4288976306978979E+01  0.4854865383269339E+00
  0.4289449711387388E+01  0.4860172465904500E+00
  0.4289923115795796E+01  0.4865479548539660E+00
  0.4290396520204204E+01  0.4867383237039799E+00
  0.4290869924612612E+01  0.4865883531404910E+00
  0.4291343329021021E+01  0.4864383825770022E+00
  0.4291816733429429E+01  0.4862909296914363E+00
  0.4292290137837838E+01  0.4861448581810653E+00
  0.4292763542246246E+01  0.4859987866706944E+00
  0.4293236946654654E+01  0.4860405509767279E+00
  0.4293710351063063E+01  0.4861318172165301E+00
  0.4294183755471471E+01  0.4862230834563321E+00
  0.4294657159879880E+01  0.4862504463895427E+00
  0.4295130564288288E+01  0.4862735231745444E+00
  0.4295603968696697E+01  0.4862834930790427E+00
  0.4296077373105105E+01  0.4861483824073326E+00
  0.4296550777513513E+01  0.4860132717356221E+00
  0.4297024181921921E+01  0.4858802611468049E+00
  0.4297497586330330E+01  0.4857543383207707E+00
  0.4297970990738738E+01  0.4856284154947365E+00
  0.4298444395147147E+01  0.4855064304592438E+00
  0.4298917799555555E+01  0.4853910284096331E+00
  0.4299391203963964E+01  0.4852756263600225E+00
  0.4299864608372372E+01  0.4851542546996190E+00
  0.4300338012780781E+01  0.4850273726329837E+00
  0.4300811417189189E+01  0.4849004905663483E+00
  0.4301284821597598E+01  0.4847663150363610E+00
  0.4301758226006005E+01  0.4846284771415661E+00
  0.4302231630414414E+01  0.4844906392467710E+00
  0.4302705034822822E+01  0.4843664069919017E+00
  0.4303178439231231E+01  0.4842453366128459E+00
  0.4303651843639639E+01  0.4841242662337899E+00
  0.4304125248048048E+01  0.4840161897357451E+00
  0.4304598652456456E+01  0.4839086950412837E+00
  0.4305072056864865E+01  0.4838022979112709E+00
  0.4305545461273273E+01  0.4837054740173461E+00
  0.4306018865681682E+01  0.4836086501234212E+00
  0.4306492270090090E+01  0.4835126783299021E+00
  0.4306965674498498E+01  0.4834192824179582E+00
  0.4307439078906906E+01  0.4833258865060142E+00
  0.4307912483315315E+01  0.4832428746203082E+00
  0.4308385887723723E+01  0.4831758149052062E+00
  0.4308859292132132E+01  0.4831087551901043E+00
  0.4309332696540540E+01  0.4830498314762871E+00
  0.4309806100948949E+01  0.4829978384208011E+00
  0.4310279505357357E+01  0.4829458453653152E+00
  0.4310752909765766E+01  0.4829000187225967E+00
  0.4311226314174174E+01  0.4828570183357757E+00
  0.4311699718582583E+01  0.4828140179489544E+00
  0.4312173122990991E+01  0.4827736185867632E+00
  0.4312646527399399E+01  0.4827337465797631E+00
  0.4313119931807807E+01  0.4826938745727630E+00
  0.4313593336216216E+01  0.4826784876027056E+00
  0.4314066740624624E+01  0.4826636733560491E+00
  0.4314540145033033E+01  0.4826500800951716E+00
  0.4315013549441441E+01  0.4826452041185259E+00
  0.4315486953849850E+01  0.4826403281418801E+00
  0.4315960358258258E+01  0.4826370387037268E+00
  0.4316433762666667E+01  0.4826380700345287E+00
  0.4316907167075075E+01  0.4826391013653307E+00
  0.4317380571483484E+01  0.4826406462388408E+00
  0.4317853975891891E+01  0.4826429171567539E+00
  0.4318327380300300E+01  0.4826451880746671E+00
  0.4318800784708708E+01  0.4826600527726190E+00
  0.4319274189117117E+01  0.4826848125630995E+00
  0.4319747593525525E+01  0.4827095723535798E+00
  0.4320220997933934E+01  0.4827412544923947E+00
  0.4320694402342342E+01  0.4827758232585257E+00
  0.4321167806750751E+01  0.4828103920246568E+00
  0.4321641211159159E+01  0.4828467488063061E+00
  0.4322114615567568E+01  0.4828834175900381E+00
  0.4322588019975976E+01  0.4829200863737700E+00
  0.4323061424384385E+01  0.4829558559297003E+00
  0.4323534828792793E+01  0.4829916229101164E+00
  0.4324008233201201E+01  0.4830293870622878E+00
  0.4324481637609609E+01  0.4830791342449912E+00
  0.4324955042018018E+01  0.4831288814276946E+00
  0.4325428446426426E+01  0.4831769382061797E+00
  0.4325901850834835E+01  0.4832208275713504E+00
  0.4326375255243243E+01  0.4832647169365211E+00
  0.4326848659651652E+01  0.4833052247427983E+00
  0.4327322064060060E+01  0.4833413276191298E+00
  0.4327795468468469E+01  0.4833774304954616E+00
  0.4328268872876877E+01  0.4834085493761259E+00
  0.4328742277285285E+01  0.4834360591664943E+00
  0.4329215681693693E+01  0.4834635689568628E+00
  0.4329689086102102E+01  0.4834934349885106E+00
  0.4330162490510510E+01  0.4835241915703117E+00
  0.4330635894918919E+01  0.4835549481521128E+00
  0.4331109299327327E+01  0.4835732541841230E+00
  0.4331582703735736E+01  0.4835897232566974E+00
  0.4332056108144144E+01  0.4836059330685056E+00
  0.4332529512552552E+01  0.4836072797889567E+00
  0.4333002916960961E+01  0.4836086265094078E+00
  0.4333476321369369E+01  0.4836074402781950E+00
  0.4333949725777778E+01  0.4835932338028129E+00
  0.4334423130186186E+01  0.4835790273274309E+00
  0.4334896534594594E+01  0.4835615083240982E+00
  0.4335369939003002E+01  0.4835365668426452E+00
  0.4335843343411411E+01  0.4835116253611923E+00
  0.4336316747819819E+01  0.4834758568940788E+00
  0.4336790152228228E+01  0.4834270824208899E+00
  0.4337263556636636E+01  0.4833783079477009E+00
  0.4337736961045045E+01  0.4833147070458532E+00
  0.4338210365453453E+01  0.4832412218930313E+00
  0.4338683769861862E+01  0.4831677367402095E+00
  0.4339157174270270E+01  0.4830765597490061E+00
  0.4339630578678679E+01  0.4829793498979469E+00
  0.4340103983087086E+01  0.4828821400468878E+00
  0.4340577387495495E+01  0.4827647588028177E+00
  0.4341050791903903E+01  0.4826449208015355E+00
  0.4341524196312312E+01  0.4825239792555088E+00
  0.4341997600720720E+01  0.4823744316507069E+00
  0.4342471005129129E+01  0.4822248840459050E+00
  0.4342944409537537E+01  0.4820698928946192E+00
  0.4343417813945946E+01  0.4818905759500072E+00
  0.4343891218354354E+01  0.4817112590053950E+00
  0.4344364622762763E+01  0.4815575234191860E+00
  0.4344838027171171E+01  0.4814560624824395E+00
  0.4345311431579580E+01  0.4813546015456930E+00
  0.4345784835987988E+01  0.4812310801475790E+00
  0.4346258240396396E+01  0.4810831061981638E+00
  0.4346731644804804E+01  0.4809351322487483E+00
  0.4347205049213213E+01  0.4807192018477637E+00
  0.4347678453621621E+01  0.4804616208976462E+00
  0.4348151858030030E+01  0.4802040399475286E+00
  0.4348625262438438E+01  0.4799226650549691E+00
  0.4349098666846847E+01  0.4796340099194314E+00
  0.4349572071255255E+01  0.4793453547838936E+00
  0.4350045475663664E+01  0.4790387557542028E+00
  0.4350518880072072E+01  0.4787304129769296E+00
  0.4350992284480481E+01  0.4784319023240962E+00
  0.4351465688888888E+01  0.4782956229966257E+00
  0.4351939093297297E+01  0.4781593436691549E+00
  0.4352412497705705E+01  0.4779803044891232E+00
  0.4352885902114114E+01  0.4776332376828532E+00
  0.4353359306522522E+01  0.4772861708765832E+00
  0.4353832710930931E+01  0.4769321195822852E+00
  0.4354306115339339E+01  0.4765650153929316E+00
  0.4354779519747748E+01  0.4761979112035779E+00
  0.4355252924156156E+01  0.4758287310200342E+00
  0.4355726328564565E+01  0.4754574268445886E+00
  0.4356199732972973E+01  0.4750861226691430E+00
  0.4356673137381382E+01  0.4747098026242910E+00
  0.4357146541789789E+01  0.4743306611673844E+00
  0.4357619946198198E+01  0.4739515197104771E+00
  0.4358093350606606E+01  0.4735644953445164E+00
  0.4358566755015015E+01  0.4731753210942685E+00
  0.4359040159423423E+01  0.4727861468440206E+00
  0.4359513563831832E+01  0.4723868204719635E+00
  0.4359986968240240E+01  0.4719867467153119E+00
  0.4360460372648649E+01  0.4715872138446241E+00
  0.4360933777057057E+01  0.4711941515957265E+00
  0.4361407181465466E+01  0.4708010893468289E+00
  0.4361880585873874E+01  0.4704057723143876E+00
  0.4362353990282282E+01  0.4700025924777134E+00
  0.4362827394690690E+01  0.4695994126410383E+00
  0.4363300799099099E+01  0.4691912049885559E+00
  0.4363774203507507E+01  0.4687743838505810E+00
  0.4364247607915916E+01  0.4683575627126061E+00
  0.4364721012324324E+01  0.4679302096420096E+00
  0.4365194416732733E+01  0.4674929097629821E+00
  0.4365667821141141E+01  0.4670556098839547E+00
  0.4366141225549550E+01  0.4666018805043831E+00
  0.4366614629957958E+01  0.4661396874937030E+00
  0.4367088034366367E+01  0.4656774944830229E+00
  0.4367561438774775E+01  0.4651804643476926E+00
  0.4368034843183183E+01  0.4646750337800258E+00
  0.4368508247591591E+01  0.4641696032123600E+00
  0.4368981652000000E+01  0.4636140216478382E+00
  0.4369455056408408E+01  0.4630558798830706E+00
  0.4369928460816817E+01  0.4624895401819109E+00
  0.4370401865225225E+01  0.4618470078220557E+00
  0.4370875269633633E+01  0.4612044754622006E+00
  0.4371348674042042E+01  0.4605344759511398E+00
  0.4371822078450450E+01  0.4597788439504029E+00
  0.4372295482858859E+01  0.4590232119496660E+00
  0.4372768887267267E+01  0.4582191726914695E+00
  0.4373242291675676E+01  0.4573389630815604E+00
  0.4373715696084084E+01  0.4564587534716530E+00
  0.4374189100492492E+01  0.4555021897411075E+00
  0.4374662504900900E+01  0.4544790715074596E+00
  0.4375135909309309E+01  0.4534559532738118E+00
  0.4375609313717717E+01  0.4522646429113715E+00
  0.4376082718126126E+01  0.4509941838650580E+00
  0.4376556122534534E+01  0.4497237248187446E+00
  0.4377029526942943E+01  0.4482460364582396E+00
  0.4377502931351351E+01  0.4467246077569800E+00
  0.4377976335759760E+01  0.4452031790557204E+00
  0.4378449740168168E+01  0.4434418755100675E+00
  0.4378923144576577E+01  0.4416735171440999E+00
  0.4379396548984984E+01  0.4398741610274773E+00
  0.4379869953393393E+01  0.4378411879077287E+00
  0.4380343357801801E+01  0.4358082147879803E+00
  0.4380816762210210E+01  0.4336451177854811E+00
  0.4381290166618618E+01  0.4311171100647895E+00
  0.4381763571027027E+01  0.4285891023440979E+00
  0.4382236975435435E+01  0.4259205730086435E+00
  0.4382710379843844E+01  0.4230486311235523E+00
  0.4383183784252252E+01  0.4201766892384610E+00
  0.4383657188660661E+01  0.4171108470495077E+00
  0.4384130593069069E+01  0.4138890855085155E+00
  0.4384603997477477E+01  0.4106673239675294E+00
  0.4385077401885885E+01  0.4071366569157989E+00
  0.4385550806294294E+01  0.4034736028533725E+00
  0.4386024210702702E+01  0.3998105487909461E+00
  0.4386497615111111E+01  0.3956592773306290E+00
  0.4386971019519519E+01  0.3914189395289134E+00
  0.4387444423927928E+01  0.3871786017271976E+00
  0.4387917828336336E+01  0.3825691158603371E+00
  0.4388391232744745E+01  0.3779564390510977E+00
  0.4388864637153153E+01  0.3732959504881646E+00
  0.4389338041561562E+01  0.3683346469526128E+00
  0.4389811445969970E+01  0.3633733434170610E+00
  0.4390284850378379E+01  0.3582583873511995E+00
  0.4390758254786786E+01  0.3527538700711556E+00
  0.4391231659195195E+01  0.3472493527911014E+00
  0.4391705063603603E+01  0.3415626081939215E+00
  0.4392178468012012E+01  0.3356328938405727E+00
  0.4392651872420420E+01  0.3297031794872240E+00
  0.4393125276828829E+01  0.3236333230023894E+00
  0.4393598681237237E+01  0.3174595804568177E+00
  0.4394072085645646E+01  0.3112858379112459E+00
  0.4394545490054054E+01  0.3049785157464768E+00
  0.4395018894462463E+01  0.2986192458867033E+00
  0.4395492298870871E+01  0.2922599760269298E+00
  0.4395965703279279E+01  0.2855190766253039E+00
  0.4396439107687687E+01  0.2787189809062556E+00
  0.4396912512096096E+01  0.2719185701857064E+00
  0.4397385916504504E+01  0.2650909157065536E+00
  0.4397859320912913E+01  0.2582632612274008E+00
  0.4398332725321321E+01  0.2514437681048639E+00
  0.4398806129729730E+01  0.2446680493918216E+00
  0.4399279534138138E+01  0.2378923306787793E+00
  0.4399752938546547E+01  0.2311263728249967E+00
  0.4400226342954955E+01  0.2243828832203610E+00
  0.4400699747363364E+01  0.2176393936157254E+00
  0.4401173151771772E+01  0.2109182114538971E+00
  0.4401646556180180E+01  0.2042244517985813E+00
  0.4402119960588588E+01  0.1975306921432529E+00
  0.4402593364996997E+01  0.1910116463908605E+00
  0.4403066769405405E+01  0.1846118759326650E+00
  0.4403540173813814E+01  0.1782121054744696E+00
  0.4404013578222222E+01  0.1720613669507486E+00
  0.4404486982630631E+01  0.1659981261721604E+00
  0.4404960387039039E+01  0.1599348853935723E+00
  0.4405433791447448E+01  0.1541606726244263E+00
  0.4405907195855856E+01  0.1484237534806813E+00
  0.4406380600264264E+01  0.1426976747827110E+00
  0.4406854004672672E+01  0.1373056826228950E+00
  0.4407327409081081E+01  0.1319136904630689E+00
  0.4407800813489489E+01  0.1266014540451217E+00
  0.4408274217897898E+01  0.1216596944087597E+00
  0.4408747622306306E+01  0.1167179347723976E+00
  0.4409221026714714E+01  0.1119167322998818E+00
  0.4409694431123123E+01  0.1074103246599978E+00
  0.4410167835531531E+01  0.1029039170201138E+00
  0.4410641239939940E+01  0.9858644367218669E-01
  0.4411114644348348E+01  0.9448324916942438E-01
  0.4411588048756757E+01  0.9038005466666207E-01
  0.4412061453165165E+01  0.8654576009794587E-01
  0.4412534857573574E+01  0.8288030877069627E-01
  0.4413008261981981E+01  0.7921485744345355E-01
  0.4413481666390390E+01  0.7586868813057276E-01
  0.4413955070798798E+01  0.7262334467026091E-01
  0.4414428475207207E+01  0.6937800120994904E-01
  0.4414901879615615E+01  0.6643860922685721E-01
  0.4415375284024024E+01  0.6353106670392583E-01
  0.4415848688432432E+01  0.6064098299013157E-01
  0.4416322092840841E+01  0.5807291842701616E-01
  0.4416795497249249E+01  0.5550485386390076E-01
  0.4417268901657658E+01  0.5299750650259956E-01
  0.4417742306066066E+01  0.5073742655778487E-01
  0.4418215710474474E+01  0.4847734661297441E-01
  0.4418689114882882E+01  0.4631109925431388E-01
  0.4419162519291291E+01  0.4432469633687321E-01
  0.4419635923699699E+01  0.4233829341943254E-01
  0.4420109328108108E+01  0.4047400933521055E-01
  0.4420582732516516E+01  0.3873755698663442E-01
  0.4421056136924925E+01  0.3700110463805829E-01
  0.4421529541333333E+01  0.3540145906119183E-01
  0.4422002945741742E+01  0.3388069257596735E-01
  0.4422476350150150E+01  0.3235992609074288E-01
  0.4422949754558559E+01  0.3098645880043797E-01
  0.4423423158966967E+01  0.2965453737553436E-01
  0.4423896563375375E+01  0.2832261595063327E-01
  0.4424369967783783E+01  0.2714654954205856E-01
  0.4424843372192192E+01  0.2598298980237021E-01
  0.4425316776600600E+01  0.2483007719862468E-01
  0.4425790181009009E+01  0.2381557736213640E-01
  0.4426263585417417E+01  0.2280107752564811E-01
  0.4426736989825826E+01  0.2181393724449234E-01
  0.4427210394234234E+01  0.2092543482088580E-01
  0.4427683798642643E+01  0.2003693239727927E-01
  0.4428157203051051E+01  0.1918812080264073E-01
  0.4428630607459460E+01  0.1840900262976862E-01
  0.4429104011867867E+01  0.1762988445689798E-01
  0.4429577416276276E+01  0.1690159044391995E-01
  0.4430050820684684E+01  0.1622240728408123E-01
  0.4430524225093093E+01  0.1554322412424252E-01
  0.4430997629501501E+01  0.1491829552866467E-01
  0.4431471033909910E+01  0.1432203398847104E-01
  0.4431944438318318E+01  0.1372577244827742E-01
  0.4432417842726727E+01  0.1318693925761921E-01
  0.4432891247135135E+01  0.1266246311643567E-01
  0.4433364651543544E+01  0.1213798697525214E-01
  0.4433838055951952E+01  0.1167332035232860E-01
  0.4434311460360361E+01  0.1121208681376316E-01
  0.4434784864768769E+01  0.1075594334047566E-01
  0.4435258269177177E+01  0.1035038228798793E-01
  0.4435731673585585E+01  0.9944821235499437E-02
  0.4436205077993994E+01  0.9550573626149675E-02
  0.4436678482402402E+01  0.9192719643030129E-02
  0.4437151886810811E+01  0.8834865659910584E-02
  0.4437625291219219E+01  0.8493095296395442E-02
  0.4438098695627628E+01  0.8177250776737857E-02
  0.4438572100036036E+01  0.7861406257080273E-02
  0.4439045504444445E+01  0.7565354227961679E-02
  0.4439518908852853E+01  0.7286954900817374E-02
  0.4439992313261262E+01  0.7008555573673070E-02
  0.4440465717669669E+01  0.6751201428684718E-02
  0.4440939122078078E+01  0.6504013094639373E-02
  0.4441412526486486E+01  0.6256824760594029E-02
  0.4441885930894895E+01  0.6032192372407420E-02
  0.4442359335303303E+01  0.5812511269568613E-02
  0.4442832739711712E+01  0.5592830166729806E-02
  0.4443306144120120E+01  0.5397446909079995E-02
  0.4443779548528529E+01  0.5202926257196455E-02
  0.4444252952936937E+01  0.5010788450772605E-02
  0.4444726357345345E+01  0.4837652244562984E-02
  0.4445199761753754E+01  0.4664516038353363E-02
  0.4445673166162162E+01  0.4496235797136495E-02
  0.4446146570570570E+01  0.4341983806154963E-02
  0.4446619974978979E+01  0.4187731815173143E-02
  0.4447093379387387E+01  0.4040367669366411E-02
  0.4447566783795796E+01  0.3903213162821876E-02
  0.4448040188204204E+01  0.3766058656277342E-02
  0.4448513592612612E+01  0.3637338518604678E-02
  0.4448986997021021E+01  0.3515559135231431E-02
  0.4449460401429429E+01  0.3393779751858185E-02
  0.4449933805837838E+01  0.3280259956104793E-02
  0.4450407210246246E+01  0.3170377101005543E-02
  0.4450880614654655E+01  0.3060494245906294E-02
  0.4451354019063062E+01  0.2959628583859327E-02
  0.4451827423471471E+01  0.2860480472675394E-02
  0.4452300827879879E+01  0.2761332361491462E-02
  0.4452774232288288E+01  0.2672634026257824E-02
  0.4453247636696696E+01  0.2584087118877992E-02
  0.4453721041105105E+01  0.2496768989538014E-02
  0.4454194445513513E+01  0.2417571444223821E-02
  0.4454667849921922E+01  0.2338373898909628E-02
  0.4455141254330330E+01  0.2261330141513633E-02
  0.4455614658738739E+01  0.2189903955626068E-02
  0.4456088063147147E+01  0.2118477769738504E-02
  0.4456561467555556E+01  0.2049877307404273E-02
  0.4457034871963964E+01  0.1985133571859983E-02
  0.4457508276372372E+01  0.1920389836315813E-02
  0.4457981680780780E+01  0.1859465891870766E-02
  0.4458455085189189E+01  0.1801440367900584E-02
  0.4458928489597597E+01  0.1743414843930402E-02
  0.4459401894006006E+01  0.1689559220879117E-02
  0.4459875298414414E+01  0.1637371558195384E-02
  0.4460348702822823E+01  0.1585183895511651E-02
  0.4460822107231231E+01  0.1537491978979051E-02
  0.4461295511639640E+01  0.1490531922449274E-02
  0.4461768916048048E+01  0.1443596989857806E-02
  0.4462242320456457E+01  0.1401033817576462E-02
  0.4462715724864864E+01  0.1358470645295198E-02
  0.4463189129273273E+01  0.1316517945752926E-02
  0.4463662533681681E+01  0.1277986179224579E-02
  0.4464135938090090E+01  0.1239454412696233E-02
  0.4464609342498498E+01  0.1201988311983699E-02
  0.4465082746906907E+01  0.1167042901420821E-02
  0.4465556151315315E+01  0.1132097490857942E-02
  0.4466029555723724E+01  0.1098619895216914E-02
  0.4466502960132132E+01  0.1066988902283462E-02
  0.4466976364540541E+01  0.1035357909350009E-02
  0.4467449768948949E+01  0.1005273320998736E-02
  0.4467923173357358E+01  0.9762697084563953E-03
  0.4468396577765765E+01  0.9472660959141098E-03
  0.4468869982174174E+01  0.9201145855558976E-03
  0.4469343386582582E+01  0.8936332905826673E-03
  0.4469816790990991E+01  0.8671519956094373E-03
  0.4470290195399399E+01  0.8427965498221371E-03
  0.4470763599807808E+01  0.8187309895448410E-03
  0.4471237004216216E+01  0.7947205805000269E-03
  0.4471710408624625E+01  0.7727997974224343E-03
  0.4472183813033033E+01  0.7508790143448418E-03
  0.4472657217441442E+01  0.7292807088511709E-03
  0.4473130621849850E+01  0.7092410357414291E-03
  0.4473604026258259E+01  0.6892013626316872E-03
  0.4474077430666666E+01  0.6697056509897970E-03
  0.4474550835075075E+01  0.6513811621012143E-03
  0.4475024239483483E+01  0.6330566732126315E-03
  0.4475497643891892E+01  0.6156195695301459E-03
  0.4475971048300300E+01  0.5992122684517743E-03
  0.4476444452708709E+01  0.5828049673734027E-03
  0.4476917857117117E+01  0.5670636840989887E-03
  0.4477391261525526E+01  0.5517507757381033E-03
  0.4477864665933934E+01  0.5364378673772176E-03
  0.4478338070342343E+01  0.5219458603860559E-03
  0.4478811474750751E+01  0.5077212677473844E-03
  0.4479284879159160E+01  0.4934966751087131E-03
  0.4479758283567567E+01  0.4804080987310432E-03
  0.4480231687975976E+01  0.4674457446048109E-03
  0.4480705092384384E+01  0.4545435325372604E-03
  0.4481178496792793E+01  0.4428967835130596E-03
  0.4481651901201201E+01  0.4312500344888586E-03
  0.4482125305609610E+01  0.4197681619022607E-03
  0.4482598710018018E+01  0.4089827031393984E-03
  0.4483072114426427E+01  0.3981972443765359E-03
  0.4483545518834835E+01  0.3876484630350587E-03
  0.4484018923243243E+01  0.3775650139247899E-03
  0.4484492327651652E+01  0.3674815648145210E-03
  0.4484965732060060E+01  0.3578698090870129E-03
  0.4485439136468468E+01  0.3487632382250110E-03
  0.4485912540876877E+01  0.3396566673630091E-03
  0.4486385945285285E+01  0.3311959830854943E-03
  0.4486859349693693E+01  0.3231169562999412E-03
  0.4487332754102102E+01  0.3150379295143881E-03
  0.4487806158510510E+01  0.3077172866628588E-03
  0.4488279562918919E+01  0.3006177218814177E-03
  0.4488752967327327E+01  0.2935181570999767E-03
  0.4489226371735736E+01  0.2864555218643247E-03
  0.4489699776144144E+01  0.2793960978308517E-03
  0.4490173180552553E+01  0.2723420074075418E-03
  0.4490646584960960E+01  0.2653637466939208E-03
  0.4491119989369369E+01  0.2583854859802866E-03
  0.4491593393777777E+01  0.2514510544669854E-03
  0.4492066798186186E+01  0.2446800928653799E-03
  0.4492540202594594E+01  0.2379091312637744E-03
  0.4493013607003003E+01  0.2312467397850877E-03
  0.4493487011411411E+01  0.2247797745276542E-03
  0.4493960415819820E+01  0.2183128092702208E-03
  0.4494433820228228E+01  0.2122722541199080E-03
  0.4494907224636637E+01  0.2066532619399980E-03
  0.4495380629045045E+01  0.2010342697600880E-03
  0.4495854033453454E+01  0.1960013071587320E-03
  0.4496327437861861E+01  0.1912858822238829E-03
  0.4496800842270270E+01  0.1865704572890250E-03
  0.4497274246678678E+01  0.1828958124673948E-03
  0.4497747651087087E+01  0.1794907210923422E-03
  0.4498221055495495E+01  0.1760856297172896E-03
  0.4498694459903904E+01  0.1728422030824799E-03
  0.4499167864312312E+01  0.1696090951799184E-03
  0.4499641268720721E+01  0.1663576120886811E-03
  0.4500114673129129E+01  0.1629101280415289E-03
  0.4500588077537538E+01  0.1594626439943768E-03
  0.4501061481945946E+01  0.1559134995145609E-03
  0.4501534886354355E+01  0.1520267445589733E-03
  0.4502008290762762E+01  0.1481399896033931E-03
  0.4502481695171171E+01  0.1445599227750291E-03
  0.4502955099579579E+01  0.1414863556711954E-03
  0.4503428503987988E+01  0.1384127885673618E-03
  0.4503901908396396E+01  0.1356116793642861E-03
  0.4504375312804805E+01  0.1330592055114436E-03
  0.4504848717213213E+01  0.1305067316586012E-03
  0.4505322121621622E+01  0.1282929193945819E-03
  0.4505795526030030E+01  0.1262469907172446E-03
  0.4506268930438439E+01  0.1242010620399073E-03
  0.4506742334846847E+01  0.1216617913028654E-03
  0.4507215739255255E+01  0.1190100045843891E-03
  0.4507689143663663E+01  0.1163582178659078E-03
  0.4508162548072072E+01  0.1139597286188228E-03
  0.4508635952480480E+01  0.1115717929453668E-03
  0.4509109356888889E+01  0.1092131264830333E-03
  0.4509582761297297E+01  0.1071020601765450E-03
  0.4510056165705706E+01  0.1049909938700566E-03
  0.4510529570114114E+01  0.1029383736032214E-03
  0.4511002974522523E+01  0.1010597617301392E-03
  0.4511476378930931E+01  0.9918114985705701E-04
  0.4511949783339340E+01  0.9722849322189574E-04
  0.4512423187747748E+01  0.9516343786195849E-04
  0.4512896592156157E+01  0.9309838250202124E-04
  0.4513369996564564E+01  0.9105818710751824E-04
  0.4513843400972973E+01  0.8903892631382515E-04
  0.4514316805381381E+01  0.8701966552013203E-04
  0.4514790209789790E+01  0.8523148848364005E-04
  0.4515263614198198E+01  0.8354782646627830E-04
  0.4515737018606607E+01  0.8186416444891655E-04
  0.4516210423015015E+01  0.8046915910116633E-04
  0.4516683827423424E+01  0.7913148924674812E-04
  0.4517157231831832E+01  0.7779381939232990E-04
  0.4517630636240241E+01  0.7662498625821928E-04
  0.4518104040648649E+01  0.7545959842982143E-04
  0.4518577445057057E+01  0.7430941688976892E-04
  0.4519050849465465E+01  0.7326498744151174E-04
  0.4519524253873874E+01  0.7222055799325457E-04
  0.4519997658282282E+01  0.7120975751651229E-04
  0.4520471062690691E+01  0.7028922350773915E-04
  0.4520944467099099E+01  0.6936868949896600E-04
  0.4521417871507508E+01  0.6837727233622899E-04
  0.4521891275915916E+01  0.6728681316487931E-04
  0.4522364680324324E+01  0.6619635399352964E-04
  0.4522838084732733E+01  0.6494362836515900E-04
  0.4523311489141141E+01  0.6356487926984034E-04
  0.4523784893549550E+01  0.6218613017452167E-04
  0.4524258297957958E+01  0.6060525004851687E-04
  0.4524731702366366E+01  0.5894123548774423E-04
  0.4525205106774774E+01  0.5727722092697158E-04
  0.4525678511183183E+01  0.5579608133285036E-04
  0.4526151915591591E+01  0.5434613416237642E-04
  0.4527098724408408E+01  0.0000000000000000E+00
