  1000 NIRCAM_F466N        
  0.4560406106000000E+01  0.4760588540434434E+01  0.2909947057875672E+02  0.3352188246017228E+01  0.7999470578756714E+01  0.2291984986556303E-11  0.1656245462945637E+03  0.4654001320610383E+01  0.3363097322633618E-16  0.4654433374498034E+01
  0.4654533879132022E+01  0.4654399867198456E+01  0.4654466882038832E+01  0.4654375141512304E+01  0.4649555217349740E+01  0.1346826154106066E+00  0.5204031794978548E-01  0.5356863338376971E-01  0.4628765966647403E+01  0.4680806284597189E+01
  0.1765951645792421E+00  0.5356863338376973E+00  0.3794155414617116E-02  0.5107912576535630E-17  0.9514680121806857E-20  0.2539999961853027E+06  0.2095454394091253E+02  0.2430673371280865E+02  0.2895401451966924E+02
  0.4560406106000000E+01  0.0000000000000000E+00
  0.4560606288434434E+01  0.3613201741667976E-04
  0.4560806470868870E+01  0.3783403762983601E-04
  0.4561006653303304E+01  0.3953605784298471E-04
  0.4561206835737738E+01  0.4123807805613340E-04
  0.4561407018172172E+01  0.4294009826928210E-04
  0.4561607200606607E+01  0.4464211848243836E-04
  0.4561807383041041E+01  0.4646097902510742E-04
  0.4562007565475476E+01  0.4863035651801144E-04
  0.4562207747909910E+01  0.5079973401091545E-04
  0.4562407930344345E+01  0.5296911150382908E-04
  0.4562608112778779E+01  0.5513848899673309E-04
  0.4562808295213213E+01  0.5730786648963710E-04
  0.4563008477647648E+01  0.5947724398254111E-04
  0.4563208660082083E+01  0.6204005165733173E-04
  0.4563408842516517E+01  0.6499628271496298E-04
  0.4563609024950951E+01  0.6795251377259423E-04
  0.4563809207385385E+01  0.7090874483022547E-04
  0.4564009389819820E+01  0.7386497588786985E-04
  0.4564209572254255E+01  0.7682120694550110E-04
  0.4564409754688689E+01  0.7977743800313236E-04
  0.4564609937123123E+01  0.8348458743504331E-04
  0.4564810119557558E+01  0.8744204100913375E-04
  0.4565010301991992E+01  0.9139949458320659E-04
  0.4565210484426427E+01  0.9535694815727947E-04
  0.4565410666860861E+01  0.9931440173135234E-04
  0.4565610849295296E+01  0.1032718553054428E-03
  0.4565811031729730E+01  0.1072293121513223E-03
  0.4566011214164164E+01  0.1120843006828948E-03
  0.4566211396598599E+01  0.1169392892144888E-03
  0.4566411579033034E+01  0.1217942777460612E-03
  0.4566611761467468E+01  0.1266492662776337E-03
  0.4566811943901902E+01  0.1315042548092062E-03
  0.4567012126336337E+01  0.1363592433408002E-03
  0.4567212308770771E+01  0.1415194980206350E-03
  0.4567412491205205E+01  0.1475955471886611E-03
  0.4567612673639640E+01  0.1536715963566872E-03
  0.4567812856074075E+01  0.1597476455247403E-03
  0.4568013038508509E+01  0.1658236946927664E-03
  0.4568213220942943E+01  0.1718997438607925E-03
  0.4568413403377377E+01  0.1779757930288186E-03
  0.4568613585811812E+01  0.1847300517569093E-03
  0.4568813768246247E+01  0.1921625119871961E-03
  0.4569013950680681E+01  0.1995949722174828E-03
  0.4569214133115115E+01  0.2070274324477694E-03
  0.4569414315549550E+01  0.2144598926780891E-03
  0.4569614497983984E+01  0.2218923529083758E-03
  0.4569814680418419E+01  0.2293248131386625E-03
  0.4570014862852853E+01  0.2378685087277191E-03
  0.4570215045287288E+01  0.2467826158363471E-03
  0.4570415227721722E+01  0.2556967229449356E-03
  0.4570615410156156E+01  0.2646108300535240E-03
  0.4570815592590590E+01  0.2735249371621125E-03
  0.4571015775025026E+01  0.2824390442707406E-03
  0.4571215957459460E+01  0.2913531558181588E-03
  0.4571416139893894E+01  0.3022012232532200E-03
  0.4571616322328329E+01  0.3130492906883295E-03
  0.4571816504762763E+01  0.3238973581233908E-03
  0.4572016687197197E+01  0.3347454255584521E-03
  0.4572216869631632E+01  0.3455934929935135E-03
  0.4572417052066067E+01  0.3564415604286229E-03
  0.4572617234500501E+01  0.3678258991141745E-03
  0.4572817416934935E+01  0.3808190133230427E-03
  0.4573017599369369E+01  0.3938121275319109E-03
  0.4573217781803804E+01  0.4068052417408367E-03
  0.4573417964238239E+01  0.4197983559497049E-03
  0.4573618146672673E+01  0.4327914701585730E-03
  0.4573818329107107E+01  0.4457845843674412E-03
  0.4574018511541542E+01  0.4592827040564060E-03
  0.4574218693975976E+01  0.4732858259526298E-03
  0.4574418876410411E+01  0.4872889478488537E-03
  0.4574619058844845E+01  0.5012920697450775E-03
  0.4574819241279280E+01  0.5152951916413635E-03
  0.4575019423713714E+01  0.5292983135375874E-03
  0.4575219606148148E+01  0.5433014354338112E-03
  0.4575419788582582E+01  0.5581570593429500E-03
  0.4575619971017018E+01  0.5732968448604952E-03
  0.4575820153451452E+01  0.5884366303779735E-03
  0.4576020335885886E+01  0.6035764158954515E-03
  0.4576220518320320E+01  0.6187162014129296E-03
  0.4576420700754755E+01  0.6338559869304750E-03
  0.4576620883189189E+01  0.6489957731241160E-03
  0.4576821065623624E+01  0.6648510085176104E-03
  0.4577021248058059E+01  0.6807062439111750E-03
  0.4577221430492493E+01  0.6965614793046694E-03
  0.4577421612926927E+01  0.7124167146981637E-03
  0.4577621795361361E+01  0.7282719500916581E-03
  0.4577821977795796E+01  0.7441271854852227E-03
  0.4578022160230231E+01  0.7592370205083300E-03
  0.4578222342664665E+01  0.7721106914545943E-03
  0.4578422525099099E+01  0.7849843624008586E-03
  0.4578622707533534E+01  0.7978580333471801E-03
  0.4578822889967968E+01  0.8107317042934445E-03
  0.4579023072402403E+01  0.8236053752397088E-03
  0.4579223254836837E+01  0.8364790461859732E-03
  0.4579423437271272E+01  0.8485412691504779E-03
  0.4579623619705706E+01  0.8597920450095652E-03
  0.4579823802140140E+01  0.8710428208686524E-03
  0.4580023984574574E+01  0.8822935967277395E-03
  0.4580224167009010E+01  0.8935443725868766E-03
  0.4580424349443444E+01  0.9047951484459639E-03
  0.4580624531877878E+01  0.9160459243050511E-03
  0.4580824714312312E+01  0.9257078362678388E-03
  0.4581024896746747E+01  0.9348401337963817E-03
  0.4581225079181181E+01  0.9439724313248840E-03
  0.4581425261615616E+01  0.9531047288533863E-03
  0.4581625444050050E+01  0.9622370263818885E-03
  0.4581825626484485E+01  0.9713693239104313E-03
  0.4582025808918919E+01  0.9805016214389335E-03
  0.4582225991353353E+01  0.9848552023992907E-03
  0.4582426173787788E+01  0.9892087814241182E-03
  0.4582626356222223E+01  0.9935623604489265E-03
  0.4582826538656657E+01  0.9979159394737347E-03
  0.4583026721091091E+01  0.1002269518498543E-02
  0.4583226903525526E+01  0.1006623097523371E-02
  0.4583427085959960E+01  0.1010724513818973E-02
  0.4583627268394395E+01  0.1014069449008273E-02
  0.4583827450828829E+01  0.1017414384197572E-02
  0.4584027633263264E+01  0.1020759319386887E-02
  0.4584227815697698E+01  0.1024104254576186E-02
  0.4584427998132132E+01  0.1027449189765486E-02
  0.4584628180566567E+01  0.1030794124954785E-02
  0.4584828363001002E+01  0.1033725063196443E-02
  0.4585028545435436E+01  0.1036242010974151E-02
  0.4585228727869870E+01  0.1038758958751858E-02
  0.4585428910304304E+01  0.1041275906529565E-02
  0.4585629092738739E+01  0.1043792854307283E-02
  0.4585829275173174E+01  0.1046309802084990E-02
  0.4586029457607608E+01  0.1048826749862698E-02
  0.4586229640042042E+01  0.1052344424134146E-02
  0.4586429822476477E+01  0.1056195671981958E-02
  0.4586630004910911E+01  0.1060046919829753E-02
  0.4586830187345345E+01  0.1063898167677548E-02
  0.4587030369779780E+01  0.1067749415525343E-02
  0.4587230552214215E+01  0.1071600663373155E-02
  0.4587430734648649E+01  0.1075451918342635E-02
  0.4587630917083083E+01  0.1081501020262264E-02
  0.4587831099517518E+01  0.1087550122181919E-02
  0.4588031281951952E+01  0.1093599224101548E-02
  0.4588231464386387E+01  0.1099648326021177E-02
  0.4588431646820821E+01  0.1105697427940806E-02
  0.4588631829255256E+01  0.1111746529860461E-02
  0.4588832011689690E+01  0.1118379134004225E-02
  0.4589032194124124E+01  0.1126762241038947E-02
  0.4589232376558559E+01  0.1135145348073668E-02
  0.4589432558992994E+01  0.1143528455108427E-02
  0.4589632741427428E+01  0.1151911562143149E-02
  0.4589832923861862E+01  0.1160294669177870E-02
  0.4590033106296296E+01  0.1168677776212592E-02
  0.4590233288730731E+01  0.1179221221840637E-02
  0.4590433471165166E+01  0.1191924983894978E-02
  0.4590633653599600E+01  0.1204628745949319E-02
  0.4590833836034034E+01  0.1217332508003660E-02
  0.4591034018468469E+01  0.1230036270058057E-02
  0.4591234200902903E+01  0.1242740032112398E-02
  0.4591434383337337E+01  0.1255443794166739E-02
  0.4591634565771772E+01  0.1270756128701049E-02
  0.4591834748206207E+01  0.1286937988647652E-02
  0.4592034930640641E+01  0.1303119848594184E-02
  0.4592235113075075E+01  0.1319301708540715E-02
  0.4592435295509509E+01  0.1335483568487247E-02
  0.4592635477943944E+01  0.1351665428433851E-02
  0.4592835660378379E+01  0.1367847295971694E-02
  0.4593035842812813E+01  0.1388045358846491E-02
  0.4593236025247248E+01  0.1408243421721379E-02
  0.4593436207681682E+01  0.1428441484596176E-02
  0.4593636390116116E+01  0.1448639547470974E-02
  0.4593836572550551E+01  0.1468837610345771E-02
  0.4594036754984986E+01  0.1489035673220658E-02
  0.4594236937419420E+01  0.1510884628743519E-02
  0.4594437119853854E+01  0.1537686155224974E-02
  0.4594637302288288E+01  0.1564487681706430E-02
  0.4594837484722723E+01  0.1591289208188004E-02
  0.4595037667157158E+01  0.1618090734669459E-02
  0.4595237849591592E+01  0.1644892261150914E-02
  0.4595438032026026E+01  0.1671693787632369E-02
  0.4595638214460461E+01  0.1701212504797101E-02
  0.4595838396894895E+01  0.1733448399438138E-02
  0.4596038579329329E+01  0.1765684294079175E-02
  0.4596238761763764E+01  0.1797920188720212E-02
  0.4596438944198199E+01  0.1830156083361392E-02
  0.4596639126632633E+01  0.1862391978002429E-02
  0.4596839309067067E+01  0.1894627872643466E-02
  0.4597039491501501E+01  0.1931850484978181E-02
  0.4597239673935936E+01  0.1970735306621466E-02
  0.4597439856370371E+01  0.2009620128264577E-02
  0.4597640038804805E+01  0.2048504949907689E-02
  0.4597840221239239E+01  0.2087389771550801E-02
  0.4598040403673674E+01  0.2126274593194085E-02
  0.4598240586108108E+01  0.2165159420441857E-02
  0.4598440768542543E+01  0.2214422313902509E-02
  0.4598640950976978E+01  0.2263685207363380E-02
  0.4598841133411412E+01  0.2312948100824034E-02
  0.4599041315845846E+01  0.2362210994284686E-02
  0.4599241498280280E+01  0.2411473887745339E-02
  0.4599441680714715E+01  0.2460736781206210E-02
  0.4599641863149150E+01  0.2512608142929018E-02
  0.4599842045583584E+01  0.2572304796743640E-02
  0.4600042228018018E+01  0.2632001450558261E-02
  0.4600242410452453E+01  0.2691698104373148E-02
  0.4600442592886887E+01  0.2751394758187770E-02
  0.4600642775321321E+01  0.2811091412002392E-02
  0.4600842957755756E+01  0.2870788065817014E-02
  0.4601043140190191E+01  0.2937031310624036E-02
  0.4601243322624625E+01  0.3009821149958377E-02
  0.4601443505059059E+01  0.3082610989292718E-02
  0.4601643687493493E+01  0.3155400828627059E-02
  0.4601843869927928E+01  0.3228190667961723E-02
  0.4602044052362363E+01  0.3300980507296063E-02
  0.4602244234796797E+01  0.3373770346630404E-02
  0.4602444417231231E+01  0.3460705642612472E-02
  0.4602644599665666E+01  0.3552356039882791E-02
  0.4602844782100100E+01  0.3644006437152704E-02
  0.4603044964534535E+01  0.3735656834422616E-02
  0.4603245146968969E+01  0.3827307231692529E-02
  0.4603445329403404E+01  0.3918957628962849E-02
  0.4603645511837838E+01  0.4010608026232762E-02
  0.4603845694272272E+01  0.4123016720371756E-02
  0.4604045876706707E+01  0.4235425431326943E-02
  0.4604246059141142E+01  0.4347834142281631E-02
  0.4604446241575576E+01  0.4460242853236319E-02
  0.4604646424010010E+01  0.4572651564191008E-02
  0.4604846606444445E+01  0.4685060275146194E-02
  0.4605046788878879E+01  0.4804104147851701E-02
  0.4605246971313314E+01  0.4943053362477993E-02
  0.4605447153747748E+01  0.5082002577104286E-02
  0.4605647336182183E+01  0.5220951791731196E-02
  0.4605847518616617E+01  0.5359901006357489E-02
  0.4606047701051051E+01  0.5498850220983784E-02
  0.4606247883485485E+01  0.5637799435610076E-02
  0.4606448065919921E+01  0.5794901342241338E-02
  0.4606648248354355E+01  0.5970155685991522E-02
  0.4606848430788789E+01  0.6145410029741704E-02
  0.4607048613223223E+01  0.6320664373491887E-02
  0.4607248795657658E+01  0.6495918717242847E-02
  0.4607448978092092E+01  0.6671173060993031E-02
  0.4607649160526527E+01  0.6846427404743213E-02
  0.4607849342960961E+01  0.7052389057774566E-02
  0.4608049525395396E+01  0.7268586443715351E-02
  0.4608249707829830E+01  0.7484783829655178E-02
  0.4608449890264264E+01  0.7700981215595004E-02
  0.4608650072698699E+01  0.7917178601534831E-02
  0.4608850255133134E+01  0.8133375987475617E-02
  0.4609050437567568E+01  0.8349573521425435E-02
  0.4609250620002002E+01  0.8617974325155086E-02
  0.4609450802436437E+01  0.8886375128885925E-02
  0.4609650984870871E+01  0.9154775932615574E-02
  0.4609851167305306E+01  0.9423176736345224E-02
  0.4610051349739740E+01  0.9691577540074874E-02
  0.4610251532174175E+01  0.9959978343805713E-02
  0.4610451714608609E+01  0.1024551372162450E-01
  0.4610651897043043E+01  0.1058245282170978E-01
  0.4610852079477477E+01  0.1091939192179506E-01
  0.4611052261911913E+01  0.1125633102188184E-01
  0.4611252444346347E+01  0.1159327012196712E-01
  0.4611452626780781E+01  0.1193020922205240E-01
  0.4611652809215215E+01  0.1226714832213768E-01
  0.4611852991649650E+01  0.1264431802453087E-01
  0.4612053174084084E+01  0.1306171798160731E-01
  0.4612253356518519E+01  0.1347911793868375E-01
  0.4612453538952953E+01  0.1389651789576019E-01
  0.4612653721387388E+01  0.1431391785283849E-01
  0.4612853903821822E+01  0.1473131780991493E-01
  0.4613054086256256E+01  0.1514871776699137E-01
  0.4613254268690691E+01  0.1564267941523422E-01
  0.4613454451125126E+01  0.1616216171908384E-01
  0.4613654633559560E+01  0.1668164402293116E-01
  0.4613854815993994E+01  0.1720112632677847E-01
  0.4614054998428428E+01  0.1772060863062579E-01
  0.4614255180862863E+01  0.1824009093447541E-01
  0.4614455363297298E+01  0.1875957342939069E-01
  0.4614655545731732E+01  0.1940770961258191E-01
  0.4614855728166167E+01  0.2005584579577601E-01
  0.4615055910600601E+01  0.2070398197896723E-01
  0.4615256093035035E+01  0.2135211816215846E-01
  0.4615456275469469E+01  0.2200025434534968E-01
  0.4615656457903905E+01  0.2264839052854377E-01
  0.4615856640338339E+01  0.2333575020885555E-01
  0.4616056822772773E+01  0.2414078122783626E-01
  0.4616257005207207E+01  0.2494581224681696E-01
  0.4616457187641642E+01  0.2575084326580123E-01
  0.4616657370076076E+01  0.2655587428478193E-01
  0.4616857552510511E+01  0.2736090530376263E-01
  0.4617057734944945E+01  0.2816593632274333E-01
  0.4617257917379380E+01  0.2907051090612427E-01
  0.4617458099813814E+01  0.3007462873134704E-01
  0.4617658282248248E+01  0.3107874655656982E-01
  0.4617858464682683E+01  0.3208286438179259E-01
  0.4618058647117118E+01  0.3308698220701980E-01
  0.4618258829551552E+01  0.3409110003224258E-01
  0.4618459011985986E+01  0.3509521785746535E-01
  0.4618659194420420E+01  0.3628300645262860E-01
  0.4618859376854855E+01  0.3753201766791329E-01
  0.4619059559289290E+01  0.3878102888319243E-01
  0.4619259741723724E+01  0.4003004009847158E-01
  0.4619459924158158E+01  0.4127905131375073E-01
  0.4619660106592593E+01  0.4252806252903541E-01
  0.4619860289027027E+01  0.4377707378500749E-01
  0.4620060471461461E+01  0.4532748463459941E-01
  0.4620260653895897E+01  0.4687789548419821E-01
  0.4620460836330331E+01  0.4842830633379012E-01
  0.4620661018764765E+01  0.4997871718338205E-01
  0.4620861201199199E+01  0.5152912803297396E-01
  0.4621061383633634E+01  0.5307953888257277E-01
  0.4621261566068068E+01  0.5472223103474680E-01
  0.4621461748502503E+01  0.5664176370582557E-01
  0.4621661930936937E+01  0.5856129637690434E-01
  0.4621862113371372E+01  0.6048082904799162E-01
  0.4622062295805806E+01  0.6240036171907039E-01
  0.4622262478240240E+01  0.6431989439014917E-01
  0.4622462660674675E+01  0.6623942706122793E-01
  0.4622662843109110E+01  0.6836311970432343E-01
  0.4622863025543544E+01  0.7069097276043866E-01
  0.4623063207977978E+01  0.7301882581655389E-01
  0.4623263390412412E+01  0.7534667887266910E-01
  0.4623463572846847E+01  0.7767453192879467E-01
  0.4623663755281282E+01  0.8000238498490990E-01
  0.4623863937715716E+01  0.8233023804102513E-01
  0.4624064120150150E+01  0.8502623065075025E-01
  0.4624264302584585E+01  0.8784493538469218E-01
  0.4624464485019019E+01  0.9066364011862160E-01
  0.4624664667453454E+01  0.9348234485255102E-01
  0.4624864849887888E+01  0.9630104958648045E-01
  0.4625065032322323E+01  0.9911975432042239E-01
  0.4625265214756757E+01  0.1019384590543518E+00
  0.4625465397191191E+01  0.1052214381906635E+00
  0.4625665579625626E+01  0.1085044178911349E+00
  0.4625865762060061E+01  0.1117873975915917E+00
  0.4626065944494495E+01  0.1150703772920485E+00
  0.4626266126928929E+01  0.1183533569925053E+00
  0.4626466309363364E+01  0.1216363366929767E+00
  0.4626666491797798E+01  0.1250074963815524E+00
  0.4626866674232232E+01  0.1286431947010862E+00
  0.4627066856666667E+01  0.1322788930206199E+00
  0.4627267039101102E+01  0.1359145913401698E+00
  0.4627467221535536E+01  0.1395502896597036E+00
  0.4627667403969970E+01  0.1431859879792373E+00
  0.4627867586404404E+01  0.1468216862987710E+00
  0.4628067768838839E+01  0.1506696268608829E+00
  0.4628267951273274E+01  0.1547298070292716E+00
  0.4628468133707708E+01  0.1587899871976604E+00
  0.4628668316142142E+01  0.1628501673660490E+00
  0.4628868498576577E+01  0.1669103475344557E+00
  0.4629068681011011E+01  0.1709705277028444E+00
  0.4629268863445446E+01  0.1750307078712331E+00
  0.4629469045879880E+01  0.1791043323613810E+00
  0.4629669228314315E+01  0.1831824382856794E+00
  0.4629869410748749E+01  0.1872605442099597E+00
  0.4630069593183183E+01  0.1913386501342401E+00
  0.4630269775617617E+01  0.1954167560585204E+00
  0.4630469958052053E+01  0.1994948619828188E+00
  0.4630670140486487E+01  0.2035729676051991E+00
  0.4630870322920921E+01  0.2075268457972952E+00
  0.4631070505355356E+01  0.2114807239894089E+00
  0.4631270687789790E+01  0.2154346021815051E+00
  0.4631470870224224E+01  0.2193884803736013E+00
  0.4631671052658659E+01  0.2233423585656974E+00
  0.4631871235093094E+01  0.2272962367578111E+00
  0.4632071417527528E+01  0.2312370875326652E+00
  0.4632271599961962E+01  0.2351388559713676E+00
  0.4632471782396396E+01  0.2390406244100700E+00
  0.4632671964830831E+01  0.2429423928487897E+00
  0.4632872147265266E+01  0.2468441612874921E+00
  0.4633072329699700E+01  0.2507459297261945E+00
  0.4633272512134134E+01  0.2546476981648970E+00
  0.4633472694568569E+01  0.2581509108689072E+00
  0.4633672877003003E+01  0.2612555706362977E+00
  0.4633873059437438E+01  0.2643602304036882E+00
  0.4634073241871872E+01  0.2674648901710788E+00
  0.4634273424306307E+01  0.2705695499384831E+00
  0.4634473606740741E+01  0.2736742097058736E+00
  0.4634673789175175E+01  0.2767788694732642E+00
  0.4634873971609609E+01  0.2794827856762124E+00
  0.4635074154044045E+01  0.2820531199215278E+00
  0.4635274336478479E+01  0.2846234541668318E+00
  0.4635474518912913E+01  0.2871937884121359E+00
  0.4635674701347347E+01  0.2897641226574398E+00
  0.4635874883781782E+01  0.2923344569027553E+00
  0.4636075066216216E+01  0.2949047906476682E+00
  0.4636275248650651E+01  0.2970118412995604E+00
  0.4636475431085086E+01  0.2991188919514620E+00
  0.4636675613519520E+01  0.3012259426033543E+00
  0.4636875795953954E+01  0.3033329932552465E+00
  0.4637075978388388E+01  0.3054400439071387E+00
  0.4637276160822823E+01  0.3075470945590403E+00
  0.4637476343257258E+01  0.3094105350881193E+00
  0.4637676525691692E+01  0.3105431384075350E+00
  0.4637876708126126E+01  0.3116757417269507E+00
  0.4638076890560561E+01  0.3128083450463713E+00
  0.4638277072994995E+01  0.3139409483657870E+00
  0.4638477255429430E+01  0.3150735516852026E+00
  0.4638677437863864E+01  0.3162061550046183E+00
  0.4638877620298299E+01  0.3171549993465572E+00
  0.4639077802732733E+01  0.3179200850087260E+00
  0.4639277985167167E+01  0.3186851706708948E+00
  0.4639478167601601E+01  0.3194502563330636E+00
  0.4639678350036037E+01  0.3202153419952358E+00
  0.4639878532470471E+01  0.3209804276574046E+00
  0.4640078714904905E+01  0.3217455133195735E+00
  0.4640278897339339E+01  0.3222514544096596E+00
  0.4640479079773774E+01  0.3226710151575212E+00
  0.4640679262208208E+01  0.3230905759053808E+00
  0.4640879444642643E+01  0.3235101366532405E+00
  0.4641079627077077E+01  0.3239296974011001E+00
  0.4641279809511512E+01  0.3243492581489616E+00
  0.4641479991945946E+01  0.3247688188968213E+00
  0.4641680174380380E+01  0.3248143996586827E+00
  0.4641880356814815E+01  0.3248599803195615E+00
  0.4642080539249250E+01  0.3249055609804400E+00
  0.4642280721683684E+01  0.3249511416413187E+00
  0.4642480904118118E+01  0.3249967223021972E+00
  0.4642681086552553E+01  0.3250423029630760E+00
  0.4642881268986987E+01  0.3250755178612037E+00
  0.4643081451421422E+01  0.3250716358450502E+00
  0.4643281633855856E+01  0.3250677538288967E+00
  0.4643481816290291E+01  0.3250638718127433E+00
  0.4643681998724725E+01  0.3250599897965898E+00
  0.4643882181159159E+01  0.3250561077804363E+00
  0.4644082363593593E+01  0.3250522257642829E+00
  0.4644282546028029E+01  0.3250199562711104E+00
  0.4644482728462463E+01  0.3249592991936046E+00
  0.4644682910896897E+01  0.3248986421160989E+00
  0.4644883093331331E+01  0.3248379850385932E+00
  0.4645083275765766E+01  0.3247773279610873E+00
  0.4645283458200200E+01  0.3247166708835816E+00
  0.4645483640634635E+01  0.3246560138060758E+00
  0.4645683823069069E+01  0.3246262978291958E+00
  0.4645884005503504E+01  0.3246068954856854E+00
  0.4646084187937938E+01  0.3245874931421751E+00
  0.4646284370372372E+01  0.3245680907986648E+00
  0.4646484552806807E+01  0.3245486884551545E+00
  0.4646684735241242E+01  0.3245292861116441E+00
  0.4646884917675676E+01  0.3245098837681338E+00
  0.4647085100110110E+01  0.3245327123461879E+00
  0.4647285282544545E+01  0.3245555409926623E+00
  0.4647485464978979E+01  0.3245783696391364E+00
  0.4647685647413414E+01  0.3246011982856107E+00
  0.4647885829847848E+01  0.3246240269320849E+00
  0.4648086012282283E+01  0.3246468555785593E+00
  0.4648286194716717E+01  0.3246851628049238E+00
  0.4648486377151151E+01  0.3247699056372130E+00
  0.4648686559585586E+01  0.3248546484695021E+00
  0.4648886742020021E+01  0.3249393913017917E+00
  0.4649086924454455E+01  0.3250241341340809E+00
  0.4649287106888889E+01  0.3251088769663701E+00
  0.4649487289323323E+01  0.3251936197986593E+00
  0.4649687471757758E+01  0.3253047649270698E+00
  0.4649887654192193E+01  0.3254423120664319E+00
  0.4650087836626627E+01  0.3255798592057940E+00
  0.4650288019061061E+01  0.3257174063451561E+00
  0.4650488201495496E+01  0.3258549534845188E+00
  0.4650688383929930E+01  0.3259925006238809E+00
  0.4650888566364364E+01  0.3261300477632430E+00
  0.4651088748798799E+01  0.3263155635241896E+00
  0.4651288931233234E+01  0.3265170688371786E+00
  0.4651489113667668E+01  0.3267185741501668E+00
  0.4651689296102102E+01  0.3269200794631549E+00
  0.4651889478536536E+01  0.3271215847761431E+00
  0.4652089660970971E+01  0.3273230900891321E+00
  0.4652289843405406E+01  0.3275245952935962E+00
  0.4652490025839840E+01  0.3276725133504630E+00
  0.4652690208274275E+01  0.3278204314073304E+00
  0.4652890390708709E+01  0.3279683494641972E+00
  0.4653090573143143E+01  0.3281162675210640E+00
  0.4653290755577578E+01  0.3282641855779308E+00
  0.4653490938012013E+01  0.3284121036347982E+00
  0.4653691120446447E+01  0.3285489008317724E+00
  0.4653891302880881E+01  0.3286523353049297E+00
  0.4654091485315315E+01  0.3287557697780871E+00
  0.4654291667749750E+01  0.3288592042512449E+00
  0.4654491850184185E+01  0.3289626387244022E+00
  0.4654692032618619E+01  0.3290660731975595E+00
  0.4654892215053053E+01  0.3291695076707170E+00
  0.4655092397487488E+01  0.3292548035594206E+00
  0.4655292579921922E+01  0.3293219609616264E+00
  0.4655492762356356E+01  0.3293891183638322E+00
  0.4655692944790791E+01  0.3294562757660380E+00
  0.4655893127225226E+01  0.3295234331682441E+00
  0.4656093309659660E+01  0.3295905905704499E+00
  0.4656293492094094E+01  0.3296577479726558E+00
  0.4656493674528528E+01  0.3296615079091173E+00
  0.4656693856962963E+01  0.3296441351896129E+00
  0.4656894039397398E+01  0.3296267624701086E+00
  0.4657094221831832E+01  0.3296093897506043E+00
  0.4657294404266266E+01  0.3295920170310999E+00
  0.4657494586700701E+01  0.3295746443115955E+00
  0.4657694769135135E+01  0.3295572715483063E+00
  0.4657894951569570E+01  0.3294750382846072E+00
  0.4658095134004005E+01  0.3293928050209077E+00
  0.4658295316438439E+01  0.3293105717572086E+00
  0.4658495498872873E+01  0.3292283384935095E+00
  0.4658695681307307E+01  0.3291461052298103E+00
  0.4658895863741742E+01  0.3290638719661108E+00
  0.4659096046176177E+01  0.3289717779505938E+00
  0.4659296228610611E+01  0.3288501013388025E+00
  0.4659496411045045E+01  0.3287284247270115E+00
  0.4659696593479480E+01  0.3286067481152197E+00
  0.4659896775913914E+01  0.3284850715034285E+00
  0.4660096958348348E+01  0.3283633948916374E+00
  0.4660297140782783E+01  0.3282417182798462E+00
  0.4660497323217218E+01  0.3280952011005259E+00
  0.4660697505651652E+01  0.3279238433536780E+00
  0.4660897688086086E+01  0.3277524856068300E+00
  0.4661097870520520E+01  0.3275811278599819E+00
  0.4661298052954955E+01  0.3274097701131333E+00
  0.4661498235389390E+01  0.3272384123662853E+00
  0.4661698417823824E+01  0.3270670546194373E+00
  0.4661898600258258E+01  0.3268905130284398E+00
  0.4662098782692693E+01  0.3267122435092994E+00
  0.4662298965127127E+01  0.3265339739901598E+00
  0.4662499147561562E+01  0.3263557044710201E+00
  0.4662699329995996E+01  0.3261774349518805E+00
  0.4662899512430431E+01  0.3259991654327400E+00
  0.4663099694864865E+01  0.3258208959136004E+00
  0.4663299877299299E+01  0.3256375001032979E+00
  0.4663500059733734E+01  0.3254541042895340E+00
  0.4663700242168169E+01  0.3252707084757710E+00
  0.4663900424602603E+01  0.3250873126620080E+00
  0.4664100607037037E+01  0.3249039168482449E+00
  0.4664300789471472E+01  0.3247205210344811E+00
  0.4664500971905906E+01  0.3245372717676974E+00
  0.4664701154340340E+01  0.3243544621383695E+00
  0.4664901336774775E+01  0.3241716525090417E+00
  0.4665101519209210E+01  0.3239888428797130E+00
  0.4665301701643644E+01  0.3238060332503852E+00
  0.4665501884078078E+01  0.3236232236210573E+00
  0.4665702066512512E+01  0.3234404139917294E+00
  0.4665902248946947E+01  0.3232378240475309E+00
  0.4666102431381382E+01  0.3230154536816400E+00
  0.4666302613815816E+01  0.3227930833157492E+00
  0.4666502796250250E+01  0.3225707129498584E+00
  0.4666702978684685E+01  0.3223483425839665E+00
  0.4666903161119119E+01  0.3221259722180757E+00
  0.4667103343553554E+01  0.3219036018521849E+00
  0.4667303525987988E+01  0.3216443585881671E+00
  0.4667503708422423E+01  0.3213728244112073E+00
  0.4667703890856857E+01  0.3211012902342488E+00
  0.4667904073291291E+01  0.3208297560572902E+00
  0.4668104255725726E+01  0.3205582218803317E+00
  0.4668304438160161E+01  0.3202866877033720E+00
  0.4668504620594595E+01  0.3200151535264135E+00
  0.4668704803029029E+01  0.3194405937954641E+00
  0.4668904985463464E+01  0.3188660334508296E+00
  0.4669105167897898E+01  0.3182914731061977E+00
  0.4669305350332333E+01  0.3177169127615657E+00
  0.4669505532766767E+01  0.3171423524169337E+00
  0.4669705715201202E+01  0.3165677920722991E+00
  0.4669905897635636E+01  0.3159276359286223E+00
  0.4670106080070070E+01  0.3150906925295150E+00
  0.4670306262504504E+01  0.3142537491304077E+00
  0.4670506444938940E+01  0.3134168057312967E+00
  0.4670706627373374E+01  0.3125798623321894E+00
  0.4670906809807808E+01  0.3117429189330821E+00
  0.4671106992242242E+01  0.3109059755339748E+00
  0.4671307174676677E+01  0.3098513692833142E+00
  0.4671507357111111E+01  0.3085791021794212E+00
  0.4671707539545546E+01  0.3073068350755284E+00
  0.4671907721979980E+01  0.3060345679716354E+00
  0.4672107904414415E+01  0.3047623008677369E+00
  0.4672308086848849E+01  0.3034900337638440E+00
  0.4672508269283283E+01  0.3022177666599511E+00
  0.4672708451717718E+01  0.3003611070737637E+00
  0.4672908634152153E+01  0.2983096494324028E+00
  0.4673108816586587E+01  0.2962581917910510E+00
  0.4673308999021021E+01  0.2942067341496991E+00
  0.4673509181455455E+01  0.2921552765083474E+00
  0.4673709363889890E+01  0.2901038188669864E+00
  0.4673909546324325E+01  0.2880523605797964E+00
  0.4674109728758759E+01  0.2856022730434546E+00
  0.4674309911193194E+01  0.2831521855071020E+00
  0.4674510093627628E+01  0.2807020979707603E+00
  0.4674710276062062E+01  0.2782520104344186E+00
  0.4674910458496496E+01  0.2758019228980769E+00
  0.4675110640930932E+01  0.2733518353617243E+00
  0.4675310823365366E+01  0.2706986643577555E+00
  0.4675511005799800E+01  0.2674362390025972E+00
  0.4675711188234234E+01  0.2641738136474389E+00
  0.4675911370668669E+01  0.2609113882922662E+00
  0.4676111553103103E+01  0.2576489629371079E+00
  0.4676311735537538E+01  0.2543865375819497E+00
  0.4676511917971972E+01  0.2511241122267914E+00
  0.4676712100406407E+01  0.2475776894762200E+00
  0.4676912282840841E+01  0.2437472704038698E+00
  0.4677112465275275E+01  0.2399168513315196E+00
  0.4677312647709710E+01  0.2360864322591694E+00
  0.4677512830144145E+01  0.2322560131868022E+00
  0.4677713012578579E+01  0.2284255941144520E+00
  0.4677913195013013E+01  0.2245951750421019E+00
  0.4678113377447447E+01  0.2207046600605437E+00
  0.4678313559881882E+01  0.2167941129072912E+00
  0.4678513742316317E+01  0.2128835657540561E+00
  0.4678713924750751E+01  0.2089730186008209E+00
  0.4678914107185185E+01  0.2050624714475858E+00
  0.4679114289619620E+01  0.2011519242943334E+00
  0.4679314472054054E+01  0.1972413770164183E+00
  0.4679514654488488E+01  0.1928690974550087E+00
  0.4679714836922924E+01  0.1884968178935799E+00
  0.4679915019357358E+01  0.1841245383321703E+00
  0.4680115201791792E+01  0.1797522587707608E+00
  0.4680315384226226E+01  0.1753799792093513E+00
  0.4680515566660661E+01  0.1710076996479224E+00
  0.4680715749095095E+01  0.1666969216585226E+00
  0.4680915931529530E+01  0.1625706509094242E+00
  0.4681116113963964E+01  0.1584443801603257E+00
  0.4681316296398399E+01  0.1543181094112090E+00
  0.4681516478832833E+01  0.1501918386621106E+00
  0.4681716661267267E+01  0.1460655679130121E+00
  0.4681916843701702E+01  0.1419392971639137E+00
  0.4682117026136137E+01  0.1380070646778348E+00
  0.4682317208570571E+01  0.1342688707691798E+00
  0.4682517391005005E+01  0.1305306768605248E+00
  0.4682717573439439E+01  0.1267924829518698E+00
  0.4682917755873874E+01  0.1230542890431983E+00
  0.4683117938308309E+01  0.1193160951345433E+00
  0.4683318120742743E+01  0.1155779012258883E+00
  0.4683518303177177E+01  0.1120395854612698E+00
  0.4683718485611612E+01  0.1085678951209747E+00
  0.4683918668046046E+01  0.1050962047806950E+00
  0.4684118850480480E+01  0.1016245144404153E+00
  0.4684319032914915E+01  0.9815282410013554E-01
  0.4684519215349350E+01  0.9468113375984041E-01
  0.4684719397783784E+01  0.9120944341956068E-01
  0.4684919580218218E+01  0.8835219699530319E-01
  0.4685119762652653E+01  0.8549495123469257E-01
  0.4685319945087087E+01  0.8263770547409460E-01
  0.4685520127521522E+01  0.7978045971349668E-01
  0.4685720309955956E+01  0.7692321395289872E-01
  0.4685920492390391E+01  0.7406596819228810E-01
  0.4686120674824825E+01  0.7133425316852871E-01
  0.4686320857259259E+01  0.6897912818592240E-01
  0.4686521039693694E+01  0.6662400320331612E-01
  0.4686721222128129E+01  0.6426887822069938E-01
  0.4686921404562563E+01  0.6191375323809310E-01
  0.4687121586996997E+01  0.5955862825548681E-01
  0.4687321769431431E+01  0.5720350327288052E-01
  0.4687521951865866E+01  0.5508403369514240E-01
  0.4687722134300301E+01  0.5320022117674294E-01
  0.4687922316734735E+01  0.5131640865834347E-01
  0.4688122499169169E+01  0.4943259613994400E-01
  0.4688322681603604E+01  0.4754878362153617E-01
  0.4688522864038038E+01  0.4566497110313671E-01
  0.4688723046472473E+01  0.4378115858473725E-01
  0.4688923228906907E+01  0.4221386019998043E-01
  0.4689123411341342E+01  0.4075206629852091E-01
  0.4689323593775776E+01  0.3929027239706787E-01
  0.4689523776210210E+01  0.3782847849561484E-01
  0.4689723958644644E+01  0.3636668459416180E-01
  0.4689924141079080E+01  0.3490489069270228E-01
  0.4690124323513514E+01  0.3344309679124924E-01
  0.4690324505947948E+01  0.3231760403487551E-01
  0.4690524688382382E+01  0.3119211209578793E-01
  0.4690724870816817E+01  0.3006662015669537E-01
  0.4690925053251251E+01  0.2894112821760780E-01
  0.4691125235685686E+01  0.2781563627852022E-01
  0.4691325418120121E+01  0.2669014433942766E-01
  0.4691525600554555E+01  0.2563286591697781E-01
  0.4691725782988989E+01  0.2478022833914903E-01
  0.4691925965423423E+01  0.2392759076132025E-01
  0.4692126147857858E+01  0.2307495318348769E-01
  0.4692326330292293E+01  0.2222231560565891E-01
  0.4692526512726727E+01  0.2136967802783013E-01
  0.4692726695161161E+01  0.2051704045000135E-01
  0.4692926877595596E+01  0.1976409276176807E-01
  0.4693127060030030E+01  0.1911083620140168E-01
  0.4693327242464465E+01  0.1845757964103530E-01
  0.4693527424898899E+01  0.1780432308066891E-01
  0.4693727607333334E+01  0.1715106652029963E-01
  0.4693927789767768E+01  0.1649780995993325E-01
  0.4694127972202202E+01  0.1584455339956686E-01
  0.4694328154636636E+01  0.1531305010123822E-01
  0.4694528337071072E+01  0.1482213142815022E-01
  0.4694728519505506E+01  0.1433121275506439E-01
  0.4694928701939940E+01  0.1384029408197857E-01
  0.4695128884374374E+01  0.1334937540889274E-01
  0.4695329066808809E+01  0.1285845673580473E-01
  0.4695529249243243E+01  0.1236753820196986E-01
  0.4695729431677678E+01  0.1199121900586824E-01
  0.4695929614112112E+01  0.1161489980976662E-01
  0.4696129796546547E+01  0.1123858061366332E-01
  0.4696329978980981E+01  0.1086226141756170E-01
  0.4696530161415415E+01  0.1048594222146008E-01
  0.4696730343849850E+01  0.1010962302535679E-01
  0.4696930526284285E+01  0.9754762364859287E-02
  0.4697130708718719E+01  0.9464277867431628E-02
  0.4697330891153153E+01  0.9173793370003970E-02
  0.4697531073587588E+01  0.8883308872575022E-02
  0.4697731256022022E+01  0.8592824375147363E-02
  0.4697931438456457E+01  0.8302339877719705E-02
  0.4698131620890891E+01  0.8011855380292046E-02
  0.4698331803325326E+01  0.7756069904039911E-02
  0.4698531985759760E+01  0.7534983374009055E-02
  0.4698732168194194E+01  0.7313896843978198E-02
  0.4698932350628628E+01  0.7092810313947343E-02
  0.4699132533063064E+01  0.6871723783915505E-02
  0.4699332715497498E+01  0.6650637253884649E-02
  0.4699532897931932E+01  0.6429550723853793E-02
  0.4699733080366366E+01  0.6243075557270904E-02
  0.4699933262800801E+01  0.6068137653063720E-02
  0.4700133445235235E+01  0.5893199748857311E-02
  0.4700333627669670E+01  0.5718261844650904E-02
  0.4700533810104104E+01  0.5543323940444497E-02
  0.4700733992538539E+01  0.5368386036237314E-02
  0.4700934174972973E+01  0.5193448132030906E-02
  0.4701134357407407E+01  0.5055736174205705E-02
  0.4701334539841842E+01  0.4918024221406498E-02
  0.4701534722276277E+01  0.4780312268606681E-02
  0.4701734904710711E+01  0.4642600315807474E-02
  0.4701935087145145E+01  0.4504888363008268E-02
  0.4702135269579580E+01  0.4367176410208450E-02
  0.4702335452014014E+01  0.4236897743158197E-02
  0.4702535634448449E+01  0.4128919286620224E-02
  0.4702735816882883E+01  0.4020940830082251E-02
  0.4702935999317318E+01  0.3912962373543798E-02
  0.4703136181751752E+01  0.3804983917005825E-02
  0.4703336364186186E+01  0.3697005460467852E-02
  0.4703536546620620E+01  0.3589027003929878E-02
  0.4703736729055056E+01  0.3491348624463638E-02
  0.4703936911489490E+01  0.3403970355445196E-02
  0.4704137093923924E+01  0.3316592086426755E-02
  0.4704337276358358E+01  0.3229213817408314E-02
  0.4704537458792793E+01  0.3141835548389484E-02
  0.4704737641227227E+01  0.3054457279371043E-02
  0.4704937823661662E+01  0.2967079010352602E-02
  0.4705138006096096E+01  0.2892956183597110E-02
  0.4705338188530531E+01  0.2823251805779801E-02
  0.4705538370964965E+01  0.2753547427962801E-02
  0.4705738553399399E+01  0.2683843050145801E-02
  0.4705938735833834E+01  0.2614138672328801E-02
  0.4706138918268269E+01  0.2544434294511492E-02
  0.4706339100702703E+01  0.2474729916694492E-02
  0.4706539283137137E+01  0.2418129466482613E-02
  0.4706739465571571E+01  0.2361529035731765E-02
  0.4706939648006006E+01  0.2304928604980665E-02
  0.4707139830440441E+01  0.2248328174229816E-02
  0.4707340012874875E+01  0.2191727743478968E-02
  0.4707540195309310E+01  0.2135127312727868E-02
  0.4707740377743744E+01  0.2080982117714106E-02
  0.4707940560178178E+01  0.2034202603392757E-02
  0.4708140742612613E+01  0.1987423089071407E-02
  0.4708340925047048E+01  0.1940643574749851E-02
  0.4708541107481482E+01  0.1893864060428501E-02
  0.4708741289915916E+01  0.1847084546107151E-02
  0.4708941472350350E+01  0.1800305031785802E-02
  0.4709141654784785E+01  0.1758064712444389E-02
  0.4709341837219220E+01  0.1720363627305612E-02
  0.4709542019653654E+01  0.1682662542166835E-02
  0.4709742202088088E+01  0.1644961457028058E-02
  0.4709942384522523E+01  0.1607260371889113E-02
  0.4710142566956957E+01  0.1569559286750336E-02
  0.4710342749391391E+01  0.1531858201611559E-02
  0.4710542931825826E+01  0.1498765564101157E-02
  0.4710743114260261E+01  0.1467209075800066E-02
  0.4710943296694695E+01  0.1435652587499114E-02
  0.4711143479129129E+01  0.1404096099198162E-02
  0.4711343661563563E+01  0.1372539610897211E-02
  0.4711543843997998E+01  0.1340983122596119E-02
  0.4711744026432433E+01  0.1309426634295167E-02
  0.4711944208866867E+01  0.1282929300060150E-02
  0.4712144391301301E+01  0.1256431980169141E-02
  0.4712344573735736E+01  0.1229934660278016E-02
  0.4712544756170170E+01  0.1203437340387008E-02
  0.4712744938604605E+01  0.1176940020495999E-02
  0.4712945121039040E+01  0.1150442700604874E-02
  0.4713145303473474E+01  0.1124947164488158E-02
  0.4713345485907908E+01  0.1102456990514547E-02
  0.4713545668342342E+01  0.1079966816540936E-02
  0.4713745850776777E+01  0.1057476642567225E-02
  0.4713946033211212E+01  0.1034986468593614E-02
  0.4714146215645646E+01  0.1012496294620003E-02
  0.4714346398080080E+01  0.9900061206463925E-03
  0.4714546580514515E+01  0.9691425743508902E-03
  0.4714746762948949E+01  0.9499056785737238E-03
  0.4714946945383383E+01  0.9306687827965573E-03
  0.4715147127817818E+01  0.9114318870193911E-03
  0.4715347310252253E+01  0.8921949912421394E-03
  0.4715547492686687E+01  0.8729580954649730E-03
  0.4715747675121121E+01  0.8537211996878068E-03
  0.4715947857555555E+01  0.8366563320544556E-03
  0.4716148039989990E+01  0.8203154790156342E-03
  0.4716348222424425E+01  0.8039746259768852E-03
  0.4716548404858859E+01  0.7876337729381365E-03
  0.4716748587293293E+01  0.7712929198993876E-03
  0.4716948769727728E+01  0.7549520668605662E-03
  0.4717148952162162E+01  0.7386112158575393E-03
  0.4717349134596597E+01  0.7247833681974159E-03
  0.4717549317031031E+01  0.7109555205372923E-03
  0.4717749499465466E+01  0.6971276728771073E-03
  0.4717949681899900E+01  0.6832998252169838E-03
  0.4718149864334334E+01  0.6694719775568602E-03
  0.4718350046768769E+01  0.6556441298966753E-03
  0.4718550229203204E+01  0.6422954282751367E-03
  0.4718750411637638E+01  0.6303841802951999E-03
  0.4718950594072072E+01  0.6184729323152632E-03
  0.4719150776506507E+01  0.6065616843352736E-03
  0.4719350958940941E+01  0.5946504363553369E-03
  0.4719551141375375E+01  0.5827391883754002E-03
  0.4719751323809810E+01  0.5708279403954633E-03
  0.4719951506244245E+01  0.5597536321875138E-03
  0.4720151688678679E+01  0.5495162632996582E-03
  0.4720351871113113E+01  0.5392788944118027E-03
  0.4720552053547547E+01  0.5290415255239471E-03
  0.4720752235981982E+01  0.5188041566360460E-03
  0.4720952418416417E+01  0.5085667877481905E-03
  0.4721152600850851E+01  0.4983294188603348E-03
  0.4721352783285285E+01  0.4892081109137489E-03
  0.4721552965719720E+01  0.4804588286384696E-03
  0.4721753148154154E+01  0.4717095463632291E-03
  0.4721953330588589E+01  0.4629602640879887E-03
  0.4722153513023023E+01  0.4542109818127482E-03
  0.4722353695457458E+01  0.4454616995374689E-03
  0.4722553877891892E+01  0.4367124172622284E-03
  0.4722754060326326E+01  0.4291728690380659E-03
  0.4722954242760760E+01  0.4216333214672132E-03
  0.4723154425195196E+01  0.4140937738963270E-03
  0.4723354607629630E+01  0.4065542263254744E-03
  0.4723554790064064E+01  0.3990146787546216E-03
  0.4723754972498499E+01  0.3914751311837355E-03
  0.4723955154932933E+01  0.3842531635033742E-03
  0.4724155337367367E+01  0.3779839526455337E-03
  0.4724355519801802E+01  0.3717147417876932E-03
  0.4724555702236237E+01  0.3654455309298249E-03
  0.4724755884670671E+01  0.3591763200719844E-03
  0.4724956067105105E+01  0.3529071092141440E-03
  0.4725156249539539E+01  0.3466378983563035E-03
  0.4725356431973974E+01  0.3408455748632668E-03
  0.4725556614408409E+01  0.3355301410529731E-03
  0.4725756796842843E+01  0.3302147072426794E-03
  0.4725956979277277E+01  0.3248992734323857E-03
  0.4726157161711712E+01  0.3195838396220683E-03
  0.4726357344146146E+01  0.3142684058117746E-03
  0.4726557526580581E+01  0.3089529720014809E-03
  0.4726757709015015E+01  0.3043375991952031E-03
  0.4726957891449450E+01  0.2999555788807048E-03
  0.4727158073883884E+01  0.2955735585662261E-03
  0.4727358256318318E+01  0.2911915382517473E-03
  0.4727558438752753E+01  0.2868095179372686E-03
  0.4727758621187188E+01  0.2824274976227703E-03
  0.4727958803621622E+01  0.2780454773082916E-03
  0.4728158986056056E+01  0.2748427392629356E-03
  0.4728359168490490E+01  0.2716400034466241E-03
  0.4728559350924925E+01  0.2684372676302985E-03
  0.4728759533359360E+01  0.2652345318139871E-03
  0.4728959715793794E+01  0.2620317959976757E-03
  0.4729159898228229E+01  0.2588290601813501E-03
  0.4729360080662663E+01  0.2557603045698979E-03
  0.4729560263097097E+01  0.2530934889941756E-03
  0.4729760445531531E+01  0.2504266734184533E-03
  0.4729960627965967E+01  0.2477598578427191E-03
  0.4730160810400401E+01  0.2450930422669968E-03
  0.4730360992834835E+01  0.2424262266912744E-03
  0.4730561175269269E+01  0.2397594111155521E-03
  0.4730761357703704E+01  0.2373550403692620E-03
  0.4730961540138138E+01  0.2352131171453632E-03
  0.4731161722572573E+01  0.2330711939214643E-03
  0.4731361905007007E+01  0.2309292706975654E-03
  0.4731562087441442E+01  0.2287873474736571E-03
  0.4731762269875876E+01  0.2266454242497582E-03
  0.4731962452310310E+01  0.2245035010258594E-03
  0.4732162634744745E+01  0.2224879451909362E-03
  0.4732362817179180E+01  0.2205145119099893E-03
  0.4732562999613614E+01  0.2185410786290511E-03
  0.4732763182048048E+01  0.2165676453481130E-03
  0.4732963364482482E+01  0.2145942120671749E-03
  0.4733163546916917E+01  0.2126207787862280E-03
  0.4733363729351352E+01  0.2106473455052898E-03
  0.4733563911785786E+01  0.2088460961796175E-03
  0.4733764094220220E+01  0.2070448474118722E-03
  0.4733964276654655E+01  0.2052435986441189E-03
  0.4734164459089089E+01  0.2034423498763736E-03
  0.4734364641523523E+01  0.2016411011086282E-03
  0.4734564823957959E+01  0.1998398523408749E-03
  0.4734765006392393E+01  0.1981176179792516E-03
  0.4734965188826827E+01  0.1966324282014870E-03
  0.4735165371261261E+01  0.1951472384237225E-03
  0.4735365553695696E+01  0.1936620486459514E-03
  0.4735565736130130E+01  0.1921768588681868E-03
  0.4735765918564565E+01  0.1906916690904223E-03
  0.4735966100998999E+01  0.1892064793126578E-03
  0.4736166283433434E+01  0.1877137581214633E-03
  0.4736366465867868E+01  0.1862135053988987E-03
  0.4736566648302302E+01  0.1847132526763342E-03
  0.4736766830736737E+01  0.1832129999537697E-03
  0.4736967013171172E+01  0.1817127472311985E-03
  0.4737167195605606E+01  0.1802124945086340E-03
  0.4737367378040040E+01  0.1787122417860694E-03
  0.4737567560474474E+01  0.1771676002137760E-03
  0.4737767742908909E+01  0.1756081622197267E-03
  0.4737967925343344E+01  0.1740487242256843E-03
  0.4738168107777778E+01  0.1724892862316420E-03
  0.4738368290212212E+01  0.1709298482375996E-03
  0.4738568472646647E+01  0.1693704102435503E-03
  0.4738768655081081E+01  0.1678109721511121E-03
  0.4738968837515515E+01  0.1660086053102693E-03
  0.4739169019949950E+01  0.1642062384694264E-03
  0.4739369202384385E+01  0.1624038716285755E-03
  0.4739569384818819E+01  0.1606015047877327E-03
  0.4739769567253253E+01  0.1587991379468898E-03
  0.4739969749687688E+01  0.1569967711060389E-03
  0.4740169932122122E+01  0.1552080472876280E-03
  0.4740370114556557E+01  0.1534602530670052E-03
  0.4740570296990991E+01  0.1517124588463825E-03
  0.4740770479425426E+01  0.1499646646257519E-03
  0.4740970661859860E+01  0.1482168704051291E-03
  0.4741170844294294E+01  0.1464690761845063E-03
  0.4741371026728729E+01  0.1447212819638836E-03
  0.4741571209163164E+01  0.1430422544308188E-03
  0.4741771391597598E+01  0.1414319936596023E-03
  0.4741971574032032E+01  0.1398217328883858E-03
  0.4742171756466466E+01  0.1382114721171692E-03
  0.4742371938900901E+01  0.1366012113459455E-03
  0.4742572121335336E+01  0.1349909505747290E-03
  0.4742772303769770E+01  0.1333806898035125E-03
  0.4742972486204204E+01  0.1318729149945315E-03
  0.4743172668638639E+01  0.1303993027387308E-03
  0.4743372851073073E+01  0.1289256904829368E-03
  0.4743573033507507E+01  0.1274520782271427E-03
  0.4743773215941942E+01  0.1259784659713486E-03
  0.4743973398376377E+01  0.1245048537155479E-03
  0.4744173580810811E+01  0.1230312414597538E-03
  0.4744373763245245E+01  0.1216850852226474E-03
  0.4744573945679679E+01  0.1203389291059977E-03
  0.4744774128114114E+01  0.1189927729893420E-03
  0.4744974310548549E+01  0.1176466168726923E-03
  0.4745174492982983E+01  0.1163004607560426E-03
  0.4745374675417418E+01  0.1149543046393869E-03
  0.4745574857851852E+01  0.1136426944225169E-03
  0.4745775040286286E+01  0.1124347239945391E-03
  0.4745975222720721E+01  0.1112267535665612E-03
  0.4746175405155156E+01  0.1100187831385779E-03
  0.4746375587589590E+01  0.1088108127106000E-03
  0.4746575770024024E+01  0.1076028422826221E-03
  0.4746775952458458E+01  0.1063948718546443E-03
  0.4746976134892893E+01  0.1052366163671013E-03
  0.4747176317327328E+01  0.1041280761421854E-03
  0.4747376499761762E+01  0.1030195359172694E-03
  0.4747576682196196E+01  0.1019109956923536E-03
  0.4747776864630631E+01  0.1008024554674327E-03
  0.4747977047065065E+01  0.9969391524251678E-04
  0.4748177229499499E+01  0.9858537501760085E-04
  0.4748377411933934E+01  0.9753470528291090E-04
  0.4748577594368369E+01  0.9650332617000257E-04
  0.4748777776802803E+01  0.9547194705709882E-04
  0.4748977959237237E+01  0.9444056794419507E-04
  0.4749178141671671E+01  0.9340918883129131E-04
  0.4749378324106106E+01  0.9237780971838300E-04
  0.4749578506540541E+01  0.9134643060547924E-04
  0.4749778688974975E+01  0.9002576181087411E-04
  0.4749978871409409E+01  0.8870509235228919E-04
  0.4750179053843844E+01  0.8738442289369839E-04
  0.4750379236278278E+01  0.8606375343511346E-04
  0.4750579418712713E+01  0.8474308397652853E-04
  0.4750779601147148E+01  0.8342241451793774E-04
  0.4750979783581582E+01  0.8209965832692993E-04
  0.4751179966016016E+01  0.8077064193414583E-04
  0.4751380148450450E+01  0.7944162554136174E-04
  0.4751580330884885E+01  0.7811260914857174E-04
  0.4751780513319320E+01  0.7678359275578765E-04
  0.4751980695753754E+01  0.7545457636300355E-04
  0.4752180878188188E+01  0.7412555997021944E-04
  0.4752381060622623E+01  0.7276625929144987E-04
  0.4752581243057057E+01  0.7137667396689546E-04
  0.4752781425491492E+01  0.6998708864234109E-04
  0.4752981607925926E+01  0.6859750331778669E-04
  0.4753181790360361E+01  0.6720791799322614E-04
  0.4753381972794795E+01  0.6581833266867174E-04
  0.4753582155229229E+01  0.6442874734411735E-04
  0.4753782337663663E+01  0.6328572758400032E-04
  0.4753982520098099E+01  0.6222489670044476E-04
  0.4754182702532533E+01  0.6116406581689390E-04
  0.4754382884966967E+01  0.6010323493334305E-04
  0.4754583067401401E+01  0.5904240404979219E-04
  0.4754783249835836E+01  0.5798157316623663E-04
  0.4754983432270270E+01  0.5692074228268577E-04
  0.4755183614704705E+01  0.5611271912411230E-04
  0.4755383797139139E+01  0.5530469688710852E-04
  0.4755583979573574E+01  0.5449667465010115E-04
  0.4755784162008008E+01  0.5368865241309738E-04
  0.4755984344442442E+01  0.5288063017609360E-04
  0.4756184526876877E+01  0.5207260793908625E-04
  0.4756384709311312E+01  0.5127798607766320E-04
  0.4756584891745746E+01  0.5052356566140468E-04
  0.4756785074180180E+01  0.4976914524514616E-04
  0.4756985256614615E+01  0.4901472482888430E-04
  0.4757185439049049E+01  0.4826030441262579E-04
  0.4757385621483484E+01  0.4750588399636727E-04
  0.4757585803917918E+01  0.4675146358010876E-04
  0.4757785986352353E+01  0.4600763430286595E-04
  0.4757986168786787E+01  0.4527439634767813E-04
  0.4758186351221221E+01  0.4454115839249032E-04
  0.4758386533655655E+01  0.4380792043730250E-04
  0.4758586716090091E+01  0.4307468248211142E-04
  0.4758786898524525E+01  0.4234144452692361E-04
  0.4758987080958959E+01  0.4160820657173579E-04
  0.4759187263393393E+01  0.4085702289993486E-04
  0.4759387445827828E+01  0.4009985725367497E-04
  0.4759587628262262E+01  0.3934269160741846E-04
  0.4759787810696697E+01  0.3858552596116194E-04
  0.4759987993131131E+01  0.3782836031490542E-04
  0.4760188175565566E+01  0.3707119466864553E-04
  0.4760588540434434E+01  0.0000000000000000E+00
