  1000 NIRCAM_F480M        
  0.2363895167000000E+01  0.5102285840673674E+01  0.2920443459920280E+02  0.3382717517637822E+01  0.8104434599202801E+01  0.2080779978219816E-11  0.1610322988903247E+03  0.4809403428581247E+01  0.3722014333577137E-16  0.4816746248186801E+01
  0.4820611022286594E+01  0.4815368024003943E+01  0.4818124866836270E+01  0.4819653036085383E+01  0.4831401375948112E+01  0.2252825824685929E+00  0.3145310470429461E+00  0.3072955718946395E+00  0.4662325273403189E+01  0.4976856320446135E+01
  0.1227654328318499E+01  0.3072955718946395E+01  0.2549450679987100E-01  0.4278674494364695E-17  0.1322174552298761E-20  0.2539999961853027E+06  0.2299234341554050E+02  0.2637506245905722E+02  0.3109677801474330E+02
  0.2363895167000000E+01  0.0000000000000000E+00
  0.2366633557673674E+01  0.4173521884991261E-04
  0.2369371948347347E+01  0.4272283413550060E-04
  0.2372110339021021E+01  0.4347813934527836E-04
  0.2374848729694695E+01  0.4415610777448214E-04
  0.2377587120368368E+01  0.4507383015273672E-04
  0.2380325511042042E+01  0.4499687291904173E-04
  0.2383063901715716E+01  0.4420124703896602E-04
  0.2385802292389389E+01  0.4211432069050594E-04
  0.2388540683063063E+01  0.4089995739786471E-04
  0.2391279073736737E+01  0.4035194042853830E-04
  0.2394017464410410E+01  0.4137132591390778E-04
  0.2396755855084084E+01  0.4220399829749228E-04
  0.2399494245757757E+01  0.4215457022153812E-04
  0.2402232636431431E+01  0.4179947424061492E-04
  0.2404971027105105E+01  0.4146463484570512E-04
  0.2407709417778779E+01  0.4162970054264981E-04
  0.2410447808452453E+01  0.4167639190846423E-04
  0.2413186199126126E+01  0.4157843969961237E-04
  0.2415924589799800E+01  0.4149743767790497E-04
  0.2418662980473473E+01  0.4126116384775586E-04
  0.2421401371147147E+01  0.4025249750446668E-04
  0.2424139761820821E+01  0.4403703782149299E-04
  0.2426878152494494E+01  0.4859756339651775E-04
  0.2429616543168168E+01  0.5315808897154325E-04
  0.2432354933841842E+01  0.5771861454656875E-04
  0.2435093324515516E+01  0.6227914012159425E-04
  0.2437831715189189E+01  0.6683966569661975E-04
  0.2440570105862863E+01  0.7140019127164451E-04
  0.2443308496536536E+01  0.7596071684667001E-04
  0.2446046887210210E+01  0.8052124242169551E-04
  0.2448785277883884E+01  0.8508176799672101E-04
  0.2451523668557558E+01  0.8964229357174650E-04
  0.2454262059231231E+01  0.9420281914677126E-04
  0.2457000449904905E+01  0.9876334472179677E-04
  0.2459738840578579E+01  0.1033238702968223E-03
  0.2462477231252252E+01  0.1078843958718478E-03
  0.2465215621925926E+01  0.1124449214468733E-03
  0.2467954012599599E+01  0.1170054470218980E-03
  0.2470692403273273E+01  0.1215659725969235E-03
  0.2473430793946947E+01  0.1261264981719490E-03
  0.2476169184620621E+01  0.1306870237469745E-03
  0.2478907575294294E+01  0.1352475493220000E-03
  0.2481645965967968E+01  0.1398080748970248E-03
  0.2484384356641641E+01  0.1443686004720503E-03
  0.2487122747315315E+01  0.1489291260470758E-03
  0.2489861137988989E+01  0.1534896516221013E-03
  0.2492599528662663E+01  0.1580501771971268E-03
  0.2495337919336336E+01  0.1626107027721516E-03
  0.2498076310010010E+01  0.1671712283471770E-03
  0.2500814700683684E+01  0.1653151454185972E-03
  0.2503553091357357E+01  0.1467933600754564E-03
  0.2506291482031031E+01  0.1336326724305578E-03
  0.2509029872704704E+01  0.1141717660291230E-03
  0.2511768263378378E+01  0.9537662320810048E-04
  0.2514506654052052E+01  0.7853474829290910E-04
  0.2517245044725726E+01  0.6849401771721410E-04
  0.2519983435399400E+01  0.5337126761971231E-04
  0.2522721826073073E+01  0.4081546489043899E-04
  0.2525460216746747E+01  0.4072413325352698E-04
  0.2528198607420420E+01  0.4072338024412879E-04
  0.2530936998094094E+01  0.4072262723473060E-04
  0.2533675388767768E+01  0.4072187422533242E-04
  0.2536413779441441E+01  0.4072112121593423E-04
  0.2539152170115115E+01  0.4072036820653604E-04
  0.2541890560788789E+01  0.4071961519713786E-04
  0.2544628951462462E+01  0.4071886218773967E-04
  0.2547367342136136E+01  0.4071810917834149E-04
  0.2550105732809810E+01  0.4071735616894330E-04
  0.2552844123483483E+01  0.4071660315954512E-04
  0.2555582514157157E+01  0.4071585015014693E-04
  0.2558320904830831E+01  0.4071509714074875E-04
  0.2561059295504505E+01  0.4071434413135056E-04
  0.2563797686178178E+01  0.4071359112195238E-04
  0.2566536076851852E+01  0.4071283811255419E-04
  0.2569274467525525E+01  0.4071208510315599E-04
  0.2572012858199199E+01  0.4071133209375781E-04
  0.2574751248872873E+01  0.4071057908435962E-04
  0.2577489639546546E+01  0.4070982607496144E-04
  0.2580228030220220E+01  0.4070907306556326E-04
  0.2582966420893894E+01  0.4070832005616507E-04
  0.2585704811567568E+01  0.4070756704676688E-04
  0.2588443202241241E+01  0.4070681403736869E-04
  0.2591181592914915E+01  0.4070606102797050E-04
  0.2593919983588588E+01  0.4070530801857233E-04
  0.2596658374262262E+01  0.4070455500917414E-04
  0.2599396764935936E+01  0.4070380199977596E-04
  0.2602135155609610E+01  0.4070304899037777E-04
  0.2604873546283283E+01  0.4070229598097958E-04
  0.2607611936956957E+01  0.4070154297158140E-04
  0.2610350327630631E+01  0.4070078996218321E-04
  0.2613088718304304E+01  0.4070003695278502E-04
  0.2615827108977978E+01  0.4069928394338684E-04
  0.2618565499651651E+01  0.4069853093398865E-04
  0.2621303890325325E+01  0.4069777792459046E-04
  0.2624042280998999E+01  0.4069702491519228E-04
  0.2626780671672673E+01  0.4069627190579409E-04
  0.2629519062346346E+01  0.4069551889639591E-04
  0.2632257453020020E+01  0.4069476588699772E-04
  0.2634995843693694E+01  0.4069401287759953E-04
  0.2637734234367367E+01  0.4069325986820135E-04
  0.2640472625041041E+01  0.4069250685880316E-04
  0.2643211015714715E+01  0.4069175384940498E-04
  0.2645949406388388E+01  0.4069100084000680E-04
  0.2648687797062062E+01  0.4069024783060861E-04
  0.2651426187735736E+01  0.4068949482121042E-04
  0.2654164578409409E+01  0.4068874181181223E-04
  0.2656902969083083E+01  0.4068798880241405E-04
  0.2659641359756757E+01  0.4068723579301586E-04
  0.2662379750430430E+01  0.4068648278361767E-04
  0.2665118141104104E+01  0.4068572977421948E-04
  0.2667856531777778E+01  0.4068497676482131E-04
  0.2670594922451452E+01  0.4068422375542311E-04
  0.2673333313125125E+01  0.4068347074602492E-04
  0.2676071703798799E+01  0.4068271773662675E-04
  0.2678810094472472E+01  0.4068196472722856E-04
  0.2681548485146146E+01  0.4068121171783037E-04
  0.2684286875819820E+01  0.4068045870843218E-04
  0.2687025266493493E+01  0.4067970569903400E-04
  0.2689763657167167E+01  0.4067895268963582E-04
  0.2692502047840841E+01  0.4067819968023762E-04
  0.2695240438514515E+01  0.4067744667083944E-04
  0.2697978829188188E+01  0.4067669366144126E-04
  0.2700717219861862E+01  0.4067594065204307E-04
  0.2703455610535535E+01  0.4067518764264488E-04
  0.2706194001209209E+01  0.4067443463324669E-04
  0.2708932391882883E+01  0.4067368162384852E-04
  0.2711670782556557E+01  0.4067292861445032E-04
  0.2714409173230230E+01  0.4067217560505214E-04
  0.2717147563903904E+01  0.4067142259565395E-04
  0.2719885954577578E+01  0.4067066958625577E-04
  0.2722624345251251E+01  0.4066991657685758E-04
  0.2725362735924925E+01  0.4066916356745939E-04
  0.2728101126598598E+01  0.4066841055806121E-04
  0.2730839517272272E+01  0.4066765754866302E-04
  0.2733577907945946E+01  0.4066690453926483E-04
  0.2736316298619620E+01  0.4066615152986664E-04
  0.2739054689293293E+01  0.4066539852046847E-04
  0.2741793079966967E+01  0.4066464551107028E-04
  0.2744531470640641E+01  0.4066389250167209E-04
  0.2747269861314314E+01  0.4066313949227391E-04
  0.2750008251987988E+01  0.4066238648287572E-04
  0.2752746642661662E+01  0.4066163347347753E-04
  0.2755485033335335E+01  0.4066088046407935E-04
  0.2758223424009009E+01  0.4066012745468116E-04
  0.2760961814682683E+01  0.4065937444528297E-04
  0.2763700205356356E+01  0.4065862143588479E-04
  0.2766438596030030E+01  0.4065786842648660E-04
  0.2769176986703703E+01  0.4065711541708842E-04
  0.2771915377377377E+01  0.4065636240769023E-04
  0.2774653768051051E+01  0.4065560939829204E-04
  0.2777392158724725E+01  0.4065485638889386E-04
  0.2780130549398399E+01  0.4065410337949567E-04
  0.2782868940072072E+01  0.4065335037009748E-04
  0.2785607330745746E+01  0.4065259736069930E-04
  0.2788345721419419E+01  0.4065184435130111E-04
  0.2791084112093093E+01  0.4065109134190293E-04
  0.2793822502766767E+01  0.4065033833250474E-04
  0.2796560893440440E+01  0.4064958532310656E-04
  0.2799299284114114E+01  0.4064883231370837E-04
  0.2802037674787788E+01  0.4064807930431018E-04
  0.2804776065461462E+01  0.4064732629491199E-04
  0.2807514456135135E+01  0.4064657328551381E-04
  0.2810252846808809E+01  0.4064582027611563E-04
  0.2812991237482482E+01  0.4064506726671744E-04
  0.2815729628156156E+01  0.4064431425731925E-04
  0.2818468018829830E+01  0.4064356124792107E-04
  0.2821206409503504E+01  0.4064280823852288E-04
  0.2823944800177177E+01  0.4064205522912469E-04
  0.2826683190850851E+01  0.4064130221972650E-04
  0.2829421581524524E+01  0.4064054921032832E-04
  0.2832159972198198E+01  0.4063979620093014E-04
  0.2834898362871872E+01  0.4063904319153195E-04
  0.2837636753545545E+01  0.4063829018213377E-04
  0.2840375144219219E+01  0.4063753717273558E-04
  0.2843113534892893E+01  0.4063678416333739E-04
  0.2845851925566567E+01  0.4063603115393921E-04
  0.2848590316240240E+01  0.4063527814454102E-04
  0.2851328706913914E+01  0.4063452513514284E-04
  0.2854067097587587E+01  0.4063377212574464E-04
  0.2856805488261261E+01  0.4063301911634646E-04
  0.2859543878934935E+01  0.4063226610694828E-04
  0.2862282269608609E+01  0.4063151309755010E-04
  0.2865020660282282E+01  0.4063076008815191E-04
  0.2867759050955956E+01  0.4063000707875372E-04
  0.2870497441629630E+01  0.4062925406935553E-04
  0.2873235832303303E+01  0.4062850105995735E-04
  0.2875974222976977E+01  0.4062774805055916E-04
  0.2878712613650650E+01  0.4062699504116097E-04
  0.2881451004324324E+01  0.4062624203176279E-04
  0.2884189394997998E+01  0.4062548902236460E-04
  0.2886927785671672E+01  0.4062473601296642E-04
  0.2889666176345346E+01  0.4062398300356823E-04
  0.2892404567019019E+01  0.4062322999417004E-04
  0.2895142957692693E+01  0.4062247698477186E-04
  0.2897881348366366E+01  0.4062172397537367E-04
  0.2900619739040040E+01  0.4062097096597548E-04
  0.2903358129713713E+01  0.4062021795657730E-04
  0.2906096520387387E+01  0.4061946494717911E-04
  0.2908834911061061E+01  0.4061871193778093E-04
  0.2911573301734735E+01  0.4061795892838275E-04
  0.2914311692408408E+01  0.4061720591898456E-04
  0.2917050083082082E+01  0.4061645290958637E-04
  0.2919788473755756E+01  0.4061569990018818E-04
  0.2922526864429429E+01  0.4061494689078999E-04
  0.2925265255103103E+01  0.4061419388139181E-04
  0.2928003645776777E+01  0.4061344087199362E-04
  0.2930742036450450E+01  0.4061268786259544E-04
  0.2933480427124124E+01  0.4061193485319726E-04
  0.2936218817797798E+01  0.4061118184379906E-04
  0.2938957208471471E+01  0.4061042883440088E-04
  0.2941695599145145E+01  0.4060967582500269E-04
  0.2944433989818819E+01  0.4060892281560450E-04
  0.2947172380492492E+01  0.4060816980620632E-04
  0.2949910771166166E+01  0.4060741679680813E-04
  0.2952649161839840E+01  0.4060666378740995E-04
  0.2955387552513514E+01  0.4060591077801176E-04
  0.2958125943187187E+01  0.4060515776861358E-04
  0.2960864333860861E+01  0.4060440475921539E-04
  0.2963602724534534E+01  0.4060365174981721E-04
  0.2966341115208208E+01  0.4060289874041902E-04
  0.2969079505881882E+01  0.4060214573102083E-04
  0.2971817896555556E+01  0.4060139272162264E-04
  0.2974556287229229E+01  0.4060063971222446E-04
  0.2977294677902903E+01  0.4059988670282627E-04
  0.2980033068576577E+01  0.4059913369342809E-04
  0.2982771459250250E+01  0.4059838068402991E-04
  0.2985509849923924E+01  0.4059762767463172E-04
  0.2988248240597597E+01  0.4059687466523353E-04
  0.2990986631271271E+01  0.4059612165583534E-04
  0.2993725021944945E+01  0.4059536864643716E-04
  0.2996463412618619E+01  0.4059461563703897E-04
  0.2999201803292292E+01  0.4059386262764078E-04
  0.3001940193965966E+01  0.4059310961824260E-04
  0.3004678584639640E+01  0.4059235660884442E-04
  0.3007416975313313E+01  0.4059160359944623E-04
  0.3010155365986987E+01  0.4059085059004804E-04
  0.3012893756660660E+01  0.4059009758064986E-04
  0.3015632147334334E+01  0.4058934457125167E-04
  0.3018370538008008E+01  0.4058859156185348E-04
  0.3021108928681682E+01  0.4058783855245529E-04
  0.3023847319355355E+01  0.4058708554305711E-04
  0.3026585710029029E+01  0.4058633253365893E-04
  0.3029324100702703E+01  0.4058557952426074E-04
  0.3032062491376376E+01  0.4058482651486255E-04
  0.3034800882050050E+01  0.4058407350546437E-04
  0.3037539272723724E+01  0.4058332049606618E-04
  0.3040277663397397E+01  0.4058256748666799E-04
  0.3043016054071071E+01  0.4058181447726981E-04
  0.3045754444744745E+01  0.4058106146787162E-04
  0.3048492835418418E+01  0.4058030845847344E-04
  0.3051231226092092E+01  0.4057955544907525E-04
  0.3053969616765766E+01  0.4057880243967707E-04
  0.3056708007439439E+01  0.4057804943027888E-04
  0.3059446398113113E+01  0.4057729642088069E-04
  0.3062184788786787E+01  0.4057654341148250E-04
  0.3064923179460461E+01  0.4057579040208432E-04
  0.3067661570134134E+01  0.4057503739268613E-04
  0.3070399960807808E+01  0.4057428438328795E-04
  0.3073138351481481E+01  0.4057353137388976E-04
  0.3075876742155155E+01  0.4057277836449158E-04
  0.3078615132828829E+01  0.4057202535509339E-04
  0.3081353523502503E+01  0.4057127234569521E-04
  0.3084091914176176E+01  0.4057051933629702E-04
  0.3086830304849850E+01  0.4056976632689883E-04
  0.3089568695523524E+01  0.4056901331750064E-04
  0.3092307086197197E+01  0.4056826030810246E-04
  0.3095045476870871E+01  0.4056750729870428E-04
  0.3097783867544544E+01  0.4056675428930609E-04
  0.3100522258218218E+01  0.4056600127990790E-04
  0.3103260648891892E+01  0.4056524827050971E-04
  0.3105999039565566E+01  0.4056449526111153E-04
  0.3108737430239239E+01  0.4056374225171334E-04
  0.3111475820912913E+01  0.4056298924231516E-04
  0.3114214211586587E+01  0.4056223623291697E-04
  0.3116952602260260E+01  0.4056148322351879E-04
  0.3119690992933934E+01  0.4056073021412059E-04
  0.3122429383607607E+01  0.4055997720472241E-04
  0.3125167774281281E+01  0.4055922419532423E-04
  0.3127906164954955E+01  0.4055847118592604E-04
  0.3130644555628629E+01  0.4055771817652786E-04
  0.3133382946302302E+01  0.4055696516712967E-04
  0.3136121336975976E+01  0.4055621215773148E-04
  0.3138859727649649E+01  0.4055545914833330E-04
  0.3141598118323323E+01  0.4055470613893510E-04
  0.3144336508996997E+01  0.4055395312953692E-04
  0.3147074899670671E+01  0.4055320012013874E-04
  0.3149813290344344E+01  0.4055244711074055E-04
  0.3152551681018018E+01  0.4055169410134237E-04
  0.3155290071691692E+01  0.4055094109194418E-04
  0.3158028462365365E+01  0.4055018808254599E-04
  0.3160766853039039E+01  0.4054943507314780E-04
  0.3163505243712713E+01  0.4054868206374962E-04
  0.3166243634386386E+01  0.4054792905435144E-04
  0.3168982025060060E+01  0.4054717604495325E-04
  0.3171720415733734E+01  0.4054642303555506E-04
  0.3174458806407408E+01  0.4054567002615688E-04
  0.3177197197081081E+01  0.4054491701675869E-04
  0.3179935587754755E+01  0.4054416400736050E-04
  0.3182673978428428E+01  0.4054341099796232E-04
  0.3185412369102102E+01  0.4054265798856413E-04
  0.3188150759775776E+01  0.4054190497916595E-04
  0.3190889150449450E+01  0.4054115196976776E-04
  0.3193627541123123E+01  0.4054039896036957E-04
  0.3196365931796797E+01  0.4053964595097139E-04
  0.3199104322470470E+01  0.4053889294157321E-04
  0.3201842713144144E+01  0.4053813993217502E-04
  0.3204581103817818E+01  0.4053738692277683E-04
  0.3207319494491491E+01  0.4053663391337864E-04
  0.3210057885165165E+01  0.4053588090398046E-04
  0.3212796275838839E+01  0.4053512789458227E-04
  0.3215534666512513E+01  0.4053437488518409E-04
  0.3218273057186186E+01  0.4053362187578590E-04
  0.3221011447859860E+01  0.4053286886638772E-04
  0.3223749838533533E+01  0.4053211585698953E-04
  0.3226488229207207E+01  0.4053136284759134E-04
  0.3229226619880881E+01  0.4053060983819315E-04
  0.3231965010554554E+01  0.4052985682879497E-04
  0.3234703401228228E+01  0.4052910381939678E-04
  0.3237441791901902E+01  0.4052835080999860E-04
  0.3240180182575576E+01  0.4052759780060042E-04
  0.3242918573249249E+01  0.4052684479120223E-04
  0.3245656963922923E+01  0.4052609178180404E-04
  0.3248395354596596E+01  0.4052533877240586E-04
  0.3251133745270270E+01  0.4052458576300767E-04
  0.3253872135943944E+01  0.4052383275360948E-04
  0.3256610526617618E+01  0.4052307974421129E-04
  0.3259348917291291E+01  0.4052232673481311E-04
  0.3262087307964965E+01  0.4052157372541493E-04
  0.3264825698638639E+01  0.4052082071601674E-04
  0.3267564089312312E+01  0.4052006770661855E-04
  0.3270302479985986E+01  0.4051931469722037E-04
  0.3273040870659660E+01  0.4051856168782218E-04
  0.3275779261333333E+01  0.4051780867842399E-04
  0.3278517652007007E+01  0.4051705566902580E-04
  0.3281256042680681E+01  0.4051630265962762E-04
  0.3283994433354354E+01  0.4051554965022943E-04
  0.3286732824028028E+01  0.4051479664083125E-04
  0.3289471214701702E+01  0.4051404363143306E-04
  0.3292209605375375E+01  0.4051329062203487E-04
  0.3294947996049049E+01  0.4051253761263669E-04
  0.3297686386722723E+01  0.4051178460323850E-04
  0.3300424777396397E+01  0.4051103159384032E-04
  0.3303163168070070E+01  0.4051027858444213E-04
  0.3305901558743744E+01  0.4050952557504394E-04
  0.3308639949417417E+01  0.4050877256564576E-04
  0.3311378340091091E+01  0.4050801955624757E-04
  0.3314116730764765E+01  0.4050726654684939E-04
  0.3316855121438438E+01  0.4050651353745120E-04
  0.3319593512112112E+01  0.4050576052805302E-04
  0.3322331902785786E+01  0.4050500751865483E-04
  0.3325070293459460E+01  0.4050425450925664E-04
  0.3327808684133133E+01  0.4050350149985846E-04
  0.3330547074806807E+01  0.4050274849046027E-04
  0.3333285465480480E+01  0.4050199548106208E-04
  0.3336023856154154E+01  0.4050124247166390E-04
  0.3338762246827828E+01  0.4050048946226572E-04
  0.3341500637501501E+01  0.4049973645286753E-04
  0.3344239028175175E+01  0.4049898344346934E-04
  0.3346977418848849E+01  0.4049823043407115E-04
  0.3349715809522523E+01  0.4049747742467297E-04
  0.3352454200196196E+01  0.4049672441527478E-04
  0.3355192590869870E+01  0.4049597140587659E-04
  0.3357930981543543E+01  0.4049521839647841E-04
  0.3360669372217217E+01  0.4049446538708023E-04
  0.3363407762890891E+01  0.4049371237768204E-04
  0.3366146153564564E+01  0.4049295936828385E-04
  0.3368884544238238E+01  0.4049220635888566E-04
  0.3371622934911912E+01  0.4049145334948748E-04
  0.3374361325585586E+01  0.4049070034008929E-04
  0.3377099716259259E+01  0.4048994733069110E-04
  0.3379838106932933E+01  0.4048919432129292E-04
  0.3382576497606607E+01  0.4048844131189474E-04
  0.3385314888280281E+01  0.4048768830249655E-04
  0.3388053278953954E+01  0.4048693529309836E-04
  0.3390791669627628E+01  0.4048618228370018E-04
  0.3393530060301301E+01  0.4048542927430199E-04
  0.3396268450974975E+01  0.4048467626490380E-04
  0.3399006841648649E+01  0.4048392325550561E-04
  0.3401745232322322E+01  0.4048317024610744E-04
  0.3404483622995996E+01  0.4048241723670925E-04
  0.3407222013669670E+01  0.4048166422731106E-04
  0.3409960404343344E+01  0.4048091121791287E-04
  0.3412698795017017E+01  0.4048015820851469E-04
  0.3415437185690691E+01  0.4047940519911650E-04
  0.3418175576364364E+01  0.4047865218971832E-04
  0.3420913967038038E+01  0.4047789918032013E-04
  0.3423652357711712E+01  0.4047714617092195E-04
  0.3426390748385385E+01  0.4047639316152375E-04
  0.3429129139059059E+01  0.4047564015212557E-04
  0.3431867529732733E+01  0.4047488714272738E-04
  0.3434605920406407E+01  0.4047413413332920E-04
  0.3437344311080080E+01  0.4047338112393102E-04
  0.3440082701753754E+01  0.4047262811453283E-04
  0.3442821092427427E+01  0.4047187510513464E-04
  0.3445559483101101E+01  0.4047112209573645E-04
  0.3448297873774774E+01  0.4047036908633827E-04
  0.3451036264448448E+01  0.4046961607694008E-04
  0.3453774655122122E+01  0.4046886306754189E-04
  0.3456513045795796E+01  0.4046811005814372E-04
  0.3459251436469470E+01  0.4046735704874553E-04
  0.3461989827143143E+01  0.4046660403934734E-04
  0.3464728217816817E+01  0.4046585102994915E-04
  0.3467466608490491E+01  0.4046509802055097E-04
  0.3470204999164164E+01  0.4046434501115278E-04
  0.3472943389837838E+01  0.4046359200175459E-04
  0.3475681780511511E+01  0.4046283899235641E-04
  0.3478420171185185E+01  0.4046208598295822E-04
  0.3481158561858859E+01  0.4046133297356004E-04
  0.3483896952532533E+01  0.4046057996416185E-04
  0.3486635343206206E+01  0.4045982695476366E-04
  0.3489373733879880E+01  0.4045907394536548E-04
  0.3492112124553554E+01  0.4045832093596729E-04
  0.3494850515227228E+01  0.4045756792656910E-04
  0.3497588905900901E+01  0.4045681491717092E-04
  0.3500327296574575E+01  0.4045606190777274E-04
  0.3503065687248248E+01  0.4045530889837455E-04
  0.3505804077921922E+01  0.4045455588897636E-04
  0.3508542468595595E+01  0.4045380287957818E-04
  0.3511280859269269E+01  0.4045304987017999E-04
  0.3514019249942943E+01  0.4045229686078180E-04
  0.3516757640616617E+01  0.4045154385138361E-04
  0.3519496031290291E+01  0.4045079084198543E-04
  0.3522234421963964E+01  0.4045003783258724E-04
  0.3524972812637638E+01  0.4044928482318906E-04
  0.3527711203311311E+01  0.4044853181379088E-04
  0.3530449593984985E+01  0.4044777880439269E-04
  0.3533187984658658E+01  0.4044702579499450E-04
  0.3535926375332332E+01  0.4044627278559632E-04
  0.3538664766006006E+01  0.4044551977619813E-04
  0.3541403156679680E+01  0.4044476676679994E-04
  0.3544141547353354E+01  0.4044401375740175E-04
  0.3546879938027027E+01  0.4044326074800357E-04
  0.3549618328700701E+01  0.4044250773860538E-04
  0.3552356719374374E+01  0.4044175472920720E-04
  0.3555095110048048E+01  0.4044100171980902E-04
  0.3557833500721721E+01  0.4044024871041083E-04
  0.3560571891395395E+01  0.4043949570101264E-04
  0.3563310282069069E+01  0.4043874269161445E-04
  0.3566048672742743E+01  0.4043798968221626E-04
  0.3568787063416416E+01  0.4043723667281808E-04
  0.3571525454090090E+01  0.4043648366341990E-04
  0.3574263844763764E+01  0.4043573065402171E-04
  0.3577002235437438E+01  0.4043497764462353E-04
  0.3579740626111111E+01  0.4043422463522534E-04
  0.3582479016784785E+01  0.4043347162582715E-04
  0.3585217407458458E+01  0.4043271861642897E-04
  0.3587955798132132E+01  0.4043196560703078E-04
  0.3590694188805806E+01  0.4043121259763259E-04
  0.3593432579479479E+01  0.4043045958823440E-04
  0.3596170970153153E+01  0.4042970657883622E-04
  0.3598909360826827E+01  0.4042895356943804E-04
  0.3601647751500501E+01  0.4042820056003985E-04
  0.3604386142174175E+01  0.4042744755064166E-04
  0.3607124532847848E+01  0.4042669454124347E-04
  0.3609862923521522E+01  0.4042594153184529E-04
  0.3612601314195195E+01  0.4042518852244710E-04
  0.3615339704868869E+01  0.4042443551304891E-04
  0.3618078095542542E+01  0.4042368250365074E-04
  0.3620816486216216E+01  0.4042292949425255E-04
  0.3623554876889890E+01  0.4042217648485436E-04
  0.3626293267563564E+01  0.4042142347545617E-04
  0.3629031658237238E+01  0.4042067046605799E-04
  0.3631770048910911E+01  0.4041991745665980E-04
  0.3634508439584585E+01  0.4041916444726161E-04
  0.3637246830258258E+01  0.4041841143786343E-04
  0.3639985220931932E+01  0.4041765842846524E-04
  0.3642723611605605E+01  0.4041690541906706E-04
  0.3645462002279279E+01  0.4041615240966887E-04
  0.3648200392952953E+01  0.4041539940027068E-04
  0.3650938783626627E+01  0.4041464639087250E-04
  0.3653677174300300E+01  0.4041389338147432E-04
  0.3656415564973974E+01  0.4041314037207613E-04
  0.3659153955647648E+01  0.4041238736267794E-04
  0.3661892346321321E+01  0.4041163435327975E-04
  0.3664630736994995E+01  0.4041088134388157E-04
  0.3667369127668668E+01  0.4041012833448338E-04
  0.3670107518342342E+01  0.4040937532508519E-04
  0.3672845909016016E+01  0.4040862231568702E-04
  0.3675584299689690E+01  0.4040786930628883E-04
  0.3678322690363363E+01  0.4040711629689064E-04
  0.3681061081037037E+01  0.4040636328749245E-04
  0.3683799471710711E+01  0.4040561027809427E-04
  0.3686537862384385E+01  0.4040485726869608E-04
  0.3689276253058058E+01  0.4040410425929789E-04
  0.3692014643731732E+01  0.4040335124989971E-04
  0.3694753034405405E+01  0.4040259824050153E-04
  0.3697491425079079E+01  0.4040184523110334E-04
  0.3700229815752753E+01  0.4040109222170515E-04
  0.3702968206426426E+01  0.4040033921230697E-04
  0.3705706597100100E+01  0.4039958620290878E-04
  0.3708444987773774E+01  0.4039883319351059E-04
  0.3711183378447448E+01  0.4039808018411240E-04
  0.3713921769121121E+01  0.4039732717471423E-04
  0.3716660159794795E+01  0.4039657416531604E-04
  0.3719398550468469E+01  0.4039582115591785E-04
  0.3722136941142142E+01  0.4039506814651966E-04
  0.3724875331815816E+01  0.4039431513712148E-04
  0.3727613722489489E+01  0.4039356212772329E-04
  0.3730352113163163E+01  0.4039280911832510E-04
  0.3733090503836837E+01  0.4039205610892692E-04
  0.3735828894510511E+01  0.4039130309952873E-04
  0.3738567285184184E+01  0.4039055009013055E-04
  0.3741305675857858E+01  0.4038979708073236E-04
  0.3744044066531532E+01  0.4038904407133417E-04
  0.3746782457205205E+01  0.4038829106193598E-04
  0.3749520847878879E+01  0.4038753805253780E-04
  0.3752259238552552E+01  0.4038678504313961E-04
  0.3754997629226226E+01  0.4038603203374143E-04
  0.3757736019899900E+01  0.4038527902434324E-04
  0.3760474410573574E+01  0.4038452601494506E-04
  0.3763212801247247E+01  0.4038377300554687E-04
  0.3765951191920921E+01  0.4038301999614868E-04
  0.3768689582594595E+01  0.4038226698675050E-04
  0.3771427973268268E+01  0.4038151397735231E-04
  0.3774166363941942E+01  0.4038076096795413E-04
  0.3776904754615615E+01  0.4038000795855594E-04
  0.3779643145289289E+01  0.4037925494915775E-04
  0.3782381535962963E+01  0.4037850193975957E-04
  0.3785119926636637E+01  0.4037774893036138E-04
  0.3787858317310310E+01  0.4037699592096319E-04
  0.3790596707983984E+01  0.4037624291156500E-04
  0.3793335098657658E+01  0.4037548990216683E-04
  0.3796073489331332E+01  0.4037473689276864E-04
  0.3798811880005005E+01  0.4037398388337045E-04
  0.3801550270678679E+01  0.4037323087397226E-04
  0.3804288661352352E+01  0.4037247786457408E-04
  0.3807027052026026E+01  0.4037172485517589E-04
  0.3809765442699700E+01  0.4037097184577770E-04
  0.3812503833373373E+01  0.4037021883637952E-04
  0.3815242224047047E+01  0.4036946582698134E-04
  0.3817980614720721E+01  0.4036871281758315E-04
  0.3820719005394395E+01  0.4036795980818496E-04
  0.3823457396068068E+01  0.4036720679878678E-04
  0.3826195786741742E+01  0.4036645378938859E-04
  0.3828934177415416E+01  0.4036570077999040E-04
  0.3831672568089089E+01  0.4036494777059221E-04
  0.3834410958762763E+01  0.4036419476119404E-04
  0.3837149349436436E+01  0.4036344175179585E-04
  0.3839887740110110E+01  0.4036268874239766E-04
  0.3842626130783784E+01  0.4036193573299948E-04
  0.3845364521457458E+01  0.4036118272360129E-04
  0.3848102912131131E+01  0.4036042971420310E-04
  0.3850841302804805E+01  0.4035967670480491E-04
  0.3853579693478479E+01  0.4035892369540673E-04
  0.3856318084152152E+01  0.4035817068600855E-04
  0.3859056474825826E+01  0.4035741767661036E-04
  0.3861794865499499E+01  0.4035666466721217E-04
  0.3864533256173173E+01  0.4035591165781398E-04
  0.3867271646846847E+01  0.4035515864841580E-04
  0.3870010037520521E+01  0.4035440563901761E-04
  0.3872748428194194E+01  0.4035365262961943E-04
  0.3875486818867868E+01  0.4035289962022124E-04
  0.3878225209541542E+01  0.4035214661082305E-04
  0.3880963600215215E+01  0.4035139360142487E-04
  0.3883701990888889E+01  0.4035064059202668E-04
  0.3886440381562562E+01  0.4034988758262850E-04
  0.3889178772236236E+01  0.4034913457323032E-04
  0.3891917162909910E+01  0.4034838156383212E-04
  0.3894655553583584E+01  0.4034762855443394E-04
  0.3897393944257257E+01  0.4034687554503575E-04
  0.3900132334930931E+01  0.4034612253563757E-04
  0.3902870725604605E+01  0.4034536952623938E-04
  0.3905609116278279E+01  0.4034461651684119E-04
  0.3908347506951952E+01  0.4034386350744301E-04
  0.3911085897625626E+01  0.4034311049804482E-04
  0.3913824288299299E+01  0.4034235748864664E-04
  0.3916562678972973E+01  0.4034160447924845E-04
  0.3919301069646647E+01  0.4034085146985027E-04
  0.3922039460320320E+01  0.4034009846045208E-04
  0.3924777850993994E+01  0.4033934545105389E-04
  0.3927516241667668E+01  0.4033859244165570E-04
  0.3930254632341342E+01  0.4033783943225751E-04
  0.3932993023015015E+01  0.4033708642285933E-04
  0.3935731413688689E+01  0.4033633341346115E-04
  0.3938469804362362E+01  0.4033558040406297E-04
  0.3941208195036036E+01  0.4033482739466478E-04
  0.3943946585709710E+01  0.4033407438526659E-04
  0.3946684976383383E+01  0.4033332137586840E-04
  0.3949423367057057E+01  0.4033256836647021E-04
  0.3952161757730731E+01  0.4033181535707202E-04
  0.3954900148404405E+01  0.4033106234767385E-04
  0.3957638539078078E+01  0.4033030933827566E-04
  0.3960376929751752E+01  0.4032955632887747E-04
  0.3963115320425425E+01  0.4032880331947929E-04
  0.3965853711099099E+01  0.4032805031008110E-04
  0.3968592101772773E+01  0.4032729730068291E-04
  0.3971330492446446E+01  0.4032654429128472E-04
  0.3974068883120120E+01  0.4032579128188654E-04
  0.3976807273793794E+01  0.4032503827248836E-04
  0.3979545664467468E+01  0.4032428526309017E-04
  0.3982284055141141E+01  0.4032353225369199E-04
  0.3985022445814815E+01  0.4032277924429380E-04
  0.3987760836488489E+01  0.4032202623489561E-04
  0.3990499227162162E+01  0.4032127322549743E-04
  0.3993237617835836E+01  0.4032052021609924E-04
  0.3995976008509509E+01  0.4031976720670105E-04
  0.3998714399183183E+01  0.4031901419730287E-04
  0.4001452789856857E+01  0.4031826118790468E-04
  0.4004191180530531E+01  0.4031750817850649E-04
  0.4006929571204204E+01  0.4031675516910832E-04
  0.4009667961877878E+01  0.4031600215971013E-04
  0.4012406352551552E+01  0.4031524915031194E-04
  0.4015144743225226E+01  0.4031449614091375E-04
  0.4017883133898899E+01  0.4031374313151556E-04
  0.4020621524572572E+01  0.4031299012211738E-04
  0.4023359915246246E+01  0.4031223711271919E-04
  0.4026098305919920E+01  0.4031148410332100E-04
  0.4028836696593594E+01  0.4031073109392282E-04
  0.4031575087267267E+01  0.4030997808452464E-04
  0.4034313477940941E+01  0.4030922507512645E-04
  0.4037051868614615E+01  0.4030847206572826E-04
  0.4039790259288289E+01  0.4030771905633008E-04
  0.4042528649961962E+01  0.4030696604693189E-04
  0.4045267040635636E+01  0.4030621303753370E-04
  0.4048005431309310E+01  0.4030546002813552E-04
  0.4050743821982983E+01  0.4030470701873733E-04
  0.4053482212656657E+01  0.4030395400933915E-04
  0.4056220603330330E+01  0.4030320099994096E-04
  0.4058958994004004E+01  0.4030244799054278E-04
  0.4061697384677678E+01  0.4030169498114459E-04
  0.4064435775351352E+01  0.4030094197174640E-04
  0.4067174166025025E+01  0.4030018896234821E-04
  0.4069912556698699E+01  0.4029943595295002E-04
  0.4072650947372372E+01  0.4029868294355184E-04
  0.4075389338046046E+01  0.4029792993415365E-04
  0.4078127728719720E+01  0.4029717692475547E-04
  0.4080866119393393E+01  0.4029642391535729E-04
  0.4083604510067067E+01  0.4029567090595910E-04
  0.4086342900740741E+01  0.4029491789656091E-04
  0.4089081291414415E+01  0.4029416488716272E-04
  0.4091819682088088E+01  0.4029341187776454E-04
  0.4094558072761762E+01  0.4029265886836635E-04
  0.4097296463435436E+01  0.4029190585896818E-04
  0.4100034854109110E+01  0.4029115284956999E-04
  0.4102773244782783E+01  0.4029039984017180E-04
  0.4105511635456456E+01  0.4028964683077361E-04
  0.4108250026130130E+01  0.4028889382137543E-04
  0.4110988416803804E+01  0.4028814081197724E-04
  0.4113726807477478E+01  0.4028738780257905E-04
  0.4116465198151151E+01  0.4028663479318086E-04
  0.4119203588824825E+01  0.4028588178378268E-04
  0.4121941979498499E+01  0.4028512877438450E-04
  0.4124680370172173E+01  0.4028437576498631E-04
  0.4127418760845845E+01  0.4028362275558813E-04
  0.4130157151519519E+01  0.4028286974618994E-04
  0.4132895542193193E+01  0.4028211673679175E-04
  0.4135633932866867E+01  0.4028136372739356E-04
  0.4138372323540541E+01  0.4028061071799537E-04
  0.4141110714214214E+01  0.4027985770859719E-04
  0.4143849104887888E+01  0.4027910469919900E-04
  0.4146587495561562E+01  0.4027835168980082E-04
  0.4149325886235236E+01  0.4027759868040263E-04
  0.4152064276908909E+01  0.4027684567100444E-04
  0.4154802667582583E+01  0.4027609266160626E-04
  0.4157541058256257E+01  0.4027533965220807E-04
  0.4160279448929930E+01  0.4027458664280989E-04
  0.4163017839603603E+01  0.4027383363341170E-04
  0.4165756230277277E+01  0.4027308062401351E-04
  0.4168494620950951E+01  0.4027232761461533E-04
  0.4171233011624625E+01  0.4027157460521715E-04
  0.4173971402298299E+01  0.4027082159581896E-04
  0.4176709792971972E+01  0.4027006858642078E-04
  0.4179448183645646E+01  0.4026931557702259E-04
  0.4182186574319319E+01  0.4026856256762440E-04
  0.4184924964992993E+01  0.4026780955822621E-04
  0.4187663355666666E+01  0.4026705654882803E-04
  0.4190401746340340E+01  0.4026630353942984E-04
  0.4193140137014014E+01  0.4026555053003166E-04
  0.4195878527687688E+01  0.4026479752063347E-04
  0.4198616918361362E+01  0.4026404451123528E-04
  0.4201355309035035E+01  0.4026329150183710E-04
  0.4204093699708709E+01  0.4026253849243891E-04
  0.4206832090382383E+01  0.4026178548304072E-04
  0.4209570481056057E+01  0.4026103247364254E-04
  0.4212308871729730E+01  0.4026027946424435E-04
  0.4215047262403403E+01  0.4025952645484617E-04
  0.4217785653077077E+01  0.4025877344544798E-04
  0.4220524043750751E+01  0.4025802043604979E-04
  0.4223262434424425E+01  0.4025726742665161E-04
  0.4226000825098098E+01  0.4025651441725343E-04
  0.4228739215771772E+01  0.4025576140785524E-04
  0.4231477606445446E+01  0.4025500839845705E-04
  0.4234215997119120E+01  0.4025425538905886E-04
  0.4236954387792792E+01  0.4025350237966067E-04
  0.4239692778466466E+01  0.4025274937026249E-04
  0.4242431169140140E+01  0.4025199636086431E-04
  0.4245169559813814E+01  0.4025124335146612E-04
  0.4247907950487487E+01  0.4025049034206793E-04
  0.4250646341161161E+01  0.4024973733266975E-04
  0.4253384731834835E+01  0.4024898432327156E-04
  0.4256123122508509E+01  0.4024823131387337E-04
  0.4258861513182183E+01  0.4024747830447519E-04
  0.4261599903855856E+01  0.4024672529507701E-04
  0.4264338294529530E+01  0.4024597228567882E-04
  0.4267076685203204E+01  0.4024521927628063E-04
  0.4269815075876877E+01  0.4024446626688245E-04
  0.4272553466550550E+01  0.4024371325748426E-04
  0.4275291857224224E+01  0.4024296024808608E-04
  0.4278030247897898E+01  0.4024220723868789E-04
  0.4280768638571572E+01  0.4024145422928970E-04
  0.4283507029245246E+01  0.4024070121989152E-04
  0.4286245419918919E+01  0.4023994821049333E-04
  0.4288983810592593E+01  0.4023919520109514E-04
  0.4291722201266266E+01  0.4023844219169696E-04
  0.4294460591939940E+01  0.4023768918229877E-04
  0.4297198982613613E+01  0.4023693617290059E-04
  0.4299937373287287E+01  0.4023618316350240E-04
  0.4302675763960961E+01  0.4023543015410421E-04
  0.4305414154634635E+01  0.4023467714470602E-04
  0.4308152545308308E+01  0.4023392413530784E-04
  0.4310890935981982E+01  0.4023317112590965E-04
  0.4313629326655656E+01  0.4023241811651146E-04
  0.4316367717329330E+01  0.4023166510711328E-04
  0.4319106108003004E+01  0.4023091209771509E-04
  0.4321844498676677E+01  0.4023015908831691E-04
  0.4324582889350350E+01  0.4022940607891872E-04
  0.4327321280024024E+01  0.4022865306952054E-04
  0.4330059670697698E+01  0.4022790006012236E-04
  0.4332798061371371E+01  0.4022714705072417E-04
  0.4335536452045045E+01  0.4022639404132598E-04
  0.4338274842718719E+01  0.4022564103192780E-04
  0.4341013233392393E+01  0.4022488802252961E-04
  0.4343751624066067E+01  0.4022413501313143E-04
  0.4346490014739739E+01  0.4022338200373324E-04
  0.4349228405413413E+01  0.4022262899433505E-04
  0.4351966796087087E+01  0.4022187598493686E-04
  0.4354705186760761E+01  0.4022112297553868E-04
  0.4357443577434434E+01  0.4022036996614049E-04
  0.4360181968108108E+01  0.4021961695674230E-04
  0.4362920358781782E+01  0.4021886394734412E-04
  0.4365658749455456E+01  0.4021811093794594E-04
  0.4368397140129129E+01  0.4021735792854775E-04
  0.4371135530802803E+01  0.4021660491914956E-04
  0.4373873921476477E+01  0.4021585190975137E-04
  0.4376612312150151E+01  0.4021509890035319E-04
  0.4379350702823825E+01  0.4021434589095500E-04
  0.4382089093497497E+01  0.4021359288155681E-04
  0.4384827484171171E+01  0.4021283987215863E-04
  0.4387565874844845E+01  0.4021208686276045E-04
  0.4390304265518519E+01  0.4021133385336226E-04
  0.4393042656192192E+01  0.4021058084396407E-04
  0.4395781046865865E+01  0.4020982783456589E-04
  0.4398519437539539E+01  0.4020907482516770E-04
  0.4401257828213213E+01  0.4020832181576951E-04
  0.4403996218886887E+01  0.4020756880637132E-04
  0.4406734609560560E+01  0.4020681579697314E-04
  0.4409473000234234E+01  0.4020606278757496E-04
  0.4412211390907908E+01  0.4020530977817678E-04
  0.4414949781581582E+01  0.4020455676877859E-04
  0.4417688172255255E+01  0.4020380375938040E-04
  0.4420426562928929E+01  0.4020305074998221E-04
  0.4423164953602603E+01  0.4020229774058402E-04
  0.4425903344276277E+01  0.4020154473118584E-04
  0.4428641734949951E+01  0.4020079172178765E-04
  0.4431380125623624E+01  0.4020003871238947E-04
  0.4434118516297298E+01  0.4019928570299128E-04
  0.4436856906970971E+01  0.4019853269359310E-04
  0.4439595297644645E+01  0.4019777968419491E-04
  0.4442333688318318E+01  0.4019702667479672E-04
  0.4445072078991992E+01  0.4019627366539854E-04
  0.4447810469665666E+01  0.4019552065600035E-04
  0.4450548860339339E+01  0.4019476764660217E-04
  0.4453287251013013E+01  0.4019401463720398E-04
  0.4456025641686686E+01  0.4555601190235019E-04
  0.4458764032360360E+01  0.4241929623205070E-04
  0.4461502423034034E+01  0.5100948254583779E-04
  0.4464240813707708E+01  0.5496904794607556E-04
  0.4466979204381381E+01  0.5954469045246823E-04
  0.4469717595055055E+01  0.5741883295532192E-04
  0.4472455985728729E+01  0.6531777090379625E-04
  0.4475194376402403E+01  0.6403112407276574E-04
  0.4477932767076076E+01  0.7285242869045468E-04
  0.4480671157749750E+01  0.7442851728717907E-04
  0.4483409548423424E+01  0.7758222471478383E-04
  0.4486147939097098E+01  0.8368080777730273E-04
  0.4488886329770772E+01  0.1035658337153434E-03
  0.4491624720444444E+01  0.1118581376716666E-03
  0.4494363111118118E+01  0.1178903278654556E-03
  0.4497101501791792E+01  0.1184368769402654E-03
  0.4499839892465466E+01  0.1293302227317409E-03
  0.4502578283139139E+01  0.1374604605797779E-03
  0.4505316673812812E+01  0.1499079707682167E-03
  0.4508055064486486E+01  0.1605682108361620E-03
  0.4510793455160160E+01  0.1780994034545888E-03
  0.4513531845833834E+01  0.1951952461446799E-03
  0.4516270236507507E+01  0.2194664516688945E-03
  0.4519008627181181E+01  0.2389580219831288E-03
  0.4521747017854855E+01  0.2630370787536940E-03
  0.4524485408528529E+01  0.2947229231074763E-03
  0.4527223799202202E+01  0.3310504901162843E-03
  0.4529962189875876E+01  0.3735184593852352E-03
  0.4532700580549550E+01  0.4228635769091124E-03
  0.4535438971223224E+01  0.4841738458905130E-03
  0.4538177361896897E+01  0.5431980076202512E-03
  0.4540915752570571E+01  0.6227638950199929E-03
  0.4543654143244245E+01  0.7066191790509788E-03
  0.4546392533917918E+01  0.8127128515694163E-03
  0.4549130924591592E+01  0.9218280083830186E-03
  0.4551869315265265E+01  0.1052464646414630E-02
  0.4554607705938939E+01  0.1186903751213511E-02
  0.4557346096612613E+01  0.1352789356435475E-02
  0.4560084487286286E+01  0.1522847798092551E-02
  0.4562822877959960E+01  0.1732374851587562E-02
  0.4565561268633633E+01  0.1952835166082373E-02
  0.4568299659307307E+01  0.2217356172617966E-02
  0.4571038049980981E+01  0.2499636069575543E-02
  0.4573776440654655E+01  0.2833734592662159E-02
  0.4576514831328328E+01  0.3204268519113380E-02
  0.4579253222002002E+01  0.3622621065442488E-02
  0.4581991612675676E+01  0.4106104564207731E-02
  0.4584730003349350E+01  0.4651390946853632E-02
  0.4587468394023023E+01  0.5289661111035903E-02
  0.4590206784696697E+01  0.6000810890739839E-02
  0.4592945175370371E+01  0.6839125251332778E-02
  0.4595683566044045E+01  0.7776361055396241E-02
  0.4598421956717718E+01  0.8884283506812354E-02
  0.4601160347391391E+01  0.1013080956493326E-01
  0.4603898738065065E+01  0.1158910345035904E-01
  0.4606637128738739E+01  0.1325041340589151E-01
  0.4609375519412413E+01  0.1518967949543544E-01
  0.4612113910086086E+01  0.1742236161906870E-01
  0.4614852300759759E+01  0.2000435927477605E-01
  0.4617590691433433E+01  0.2299249140762696E-01
  0.4620329082107107E+01  0.2643773312838197E-01
  0.4623067472780781E+01  0.3043137057790152E-01
  0.4625805863454454E+01  0.3501901264824225E-01
  0.4628544254128128E+01  0.4033453552169354E-01
  0.4631282644801802E+01  0.4641905201073956E-01
  0.4634021035475476E+01  0.5343978753501091E-01
  0.4636759426149149E+01  0.6143815814702520E-01
  0.4639497816822823E+01  0.7058586036429962E-01
  0.4642236207496497E+01  0.8095430492955022E-01
  0.4644974598170171E+01  0.9265144980743127E-01
  0.4647712988843844E+01  0.1057455886697805E+00
  0.4650451379517518E+01  0.1203000289570339E+00
  0.4653189770191192E+01  0.1365074922228912E+00
  0.4655928160864865E+01  0.1539597723267550E+00
  0.4658666551538539E+01  0.1727609677978158E+00
  0.4661404942212212E+01  0.1927141782075935E+00
  0.4664143332885886E+01  0.2136529712633007E+00
  0.4666881723559560E+01  0.2349925687530752E+00
  0.4669620114233233E+01  0.2565805734115298E+00
  0.4672358504906907E+01  0.2779103018634895E+00
  0.4675096895580580E+01  0.2983090275011171E+00
  0.4677835286254254E+01  0.3173039086905480E+00
  0.4680573676927928E+01  0.3345832104864689E+00
  0.4683312067601602E+01  0.3498946316666240E+00
  0.4686050458275275E+01  0.3626005101091856E+00
  0.4688788848948949E+01  0.3731154154400959E+00
  0.4691527239622623E+01  0.3815383573955745E+00
  0.4694265630296297E+01  0.3879292807115198E+00
  0.4697004020969970E+01  0.3925206158474641E+00
  0.4699742411643644E+01  0.3960593276760536E+00
  0.4702480802317318E+01  0.3980724023447383E+00
  0.4705219192990992E+01  0.3991179587294990E+00
  0.4707957583664665E+01  0.3995027721191561E+00
  0.4710695974338338E+01  0.3994827337032104E+00
  0.4713434365012012E+01  0.3992439023235534E+00
  0.4716172755685686E+01  0.3988297949584341E+00
  0.4718911146359360E+01  0.3983044008216388E+00
  0.4721649537033033E+01  0.3976832406984544E+00
  0.4724387927706706E+01  0.3969873928418494E+00
  0.4727126318380380E+01  0.3962921944553471E+00
  0.4729864709054054E+01  0.3956197515423028E+00
  0.4732603099727728E+01  0.3949856013945715E+00
  0.4735341490401401E+01  0.3947791903639422E+00
  0.4738079881075075E+01  0.3942865284077111E+00
  0.4740818271748749E+01  0.3937639469554791E+00
  0.4743556662422423E+01  0.3932280978288386E+00
  0.4746295053096096E+01  0.3926701109065108E+00
  0.4749033443769770E+01  0.3920669687855253E+00
  0.4751771834443444E+01  0.3914242126983532E+00
  0.4754510225117118E+01  0.3907715874853785E+00
  0.4757248615790791E+01  0.3900892066217548E+00
  0.4759987006464465E+01  0.3894278422840178E+00
  0.4762725397138139E+01  0.3887455918905161E+00
  0.4765463787811812E+01  0.3880581421883638E+00
  0.4768202178485486E+01  0.3873824234007150E+00
  0.4770940569159159E+01  0.3866934398136443E+00
  0.4773678959832833E+01  0.3860199618608680E+00
  0.4776417350506507E+01  0.3853550593364632E+00
  0.4779155741180180E+01  0.3847577941441066E+00
  0.4781894131853853E+01  0.3841839639639736E+00
  0.4784632522527527E+01  0.3836823918320769E+00
  0.4787370913201201E+01  0.3832236984771125E+00
  0.4790109303874875E+01  0.3828081101423733E+00
  0.4792847694548549E+01  0.3824372272365137E+00
  0.4795586085222222E+01  0.3820510708528518E+00
  0.4798324475895896E+01  0.3816966708891635E+00
  0.4801062866569570E+01  0.3813212759356721E+00
  0.4803801257243244E+01  0.3809845287345577E+00
  0.4806539647916917E+01  0.3806477511991991E+00
  0.4809278038590591E+01  0.3807157855499819E+00
  0.4812016429264265E+01  0.3803535208492118E+00
  0.4814754819937939E+01  0.3799215223636114E+00
  0.4817493210611612E+01  0.3794827678639565E+00
  0.4820231601285285E+01  0.3789660966947102E+00
  0.4822969991958959E+01  0.3784209960204963E+00
  0.4825708382632633E+01  0.3778302936679878E+00
  0.4828446773306307E+01  0.3771923217558648E+00
  0.4831185163979980E+01  0.3765684459661745E+00
  0.4833923554653653E+01  0.3759009228207378E+00
  0.4836661945327327E+01  0.3752401668259892E+00
  0.4839400336001001E+01  0.3745522740323258E+00
  0.4842138726674674E+01  0.3738404255948004E+00
  0.4844877117348348E+01  0.3731039581596970E+00
  0.4847615508022022E+01  0.3723067188012913E+00
  0.4850353898695696E+01  0.3715080388174890E+00
  0.4853092289369370E+01  0.3706664151290003E+00
  0.4855830680043043E+01  0.3698199326561857E+00
  0.4858569070716717E+01  0.3689322680779860E+00
  0.4861307461390391E+01  0.3679923110210024E+00
  0.4864045852064065E+01  0.3669962271505143E+00
  0.4866784242737738E+01  0.3658771266608550E+00
  0.4869522633411412E+01  0.3647095919391751E+00
  0.4872261024085086E+01  0.3634355813548474E+00
  0.4874999414758759E+01  0.3621128057785438E+00
  0.4877737805432433E+01  0.3611326536508789E+00
  0.4880476196106106E+01  0.3594858751888593E+00
  0.4883214586779780E+01  0.3578323198151784E+00
  0.4885952977453454E+01  0.3561738310845455E+00
  0.4888691368127127E+01  0.3545930063852643E+00
  0.4891429758800800E+01  0.3530588635837354E+00
  0.4894168149474474E+01  0.3515766189772428E+00
  0.4896906540148148E+01  0.3502271963162666E+00
  0.4899644930821822E+01  0.3489489138141702E+00
  0.4902383321495495E+01  0.3478205425921444E+00
  0.4905121712169169E+01  0.3467499768261904E+00
  0.4907860102842843E+01  0.3457004964600673E+00
  0.4910598493516517E+01  0.3446278347856425E+00
  0.4913336884190191E+01  0.3433353125023044E+00
  0.4916075274863864E+01  0.3417374597264359E+00
  0.4918813665537538E+01  0.3395867733641453E+00
  0.4921552056211212E+01  0.3367638611379348E+00
  0.4924290446884886E+01  0.3330759007533085E+00
  0.4927028837558559E+01  0.3283446678025020E+00
  0.4929767228232232E+01  0.3226383130669810E+00
  0.4932505618905906E+01  0.3158326111566256E+00
  0.4935244009579580E+01  0.3081325733514217E+00
  0.4937982400253254E+01  0.2997240078674364E+00
  0.4940720790926927E+01  0.2908029518750437E+00
  0.4943459181600600E+01  0.2818453852604715E+00
  0.4946197572274274E+01  0.2726453534393564E+00
  0.4948935962947948E+01  0.2637336671222492E+00
  0.4951674353621621E+01  0.2552954974106750E+00
  0.4954412744295295E+01  0.2473718152117967E+00
  0.4957151134968969E+01  0.2401020336952109E+00
  0.4959889525642643E+01  0.2333942328124204E+00
  0.4962627916316317E+01  0.2272213067546507E+00
  0.4965366306989990E+01  0.2215280670845420E+00
  0.4968104697663664E+01  0.2161207745400099E+00
  0.4970843088337338E+01  0.2109742632938765E+00
  0.4973581479011012E+01  0.2058860863760992E+00
  0.4976319869684685E+01  0.2007728626346482E+00
  0.4979058260358359E+01  0.1955585873878636E+00
  0.4981796651032033E+01  0.1900444320930599E+00
  0.4984535041705706E+01  0.1842377230635645E+00
  0.4987273432379379E+01  0.1779850998648582E+00
  0.4990011823053053E+01  0.1712054584749791E+00
  0.4992750213726727E+01  0.1639352908247133E+00
  0.4995488604400401E+01  0.1560998552642423E+00
  0.4998226995074074E+01  0.1478302997760392E+00
  0.5000965385747747E+01  0.1391648954518519E+00
  0.5003703776421421E+01  0.1302033661921419E+00
  0.5006442167095095E+01  0.1210992607022978E+00
  0.5009180557768769E+01  0.1120002959913694E+00
  0.5011918948442442E+01  0.1028452124180263E+00
  0.5014657339116116E+01  0.9387450422483670E-01
  0.5017395729789790E+01  0.8518057703374468E-01
  0.5020134120463464E+01  0.7694326942088310E-01
  0.5022872511137138E+01  0.6917363084350492E-01
  0.5025610901810811E+01  0.6194724856950545E-01
  0.5028349292484485E+01  0.5530636070839474E-01
  0.5031087683158159E+01  0.4920810837470369E-01
  0.5033826073831833E+01  0.4371333180531010E-01
  0.5036564464505506E+01  0.3876463362100215E-01
  0.5039302855179179E+01  0.3430644115901080E-01
  0.5042041245852853E+01  0.3035938938459101E-01
  0.5044779636526527E+01  0.2683761078447475E-01
  0.5047518027200200E+01  0.2373533103655192E-01
  0.5050256417873874E+01  0.2099761541867868E-01
  0.5052994808547547E+01  0.1856047640715312E-01
  0.5055733199221221E+01  0.1644044627103589E-01
  0.5058471589894895E+01  0.1456474728061668E-01
  0.5061209980568568E+01  0.1290883541973993E-01
  0.5063948371242242E+01  0.1147499729271438E-01
  0.5066686761915916E+01  0.1019929920720081E-01
  0.5069425152589590E+01  0.9085271906775192E-02
  0.5072163543263263E+01  0.8102280216853906E-02
  0.5074901933936937E+01  0.7222500430757511E-02
  0.5077640324610611E+01  0.6475339269958229E-02
  0.5080378715284285E+01  0.5792921457004102E-02
  0.5083117105957959E+01  0.5188053854250892E-02
  0.5085855496631632E+01  0.4667490272595142E-02
  0.5088593887305306E+01  0.4188163456788794E-02
  0.5091332277978980E+01  0.3773139756119684E-02
  0.5094070668652653E+01  0.3403732833976120E-02
  0.5096809059326326E+01  0.3064517640537331E-02
  0.5102285840673674E+01  0.0000000000000000E+00
