  1000 NIRCAM_F250M        
  0.2373108683000000E+01  0.2700098406723724E+01  0.2649314134266032E+02  0.2092683056564489E+01  0.5393141342660314E+01  0.2527804385297102E-10  0.5283561627151589E+03  0.2500589677142557E+01  0.5226678037370735E-17  0.2503237226238673E+01
  0.2504944440525506E+01  0.2502668067081801E+01  0.2503806514834263E+01  0.2502566888652876E+01  0.2504598953466950E+01  0.2979167197394358E+00  0.1826273605842714E+00  0.1800309342497587E+00  0.2411946219197018E+01  0.2594573579781290E+01
  0.7179537523376355E+00  0.1800309342497588E+01  0.2868753398746940E-01  0.7862200082669111E-17  0.4350565481149890E-20  0.2539999961853027E+06  0.2441049438312442E+02  0.2650317896556781E+02  0.2980363572578474E+02
  0.2373108683000000E+01  0.0000000000000000E+00
  0.2373435672723724E+01  0.5981865465094527E-04
  0.2373762662447447E+01  0.6675598380063870E-04
  0.2374089652171171E+01  0.7369331295033213E-04
  0.2374416641894895E+01  0.8091617564424924E-04
  0.2374743631618618E+01  0.8872614717670327E-04
  0.2375070621342342E+01  0.9653611870915729E-04
  0.2375397611066066E+01  0.1043460902416219E-03
  0.2375724600789790E+01  0.1138396030666451E-03
  0.2376051590513514E+01  0.1242221786148860E-03
  0.2376378580237237E+01  0.1346047541631268E-03
  0.2376705569960961E+01  0.1449873297113677E-03
  0.2377032559684685E+01  0.1560266466420485E-03
  0.2377359549408408E+01  0.1670782625142999E-03
  0.2377686539132132E+01  0.1781298783865513E-03
  0.2378013528855856E+01  0.1903991138825356E-03
  0.2378340518579579E+01  0.2053935083954664E-03
  0.2378667508303303E+01  0.2203879029083972E-03
  0.2378994498027027E+01  0.2353822974213280E-03
  0.2379321487750750E+01  0.2531661807230445E-03
  0.2379648477474474E+01  0.2725463680549705E-03
  0.2379975467198198E+01  0.2919265553869227E-03
  0.2380302456921922E+01  0.3113067427188487E-03
  0.2380629446645646E+01  0.3348265209206540E-03
  0.2380956436369369E+01  0.3585042905471459E-03
  0.2381283426093093E+01  0.3821820601736378E-03
  0.2381610415816817E+01  0.4074958087655576E-03
  0.2381937405540540E+01  0.4368062842605290E-03
  0.2382264395264264E+01  0.4661167597555003E-03
  0.2382591384987988E+01  0.4954272352504717E-03
  0.2382918374711712E+01  0.5291882336064366E-03
  0.2383245364435435E+01  0.5657043007535821E-03
  0.2383572354159159E+01  0.6022203679007275E-03
  0.2383899343882883E+01  0.6387364350478729E-03
  0.2384226333606606E+01  0.6841249672976655E-03
  0.2384553323330330E+01  0.7300313354137646E-03
  0.2384880313054054E+01  0.7759377035298012E-03
  0.2385207302777778E+01  0.8247358565582118E-03
  0.2385534292501502E+01  0.8812714477227351E-03
  0.2385861282225225E+01  0.9378070388872585E-03
  0.2386188271948949E+01  0.9943426300517819E-03
  0.2386515261672673E+01  0.1060646062000931E-02
  0.2386842251396396E+01  0.1133481340310789E-02
  0.2387169241120120E+01  0.1206316618620646E-02
  0.2387496230843844E+01  0.1279151896930504E-02
  0.2387823220567567E+01  0.1369268082626226E-02
  0.2388150210291291E+01  0.1460755756231963E-02
  0.2388477200015015E+01  0.1552243429837701E-02
  0.2388804189738738E+01  0.1649984423974875E-02
  0.2389131179462463E+01  0.1766122826853975E-02
  0.2389458169186186E+01  0.1882261229732917E-02
  0.2389785158909910E+01  0.1998399632611859E-02
  0.2390112148633634E+01  0.2133068405156902E-02
  0.2390439138357357E+01  0.2281107178909425E-02
  0.2390766128081081E+01  0.2429145952661948E-02
  0.2391093117804805E+01  0.2577184726414470E-02
  0.2391420107528528E+01  0.2762893126396310E-02
  0.2391747097252252E+01  0.2952414240556329E-02
  0.2392074086975976E+01  0.3141935354716349E-02
  0.2392401076699699E+01  0.3344921420584355E-02
  0.2392728066423423E+01  0.3591668623255513E-02
  0.2393055056147147E+01  0.3838415825926671E-02
  0.2393382045870871E+01  0.4085163028597829E-02
  0.2393709035594595E+01  0.4373786706742648E-02
  0.2394036025318318E+01  0.4694981027516008E-02
  0.2394363015042042E+01  0.5016175348289367E-02
  0.2394690004765766E+01  0.5337369669062726E-02
  0.2395016994489489E+01  0.5746322575649479E-02
  0.2395343984213213E+01  0.6166154710585198E-02
  0.2395670973936937E+01  0.6585986845520916E-02
  0.2395997963660661E+01  0.7035032369714951E-02
  0.2396324953384384E+01  0.7589543669220331E-02
  0.2396651943108108E+01  0.8144054968725710E-02
  0.2396978932831832E+01  0.8698566268231091E-02
  0.2397305922555555E+01  0.9351643118269064E-02
  0.2397632912279279E+01  0.1008730224544816E-01
  0.2397959902003003E+01  0.1082296137262725E-01
  0.2398286891726727E+01  0.1155862049980735E-01
  0.2398613881450451E+01  0.1250688870979895E-01
  0.2398940871174174E+01  0.1348655436293715E-01
  0.2399267860897898E+01  0.1446622001607535E-01
  0.2399594850621622E+01  0.1550993850131369E-01
  0.2399921840345345E+01  0.1681223793783573E-01
  0.2400248830069069E+01  0.1811453737435777E-01
  0.2400575819792793E+01  0.1941683681087981E-01
  0.2400902809516516E+01  0.2094314037075743E-01
  0.2401229799240240E+01  0.2267151639580543E-01
  0.2401556788963964E+01  0.2439989242085342E-01
  0.2401883778687687E+01  0.2612826844590142E-01
  0.2402210768411411E+01  0.2833005403004759E-01
  0.2402537758135135E+01  0.3061346113253701E-01
  0.2402864747858859E+01  0.3289686823502954E-01
  0.2403191737582583E+01  0.3530663412140472E-01
  0.2403518727306306E+01  0.3829145729695732E-01
  0.2403845717030030E+01  0.4127628047250993E-01
  0.2404172706753754E+01  0.4426110364806252E-01
  0.2404499696477477E+01  0.4768150958718168E-01
  0.2404826686201201E+01  0.5152487125654287E-01
  0.2405153675924925E+01  0.5536823292590407E-01
  0.2405480665648648E+01  0.5921159459526527E-01
  0.2405807655372372E+01  0.6389195582867299E-01
  0.2406134645096096E+01  0.6873824130211569E-01
  0.2406461634819820E+01  0.7358452677555839E-01
  0.2406788624543543E+01  0.7861039368882705E-01
  0.2407115614267267E+01  0.8456681588573139E-01
  0.2407442603990991E+01  0.9052323808264381E-01
  0.2407769593714715E+01  0.9647966027954816E-01
  0.2408096583438438E+01  0.1029928366774997E+00
  0.2408423573162162E+01  0.1100878834313795E+00
  0.2408750562885886E+01  0.1171829301852593E+00
  0.2409077552609610E+01  0.1242779769391392E+00
  0.2409404542333333E+01  0.1322095727739613E+00
  0.2409731532057057E+01  0.1403295805074741E+00
  0.2410058521780781E+01  0.1484495882409870E+00
  0.2410385511504504E+01  0.1566769262640945E+00
  0.2410712501228228E+01  0.1655454947878509E+00
  0.2411039490951952E+01  0.1744140633116072E+00
  0.2411366480675675E+01  0.1832826318353635E+00
  0.2411693470399399E+01  0.1922992071639415E+00
  0.2412020460123123E+01  0.2014822903884193E+00
  0.2412347449846847E+01  0.2106653736128846E+00
  0.2412674439570571E+01  0.2198484568373499E+00
  0.2413001429294294E+01  0.2288440889946724E+00
  0.2413328419018018E+01  0.2377922103472905E+00
  0.2413655408741742E+01  0.2467403316999085E+00
  0.2413982398465465E+01  0.2555880983882836E+00
  0.2414309388189189E+01  0.2637333775164463E+00
  0.2414636377912913E+01  0.2718786566446091E+00
  0.2414963367636636E+01  0.2800239357727718E+00
  0.2415290357360360E+01  0.2876078452501992E+00
  0.2415617347084084E+01  0.2945117189190412E+00
  0.2415944336807808E+01  0.3014155925878830E+00
  0.2416271326531532E+01  0.3083194662567343E+00
  0.2416598316255255E+01  0.3140881164147209E+00
  0.2416925305978979E+01  0.3195354804296460E+00
  0.2417252295702703E+01  0.3249828444445712E+00
  0.2417579285426426E+01  0.3302752536931526E+00
  0.2417906275150150E+01  0.3342692718545663E+00
  0.2418233264873874E+01  0.3382632900159800E+00
  0.2418560254597597E+01  0.3422573081773937E+00
  0.2418887244321321E+01  0.3457065417951099E+00
  0.2419214234045045E+01  0.3484447897111584E+00
  0.2419541223768769E+01  0.3511830376272069E+00
  0.2419868213492492E+01  0.3539212855432554E+00
  0.2420195203216216E+01  0.3559665902453599E+00
  0.2420522192939940E+01  0.3577943056167230E+00
  0.2420849182663664E+01  0.3596220209880885E+00
  0.2421176172387387E+01  0.3613987233424322E+00
  0.2421503162111111E+01  0.3626482982598506E+00
  0.2421830151834835E+01  0.3638978731772688E+00
  0.2422157141558559E+01  0.3651474480946872E+00
  0.2422484131282282E+01  0.3661791130940524E+00
  0.2422811121006006E+01  0.3669041625903171E+00
  0.2423138110729730E+01  0.3676292120865817E+00
  0.2423465100453453E+01  0.3683542615828463E+00
  0.2423792090177177E+01  0.3688993178455021E+00
  0.2424119079900901E+01  0.3693820004354832E+00
  0.2424446069624624E+01  0.3698646830254644E+00
  0.2424773059348348E+01  0.3703391310950629E+00
  0.2425100049072072E+01  0.3707039308217410E+00
  0.2425427038795796E+01  0.3710687305484195E+00
  0.2425754028519520E+01  0.3714335302750977E+00
  0.2426081018243243E+01  0.3717796997727840E+00
  0.2426408007966967E+01  0.3720975789546291E+00
  0.2426734997690691E+01  0.3724154581364744E+00
  0.2427061987414414E+01  0.3727333373183196E+00
  0.2427388977138138E+01  0.3730473009388463E+00
  0.2427715966861862E+01  0.3733597738639432E+00
  0.2428042956585585E+01  0.3736722467890402E+00
  0.2428369946309309E+01  0.3739857997490558E+00
  0.2428696936033033E+01  0.3743192562647216E+00
  0.2429023925756757E+01  0.3746527127803874E+00
  0.2429350915480480E+01  0.3749861692960533E+00
  0.2429677905204204E+01  0.3753294461220398E+00
  0.2430004894927928E+01  0.3756888359074780E+00
  0.2430331884651652E+01  0.3760482256929158E+00
  0.2430658874375375E+01  0.3764076154783536E+00
  0.2430985864099099E+01  0.3767788067987636E+00
  0.2431312853822823E+01  0.3771549154381946E+00
  0.2431639843546546E+01  0.3775310240776255E+00
  0.2431966833270270E+01  0.3779072237267480E+00
  0.2432293822993994E+01  0.3782860829429905E+00
  0.2432620812717718E+01  0.3786649421592330E+00
  0.2432947802441441E+01  0.3790438013754754E+00
  0.2433274792165165E+01  0.3794190097501011E+00
  0.2433601781888889E+01  0.3797877359916207E+00
  0.2433928771612612E+01  0.3801564622331403E+00
  0.2434255761336336E+01  0.3805251884746598E+00
  0.2434582751060060E+01  0.3808820082538074E+00
  0.2434909740783784E+01  0.3812334160527516E+00
  0.2435236730507508E+01  0.3815848238516958E+00
  0.2435563720231231E+01  0.3819358890215371E+00
  0.2435890709954955E+01  0.3822640007487533E+00
  0.2436217699678679E+01  0.3825921124759694E+00
  0.2436544689402402E+01  0.3829202242031856E+00
  0.2436871679126126E+01  0.3832430566901847E+00
  0.2437198668849850E+01  0.3835557281269532E+00
  0.2437525658573573E+01  0.3838683995637218E+00
  0.2437852648297297E+01  0.3841810710004904E+00
  0.2438179638021021E+01  0.3844677601343617E+00
  0.2438506627744744E+01  0.3847416009523784E+00
  0.2438833617468468E+01  0.3850154417703951E+00
  0.2439160607192192E+01  0.3852892825884122E+00
  0.2439487596915916E+01  0.3855220212986894E+00
  0.2439814586639640E+01  0.3857546083862955E+00
  0.2440141576363363E+01  0.3859871954739017E+00
  0.2440468566087087E+01  0.3862055233938710E+00
  0.2440795555810811E+01  0.3863940368131322E+00
  0.2441122545534534E+01  0.3865825502323934E+00
  0.2441449535258258E+01  0.3867710636516547E+00
  0.2441776524981982E+01  0.3869393020971063E+00
  0.2442103514705706E+01  0.3870966585278445E+00
  0.2442430504429429E+01  0.3872540149585826E+00
  0.2442757494153153E+01  0.3874113713893209E+00
  0.2443084483876877E+01  0.3875344184853590E+00
  0.2443411473600601E+01  0.3876566917043772E+00
  0.2443738463324324E+01  0.3877789649233953E+00
  0.2444065453048048E+01  0.3878921834903569E+00
  0.2444392442771772E+01  0.3879847836611828E+00
  0.2444719432495496E+01  0.3880773838320087E+00
  0.2445046422219219E+01  0.3881699840028347E+00
  0.2445373411942943E+01  0.3882454195618899E+00
  0.2445700401666667E+01  0.3883108756993581E+00
  0.2446027391390390E+01  0.3883763318368263E+00
  0.2446354381114114E+01  0.3884417879742945E+00
  0.2446681370837838E+01  0.3884214779717889E+00
  0.2447008360561561E+01  0.3883975532939073E+00
  0.2447335350285285E+01  0.3883736286160258E+00
  0.2447662340009009E+01  0.3883489550782939E+00
  0.2447989329732732E+01  0.3883224189888369E+00
  0.2448316319456457E+01  0.3882958828993798E+00
  0.2448643309180180E+01  0.3882693468099229E+00
  0.2448970298903904E+01  0.3882305750174924E+00
  0.2449297288627628E+01  0.3881841101016142E+00
  0.2449624278351351E+01  0.3881376451857362E+00
  0.2449951268075075E+01  0.3880911802698581E+00
  0.2450278257798799E+01  0.3880256473500641E+00
  0.2450605247522522E+01  0.3879589226645358E+00
  0.2450932237246246E+01  0.3878921979790075E+00
  0.2451259226969970E+01  0.3878234721257909E+00
  0.2451586216693693E+01  0.3877492910090149E+00
  0.2451913206417417E+01  0.3876751098922389E+00
  0.2452240196141141E+01  0.3876009287754629E+00
  0.2452567185864865E+01  0.3875224251870933E+00
  0.2452894175588589E+01  0.3874409866107130E+00
  0.2453221165312312E+01  0.3873595480343326E+00
  0.2453548155036036E+01  0.3872781094579523E+00
  0.2453875144759760E+01  0.3871941492563711E+00
  0.2454202134483483E+01  0.3871099780872909E+00
  0.2454529124207207E+01  0.3870258069182106E+00
  0.2454856113930931E+01  0.3869520195881161E+00
  0.2455183103654655E+01  0.3869093835209343E+00
  0.2455510093378378E+01  0.3868667474537523E+00
  0.2455837083102102E+01  0.3868241113865703E+00
  0.2456164072825826E+01  0.3867816906818267E+00
  0.2456491062549549E+01  0.3867394277257823E+00
  0.2456818052273273E+01  0.3866971647697379E+00
  0.2457145041996997E+01  0.3866549018136936E+00
  0.2457472031720721E+01  0.3866165530480669E+00
  0.2457799021444445E+01  0.3865786179719821E+00
  0.2458126011168168E+01  0.3865406828958973E+00
  0.2458453000891892E+01  0.3865040106767140E+00
  0.2458779990615616E+01  0.3864715279134850E+00
  0.2459106980339339E+01  0.3864390451502560E+00
  0.2459433970063063E+01  0.3864065623870270E+00
  0.2459760959786787E+01  0.3863715817825223E+00
  0.2460087949510510E+01  0.3863346292038187E+00
  0.2460414939234234E+01  0.3862976766251150E+00
  0.2460741928957958E+01  0.3862607240464114E+00
  0.2461068918681681E+01  0.3862248631299117E+00
  0.2461395908405405E+01  0.3861891426339722E+00
  0.2461722898129129E+01  0.3861534221380326E+00
  0.2462049887852853E+01  0.3861202745306277E+00
  0.2462376877576577E+01  0.3860966199768985E+00
  0.2462703867300300E+01  0.3860729654231693E+00
  0.2463030857024024E+01  0.3860493108694400E+00
  0.2463357846747748E+01  0.3860328845460473E+00
  0.2463684836471471E+01  0.3860226046742399E+00
  0.2464011826195195E+01  0.3860123248024324E+00
  0.2464338815918919E+01  0.3860020449306251E+00
  0.2464665805642642E+01  0.3860017366798999E+00
  0.2464992795366366E+01  0.3860029495251075E+00
  0.2465319785090090E+01  0.3860041623703152E+00
  0.2465646774813814E+01  0.3860074971680450E+00
  0.2465973764537537E+01  0.3860196000500816E+00
  0.2466300754261261E+01  0.3860317029321184E+00
  0.2466627743984985E+01  0.3860438058141550E+00
  0.2466954733708709E+01  0.3860651872264009E+00
  0.2467281723432432E+01  0.3860950630845534E+00
  0.2467608713156156E+01  0.3861249389427059E+00
  0.2467935702879880E+01  0.3861548148008584E+00
  0.2468262692603604E+01  0.3862238745286505E+00
  0.2468589682327327E+01  0.3862998890071071E+00
  0.2468916672051051E+01  0.3863759034855637E+00
  0.2469243661774775E+01  0.3864515695121429E+00
  0.2469570651498498E+01  0.3865256094198966E+00
  0.2469897641222222E+01  0.3865996493276503E+00
  0.2470224630945946E+01  0.3866736892354040E+00
  0.2470551620669669E+01  0.3867637303346823E+00
  0.2470878610393394E+01  0.3868695389080546E+00
  0.2471205600117117E+01  0.3869753474814268E+00
  0.2471532589840841E+01  0.3870811560547989E+00
  0.2471859579564565E+01  0.3872039237702004E+00
  0.2472186569288288E+01  0.3873301433032819E+00
  0.2472513559012012E+01  0.3874563628363634E+00
  0.2472840548735736E+01  0.3876034835753123E+00
  0.2473167538459459E+01  0.3878619140897587E+00
  0.2473494528183183E+01  0.3881203446042050E+00
  0.2473821517906907E+01  0.3883787751186513E+00
  0.2474148507630630E+01  0.3886068724358224E+00
  0.2474475497354354E+01  0.3888027983538997E+00
  0.2474802487078078E+01  0.3889987242719771E+00
  0.2475129476801802E+01  0.3891946501900544E+00
  0.2475456466525526E+01  0.3893902399939110E+00
  0.2475783456249249E+01  0.3895857522335310E+00
  0.2476110445972973E+01  0.3897812644731510E+00
  0.2476437435696697E+01  0.3899786721001078E+00
  0.2476764425420420E+01  0.3901877512310557E+00
  0.2477091415144144E+01  0.3903968303620035E+00
  0.2477418404867868E+01  0.3906059094929514E+00
  0.2477745394591591E+01  0.3908178497341416E+00
  0.2478072384315315E+01  0.3910330565875234E+00
  0.2478399374039039E+01  0.3912482634409052E+00
  0.2478726363762763E+01  0.3914634702942871E+00
  0.2479053353486486E+01  0.3916932775750956E+00
  0.2479380343210210E+01  0.3919268701394087E+00
  0.2479707332933934E+01  0.3921604627037219E+00
  0.2480034322657658E+01  0.3923876283152370E+00
  0.2480361312381381E+01  0.3925682473552767E+00
  0.2480688302105105E+01  0.3927488663953163E+00
  0.2481015291828829E+01  0.3929294854353558E+00
  0.2481342281552553E+01  0.3930865084495997E+00
  0.2481669271276276E+01  0.3932145199725421E+00
  0.2481996261000000E+01  0.3933425314954846E+00
  0.2482323250723724E+01  0.3934705430184270E+00
  0.2482650240447447E+01  0.3936700440270837E+00
  0.2482977230171171E+01  0.3938902126201935E+00
  0.2483304219894895E+01  0.3941103812133034E+00
  0.2483631209618618E+01  0.3943277800064295E+00
  0.2483958199342342E+01  0.3945210419005941E+00
  0.2484285189066066E+01  0.3947143037947587E+00
  0.2484612178789790E+01  0.3949075656889235E+00
  0.2484939168513514E+01  0.3951002265967694E+00
  0.2485266158237237E+01  0.3952920913246249E+00
  0.2485593147960961E+01  0.3954839560524804E+00
  0.2485920137684685E+01  0.3956758207803359E+00
  0.2486247127408408E+01  0.3958583673474082E+00
  0.2486574117132132E+01  0.3960379284733674E+00
  0.2486901106855856E+01  0.3962174895993265E+00
  0.2487228096579579E+01  0.3963948980882928E+00
  0.2487555086303303E+01  0.3965490025986486E+00
  0.2487882076027027E+01  0.3967031071090045E+00
  0.2488209065750751E+01  0.3968572116193603E+00
  0.2488536055474474E+01  0.3970009844828815E+00
  0.2488863045198198E+01  0.3971299979715058E+00
  0.2489190034921922E+01  0.3972590114601298E+00
  0.2489517024645646E+01  0.3973880249487539E+00
  0.2489844014369369E+01  0.3975006447402227E+00
  0.2490171004093093E+01  0.3976074737765743E+00
  0.2490497993816817E+01  0.3977143028129260E+00
  0.2490824983540540E+01  0.3978191940131916E+00
  0.2491151973264264E+01  0.3978967408896383E+00
  0.2491478962987988E+01  0.3979742877660850E+00
  0.2491805952711712E+01  0.3980518346425317E+00
  0.2492132942435435E+01  0.3981286326844996E+00
  0.2492459932159159E+01  0.3982042759883476E+00
  0.2492786921882883E+01  0.3982799192921957E+00
  0.2493113911606606E+01  0.3983555625960439E+00
  0.2493440901330330E+01  0.3984238610805640E+00
  0.2493767891054054E+01  0.3984893115904563E+00
  0.2494094880777778E+01  0.3985547621003485E+00
  0.2494421870501502E+01  0.3986187016447534E+00
  0.2494748860225225E+01  0.3986525387471027E+00
  0.2495075849948949E+01  0.3986863758494520E+00
  0.2495402839672673E+01  0.3987202129518013E+00
  0.2495729829396396E+01  0.3987472832364117E+00
  0.2496056819120120E+01  0.3987630755282470E+00
  0.2496383808843844E+01  0.3987788678200824E+00
  0.2496710798567567E+01  0.3987946601119177E+00
  0.2497037788291291E+01  0.3987863183546247E+00
  0.2497364778015015E+01  0.3987677417663158E+00
  0.2497691767738738E+01  0.3987491651780068E+00
  0.2498018757462463E+01  0.3987297260055975E+00
  0.2498345747186186E+01  0.3986818219166348E+00
  0.2498672736909910E+01  0.3986339178276721E+00
  0.2498999726633634E+01  0.3985860137387094E+00
  0.2499326716357357E+01  0.3985331321683367E+00
  0.2499653706081081E+01  0.3984712706118902E+00
  0.2499980695804805E+01  0.3984094090554438E+00
  0.2500307685528528E+01  0.3983475474989974E+00
  0.2500634675252252E+01  0.3982715113106264E+00
  0.2500961664975976E+01  0.3981889212588197E+00
  0.2501288654699700E+01  0.3981063312070129E+00
  0.2501615644423423E+01  0.3980234698894918E+00
  0.2501942634147147E+01  0.3979162845279922E+00
  0.2502269623870871E+01  0.3978090991664924E+00
  0.2502596613594594E+01  0.3977019138049928E+00
  0.2502923603318318E+01  0.3975920513928263E+00
  0.2503250593042042E+01  0.3974769512623101E+00
  0.2503577582765766E+01  0.3973618511317938E+00
  0.2503904572489489E+01  0.3972467510012777E+00
  0.2504231562213213E+01  0.3971239950430381E+00
  0.2504558551936937E+01  0.3969973900109671E+00
  0.2504885541660661E+01  0.3968707849788961E+00
  0.2505212531384384E+01  0.3967441799468250E+00
  0.2505539521108108E+01  0.3966067517733743E+00
  0.2505866510831832E+01  0.3964692434527115E+00
  0.2506193500555555E+01  0.3963317351320488E+00
  0.2506520490279279E+01  0.3961940031694035E+00
  0.2506847480003003E+01  0.3960557956505955E+00
  0.2507174469726727E+01  0.3959175881317873E+00
  0.2507501459450451E+01  0.3957793806129793E+00
  0.2507828449174174E+01  0.3956435957996382E+00
  0.2508155438897898E+01  0.3955091324515967E+00
  0.2508482428621622E+01  0.3953746691035552E+00
  0.2508809418345345E+01  0.3952402057555138E+00
  0.2509136408069069E+01  0.3951015550809716E+00
  0.2509463397792793E+01  0.3949627938048480E+00
  0.2509790387516516E+01  0.3948240325287243E+00
  0.2510117377240240E+01  0.3946877928473102E+00
  0.2510444366963964E+01  0.3945573958466633E+00
  0.2510771356687687E+01  0.3944269988460165E+00
  0.2511098346411411E+01  0.3942966018453697E+00
  0.2511425336135135E+01  0.3941845187119854E+00
  0.2511752325858859E+01  0.3940832524859121E+00
  0.2512079315582583E+01  0.3939819862598390E+00
  0.2512406305306306E+01  0.3938807200337660E+00
  0.2512733295030030E+01  0.3938054606169814E+00
  0.2513060284753754E+01  0.3937314014863101E+00
  0.2513387274477477E+01  0.3936573423556389E+00
  0.2513714264201201E+01  0.3935860917985393E+00
  0.2514041253924925E+01  0.3935219538352400E+00
  0.2514368243648649E+01  0.3934578158719407E+00
  0.2514695233372372E+01  0.3933936779086413E+00
  0.2515022223096096E+01  0.3933396481709696E+00
  0.2515349212819820E+01  0.3932920730675303E+00
  0.2515676202543543E+01  0.3932444979640911E+00
  0.2516003192267267E+01  0.3931969228606517E+00
  0.2516330181990991E+01  0.3931577476864238E+00
  0.2516657171714715E+01  0.3931191325038231E+00
  0.2516984161438439E+01  0.3930805173212225E+00
  0.2517311151162162E+01  0.3930444020439816E+00
  0.2517638140885886E+01  0.3930152309418775E+00
  0.2517965130609610E+01  0.3929860598397733E+00
  0.2518292120333333E+01  0.3929568887376691E+00
  0.2518619110057057E+01  0.3929370961708077E+00
  0.2518946099780781E+01  0.3929237695512063E+00
  0.2519273089504504E+01  0.3929104429316049E+00
  0.2519600079228228E+01  0.3928971163120035E+00
  0.2519927068951952E+01  0.3928967910589452E+00
  0.2520254058675675E+01  0.3928976099296034E+00
  0.2520581048399399E+01  0.3928984288002617E+00
  0.2520908038123123E+01  0.3929010393460904E+00
  0.2521235027846847E+01  0.3929091318957283E+00
  0.2521562017570571E+01  0.3929172244453663E+00
  0.2521889007294294E+01  0.3929253169950042E+00
  0.2522215997018018E+01  0.3929404759691605E+00
  0.2522542986741742E+01  0.3929608894776387E+00
  0.2522869976465465E+01  0.3929813029861169E+00
  0.2523196966189189E+01  0.3930017164945951E+00
  0.2523523955912913E+01  0.3930290564299767E+00
  0.2523850945636636E+01  0.3930571596668687E+00
  0.2524177935360360E+01  0.3930852629037608E+00
  0.2524504925084084E+01  0.3931138325902642E+00
  0.2524831914807808E+01  0.3931439821685731E+00
  0.2525158904531532E+01  0.3931741317468820E+00
  0.2525485894255255E+01  0.3932042813251910E+00
  0.2525812883978979E+01  0.3932392531332496E+00
  0.2526139873702703E+01  0.3932780890836673E+00
  0.2526466863426426E+01  0.3933169250340852E+00
  0.2526793853150150E+01  0.3933557609845030E+00
  0.2527120842873874E+01  0.3933997372810615E+00
  0.2527447832597598E+01  0.3934443989464158E+00
  0.2527774822321321E+01  0.3934890606117700E+00
  0.2528101812045045E+01  0.3935320900072115E+00
  0.2528428801768769E+01  0.3935689626477427E+00
  0.2528755791492492E+01  0.3936058352882739E+00
  0.2529082781216216E+01  0.3936427079288051E+00
  0.2529409770939940E+01  0.3936833389765645E+00
  0.2529736760663663E+01  0.3937272135654069E+00
  0.2530063750387388E+01  0.3937710881542493E+00
  0.2530390740111111E+01  0.3938149627430916E+00
  0.2530717729834835E+01  0.3938696689703677E+00
  0.2531044719558559E+01  0.3939260805898623E+00
  0.2531371709282282E+01  0.3939824922093570E+00
  0.2531698699006006E+01  0.3940430354125593E+00
  0.2532025688729730E+01  0.3941210583014740E+00
  0.2532352678453453E+01  0.3941990811903889E+00
  0.2532679668177177E+01  0.3942771040793037E+00
  0.2533006657900901E+01  0.3943548880482945E+00
  0.2533333647624624E+01  0.3944324500425764E+00
  0.2533660637348348E+01  0.3945100120368584E+00
  0.2533987627072072E+01  0.3945875740311403E+00
  0.2534314616795796E+01  0.3946627068247805E+00
  0.2534641606519520E+01  0.3947373960266350E+00
  0.2534968596243243E+01  0.3948120852284894E+00
  0.2535295585966967E+01  0.3948842697030140E+00
  0.2535622575690691E+01  0.3949444634785750E+00
  0.2535949565414414E+01  0.3950046572541360E+00
  0.2536276555138138E+01  0.3950648510296971E+00
  0.2536603544861862E+01  0.3951224580175484E+00
  0.2536930534585585E+01  0.3951774782176901E+00
  0.2537257524309309E+01  0.3952324984178318E+00
  0.2537584514033033E+01  0.3952875186179734E+00
  0.2537911503756757E+01  0.3953394025693999E+00
  0.2538238493480480E+01  0.3953906313923894E+00
  0.2538565483204204E+01  0.3954418602153788E+00
  0.2538892472927928E+01  0.3954909598790534E+00
  0.2539219462651652E+01  0.3955283998246201E+00
  0.2539546452375375E+01  0.3955658397701868E+00
  0.2539873442099099E+01  0.3956032797157534E+00
  0.2540200431822823E+01  0.3956353795091333E+00
  0.2540527421546547E+01  0.3956617314911434E+00
  0.2540854411270270E+01  0.3956880834731534E+00
  0.2541181400993994E+01  0.3957144354551635E+00
  0.2541508390717718E+01  0.3957355412183661E+00
  0.2541835380441441E+01  0.3957554069842470E+00
  0.2542162370165165E+01  0.3957752727501279E+00
  0.2542489359888889E+01  0.3957932862384524E+00
  0.2542816349612612E+01  0.3957995354660500E+00
  0.2543143339336336E+01  0.3958057846936475E+00
  0.2543470329060060E+01  0.3958120339212449E+00
  0.2543797318783784E+01  0.3958138606132730E+00
  0.2544124308507508E+01  0.3958105628179607E+00
  0.2544451298231231E+01  0.3958072650226485E+00
  0.2544778287954955E+01  0.3958039672273362E+00
  0.2545105277678679E+01  0.3957968413511927E+00
  0.2545432267402402E+01  0.3957887005985606E+00
  0.2545759257126126E+01  0.3957805598459286E+00
  0.2546086246849850E+01  0.3957705381786019E+00
  0.2546413236573573E+01  0.3957464098466373E+00
  0.2546740226297297E+01  0.3957222815146728E+00
  0.2547067216021021E+01  0.3956981531827083E+00
  0.2547394205744745E+01  0.3956705234449086E+00
  0.2547721195468468E+01  0.3956385242060069E+00
  0.2548048185192192E+01  0.3956065249671053E+00
  0.2548375174915916E+01  0.3955745257282037E+00
  0.2548702164639640E+01  0.3955368024281699E+00
  0.2549029154363363E+01  0.3954973891771636E+00
  0.2549356144087087E+01  0.3954579759261574E+00
  0.2549683133810811E+01  0.3954162133808257E+00
  0.2550010123534534E+01  0.3953531333631329E+00
  0.2550337113258258E+01  0.3952900533454401E+00
  0.2550664102981982E+01  0.3952269733277473E+00
  0.2550991092705706E+01  0.3951656008826936E+00
  0.2551318082429429E+01  0.3951065248225193E+00
  0.2551645072153153E+01  0.3950474487623450E+00
  0.2551972061876877E+01  0.3949883727021707E+00
  0.2552299051600600E+01  0.3949345213192962E+00
  0.2552626041324324E+01  0.3948823775099508E+00
  0.2552953031048048E+01  0.3948302337006054E+00
  0.2553280020771772E+01  0.3947752692946762E+00
  0.2553607010495496E+01  0.3946882527517903E+00
  0.2553934000219219E+01  0.3946012362089045E+00
  0.2554260989942943E+01  0.3945142196660187E+00
  0.2554587979666667E+01  0.3944179457920363E+00
  0.2554914969390390E+01  0.3943082446192446E+00
  0.2555241959114114E+01  0.3941985434464529E+00
  0.2555568948837838E+01  0.3940888422736613E+00
  0.2555895938561561E+01  0.3939620119484532E+00
  0.2556222928285285E+01  0.3938290151226755E+00
  0.2556549918009009E+01  0.3936960182968980E+00
  0.2556876907732732E+01  0.3935608305054525E+00
  0.2557203897456457E+01  0.3933927780145756E+00
  0.2557530887180180E+01  0.3932247255236988E+00
  0.2557857876903904E+01  0.3930566730328220E+00
  0.2558184866627628E+01  0.3928781905595201E+00
  0.2558511856351351E+01  0.3926833743000038E+00
  0.2558838846075075E+01  0.3924885580404875E+00
  0.2559165835798799E+01  0.3922937417809713E+00
  0.2559492825522522E+01  0.3920814779202981E+00
  0.2559819815246246E+01  0.3918623245711393E+00
  0.2560146804969970E+01  0.3916431712219804E+00
  0.2560473794693694E+01  0.3914226108740244E+00
  0.2560800784417417E+01  0.3911715670475493E+00
  0.2561127774141141E+01  0.3909205232210743E+00
  0.2561454763864865E+01  0.3906694793945988E+00
  0.2561781753588589E+01  0.3904118481715834E+00
  0.2562108743312312E+01  0.3901430641188416E+00
  0.2562435733036036E+01  0.3898742800660998E+00
  0.2562762722759760E+01  0.3896054960133580E+00
  0.2563089712483483E+01  0.3893328330843239E+00
  0.2563416702207207E+01  0.3890584961271704E+00
  0.2563743691930931E+01  0.3887841591700170E+00
  0.2564070681654655E+01  0.3885093188520502E+00
  0.2564397671378378E+01  0.3882154238426621E+00
  0.2564724661102102E+01  0.3879215288332739E+00
  0.2565051650825826E+01  0.3876276338238858E+00
  0.2565378640549549E+01  0.3873380613670789E+00
  0.2565705630273273E+01  0.3870564135463076E+00
  0.2566032619996997E+01  0.3867747657255363E+00
  0.2566359609720721E+01  0.3864931179047645E+00
  0.2566686599444445E+01  0.3862279382373789E+00
  0.2567013589168168E+01  0.3859705030153128E+00
  0.2567340578891892E+01  0.3857130677932467E+00
  0.2567667568615616E+01  0.3854557843107528E+00
  0.2567994558339339E+01  0.3852189832725717E+00
  0.2568321548063063E+01  0.3849821822343906E+00
  0.2568648537786787E+01  0.3847453811962096E+00
  0.2568975527510510E+01  0.3845317877625866E+00
  0.2569302517234234E+01  0.3843643543742479E+00
  0.2569629506957958E+01  0.3841969209859091E+00
  0.2569956496681681E+01  0.3840294875975703E+00
  0.2570283486405405E+01  0.3839718260883823E+00
  0.2570610476129129E+01  0.3839702700935860E+00
  0.2570937465852853E+01  0.3839687140987897E+00
  0.2571264455576577E+01  0.3839671581039933E+00
  0.2571591445300300E+01  0.3839327121115455E+00
  0.2571918435024024E+01  0.3838978993244678E+00
  0.2572245424747748E+01  0.3838630865373902E+00
  0.2572572414471471E+01  0.3838644648303576E+00
  0.2572899404195195E+01  0.3839441168383038E+00
  0.2573226393918919E+01  0.3840237688462499E+00
  0.2573553383642643E+01  0.3841034208541960E+00
  0.2573880373366366E+01  0.3842346000161697E+00
  0.2574207363090090E+01  0.3843943399631125E+00
  0.2574534352813814E+01  0.3845540799100553E+00
  0.2574861342537537E+01  0.3847138198569981E+00
  0.2575188332261261E+01  0.3849309058400406E+00
  0.2575515321984985E+01  0.3851497296036550E+00
  0.2575842311708709E+01  0.3853685533672691E+00
  0.2576169301432433E+01  0.3855969568689979E+00
  0.2576496291156156E+01  0.3858479496904655E+00
  0.2576823280879880E+01  0.3860989425119333E+00
  0.2577150270603604E+01  0.3863499353334010E+00
  0.2577477260327327E+01  0.3865539091721376E+00
  0.2577804250051051E+01  0.3867296718973179E+00
  0.2578131239774775E+01  0.3869054346224982E+00
  0.2578458229498498E+01  0.3870811973476784E+00
  0.2578785219222222E+01  0.3872255779979328E+00
  0.2579112208945946E+01  0.3873683835585069E+00
  0.2579439198669669E+01  0.3875111891190809E+00
  0.2579766188393394E+01  0.3875975199026895E+00
  0.2580093178117117E+01  0.3875382065752306E+00
  0.2580420167840841E+01  0.3874788932477717E+00
  0.2580747157564565E+01  0.3874195799203130E+00
  0.2581074147288288E+01  0.3871354375388404E+00
  0.2581401137012012E+01  0.3867054979527486E+00
  0.2581728126735736E+01  0.3862755583666569E+00
  0.2582055116459459E+01  0.3858456187805652E+00
  0.2582382106183183E+01  0.3849394199825635E+00
  0.2582709095906907E+01  0.3839994713423068E+00
  0.2583036085630630E+01  0.3830595227020500E+00
  0.2583363075354354E+01  0.3819459231793120E+00
  0.2583690065078078E+01  0.3803407237206692E+00
  0.2584017054801802E+01  0.3787355242620264E+00
  0.2584344044525525E+01  0.3771303248033837E+00
  0.2584671034249249E+01  0.3750109363183225E+00
  0.2584998023972973E+01  0.3725316171187135E+00
  0.2585325013696697E+01  0.3700522979191045E+00
  0.2585652003420420E+01  0.3675729787194956E+00
  0.2585978993144144E+01  0.3642391911022324E+00
  0.2586305982867868E+01  0.3608264775775210E+00
  0.2586632972591592E+01  0.3574137640528095E+00
  0.2586959962315315E+01  0.3537569138861229E+00
  0.2587286952039039E+01  0.3493380642705116E+00
  0.2587613941762763E+01  0.3449192146549003E+00
  0.2587940931486486E+01  0.3405003650392890E+00
  0.2588267921210210E+01  0.3355005898664364E+00
  0.2588594910933934E+01  0.3300623104403114E+00
  0.2588921900657658E+01  0.3246240310141790E+00
  0.2589248890381382E+01  0.3191857515880540E+00
  0.2589575880105105E+01  0.3129192977955703E+00
  0.2589902869828829E+01  0.3065578078780987E+00
  0.2590229859552553E+01  0.3001963179606272E+00
  0.2590556849276276E+01  0.2936636172392712E+00
  0.2590883839000000E+01  0.2865386957701898E+00
  0.2591210828723724E+01  0.2794137743011084E+00
  0.2591537818447447E+01  0.2722888528320271E+00
  0.2591864808171171E+01  0.2648405972605822E+00
  0.2592191797894895E+01  0.2571293631424368E+00
  0.2592518787618618E+01  0.2494181290242915E+00
  0.2592845777342342E+01  0.2417068949061461E+00
  0.2593172767066066E+01  0.2337671671955600E+00
  0.2593499756789790E+01  0.2257958900606599E+00
  0.2593826746513514E+01  0.2178246129257705E+00
  0.2594153736237237E+01  0.2098227732706511E+00
  0.2594480725960961E+01  0.2017030514248244E+00
  0.2594807715684685E+01  0.1935833295789977E+00
  0.2595134705408408E+01  0.1854636077331710E+00
  0.2595461695132132E+01  0.1775886386942006E+00
  0.2595788684855856E+01  0.1699280373602639E+00
  0.2596115674579579E+01  0.1622674360263271E+00
  0.2596442664303303E+01  0.1546068346923904E+00
  0.2596769654027027E+01  0.1475437130968577E+00
  0.2597096643750751E+01  0.1405776164191023E+00
  0.2597423633474474E+01  0.1336115197413468E+00
  0.2597750623198198E+01  0.1267835010670486E+00
  0.2598077612921922E+01  0.1205538129008312E+00
  0.2598404602645646E+01  0.1143241247346138E+00
  0.2598731592369369E+01  0.1080944365683964E+00
  0.2599058582093093E+01  0.1022957334178496E+00
  0.2599385571816817E+01  0.9690338478754637E-01
  0.2599712561540541E+01  0.9151103615724313E-01
  0.2600039551264264E+01  0.8611868752693988E-01
  0.2600366540987988E+01  0.8144362540564269E-01
  0.2600693530711712E+01  0.7690324874613713E-01
  0.2601020520435435E+01  0.7236287208663156E-01
  0.2601347510159159E+01  0.6795739173776078E-01
  0.2601674499882883E+01  0.6421465667669957E-01
  0.2602001489606606E+01  0.6047192161563835E-01
  0.2602328479330330E+01  0.5672918655457714E-01
  0.2602655469054054E+01  0.5334813054697533E-01
  0.2602982458777778E+01  0.5033411018327505E-01
  0.2603309448501502E+01  0.4732008981957476E-01
  0.2603636438225225E+01  0.4430606945587449E-01
  0.2603963427948949E+01  0.4179772416575372E-01
  0.2604290417672673E+01  0.3939773714931465E-01
  0.2604617407396396E+01  0.3699775013287557E-01
  0.2604944397120120E+01  0.3466847079298613E-01
  0.2605271386843844E+01  0.3273756668092443E-01
  0.2605598376567567E+01  0.3080666256886272E-01
  0.2605925366291291E+01  0.2887575845680102E-01
  0.2606252356015015E+01  0.2714731045598144E-01
  0.2606579345738739E+01  0.2564000638436525E-01
  0.2606906335462463E+01  0.2413270231274701E-01
  0.2607233325186186E+01  0.2262539824113082E-01
  0.2607560314909910E+01  0.2137249911844404E-01
  0.2607887304633634E+01  0.2018116820200893E-01
  0.2608214294357357E+01  0.1898983728557381E-01
  0.2608541284081081E+01  0.1783097187744673E-01
  0.2608868273804805E+01  0.1688493574596752E-01
  0.2609195263528528E+01  0.1593889961448831E-01
  0.2609522253252252E+01  0.1499286348300911E-01
  0.2609849242975976E+01  0.1413840026701209E-01
  0.2610176232699700E+01  0.1339162684837351E-01
  0.2610503222423423E+01  0.1264485342973494E-01
  0.2610830212147147E+01  0.1189808001109636E-01
  0.2611157201870871E+01  0.1127129836792699E-01
  0.2611484191594594E+01  0.1067703792119169E-01
  0.2611811181318318E+01  0.1008277747445559E-01
  0.2612138171042042E+01  0.9501952933112507E-02
  0.2612465160765766E+01  0.9025579092472770E-02
  0.2612792150489490E+01  0.8549205251833033E-02
  0.2613119140213213E+01  0.8072831411193294E-02
  0.2613446129936937E+01  0.7639762986301897E-02
  0.2613773119660661E+01  0.7261547567698920E-02
  0.2614100109384384E+01  0.6883332149095943E-02
  0.2614427099108108E+01  0.6505116730492965E-02
  0.2614754088831832E+01  0.6181779247188026E-02
  0.2615081078555555E+01  0.5874983718068091E-02
  0.2615408068279279E+01  0.5568188188948156E-02
  0.2615735058003003E+01  0.5267236033478291E-02
  0.2616062047726727E+01  0.5021569945823712E-02
  0.2616389037450451E+01  0.4775903858169467E-02
  0.2616716027174174E+01  0.4530237770515221E-02
  0.2617043016897898E+01  0.4304462186054472E-02
  0.2617370006621622E+01  0.4105841269809752E-02
  0.2617696996345345E+01  0.3907220353565031E-02
  0.2618023986069069E+01  0.3708599437320311E-02
  0.2618350975792793E+01  0.3535955252618559E-02
  0.2618677965516516E+01  0.3371969907816089E-02
  0.2619004955240240E+01  0.3207984563013619E-02
  0.2619331944963964E+01  0.3046496128868133E-02
  0.2619658934687688E+01  0.2914851166356499E-02
  0.2619985924411411E+01  0.2783206203844864E-02
  0.2620312914135135E+01  0.2651561241333230E-02
  0.2620639903858859E+01  0.2528798664794525E-02
  0.2620966893582583E+01  0.2419117359261954E-02
  0.2621293883306306E+01  0.2309436053729533E-02
  0.2621620873030030E+01  0.2199754748197112E-02
  0.2621947862753754E+01  0.2103806934532299E-02
  0.2622274852477477E+01  0.2012897011314684E-02
  0.2622601842201201E+01  0.1921987088097069E-02
  0.2622928831924925E+01  0.1832166416844185E-02
  0.2623255821648649E+01  0.1759773550511629E-02
  0.2623582811372372E+01  0.1687380684179073E-02
  0.2623909801096096E+01  0.1614987817846516E-02
  0.2624236790819820E+01  0.1546868527260200E-02
  0.2624563780543543E+01  0.1485546242314344E-02
  0.2624890770267267E+01  0.1424223957368405E-02
  0.2625217759990991E+01  0.1362901672422550E-02
  0.2625544749714715E+01  0.1309078936269314E-02
  0.2625871739438439E+01  0.1258271477979194E-02
  0.2626198729162162E+01  0.1207464019689073E-02
  0.2626525718885886E+01  0.1157002246243267E-02
  0.2626852708609610E+01  0.1114742607611694E-02
  0.2627179698333333E+01  0.1072482968980121E-02
  0.2627506688057057E+01  0.1030223330348548E-02
  0.2627833677780781E+01  0.9897735057069394E-03
  0.2628160667504504E+01  0.9524365623324359E-03
  0.2628487657228228E+01  0.9150996189579321E-03
  0.2628814646951952E+01  0.8777626755834284E-03
  0.2629141636675675E+01  0.8458581516111765E-03
  0.2629468626399399E+01  0.8163392965914685E-03
  0.2629795616123123E+01  0.7868204415717604E-03
  0.2630122605846847E+01  0.7573912362529143E-03
  0.2630449595570571E+01  0.7319360287643504E-03
  0.2630776585294294E+01  0.7064808212757866E-03
  0.2631103575018018E+01  0.6810256137872228E-03
  0.2631430564741742E+01  0.6565345856721341E-03
  0.2631757554465465E+01  0.6338399573065196E-03
  0.2632084544189189E+01  0.6111453289409051E-03
  0.2632411533912913E+01  0.5884507005752904E-03
  0.2632738523636637E+01  0.5700975630059625E-03
  0.2633065513360360E+01  0.5538207701196964E-03
  0.2633392503084084E+01  0.5375439772334305E-03
  0.2633719492807808E+01  0.5212655779961899E-03
  0.2634046482531532E+01  0.5045520900218930E-03
  0.2634373472255255E+01  0.4878386020476187E-03
  0.2634700461978979E+01  0.4711251140733445E-03
  0.2635027451702703E+01  0.4552418223360566E-03
  0.2635354441426426E+01  0.4410373585779758E-03
  0.2635681431150150E+01  0.4268328948198949E-03
  0.2636008420873874E+01  0.4126284310618141E-03
  0.2636335410597598E+01  0.4004101761264529E-03
  0.2636662400321321E+01  0.3892238549718838E-03
  0.2636989390045045E+01  0.3780375338173147E-03
  0.2637316379768769E+01  0.3668512126627456E-03
  0.2637643369492492E+01  0.3564388156087613E-03
  0.2637970359216216E+01  0.3460379685851727E-03
  0.2638297348939940E+01  0.3356371215615841E-03
  0.2638624338663663E+01  0.3263073426628914E-03
  0.2638951328387387E+01  0.3193339010609444E-03
  0.2639278318111111E+01  0.3123604594589880E-03
  0.2639605307834835E+01  0.3053870178570411E-03
  0.2639932297558559E+01  0.2979966287156867E-03
  0.2640259287282282E+01  0.2903714080144057E-03
  0.2640586277006006E+01  0.2827461873131247E-03
  0.2640913266729730E+01  0.2751209666118436E-03
  0.2641240256453453E+01  0.2675644237583445E-03
  0.2641567246177177E+01  0.2600102310428441E-03
  0.2641894235900901E+01  0.2524560383273437E-03
  0.2642221225624624E+01  0.2458534440299818E-03
  0.2642548215348348E+01  0.2415346799994014E-03
  0.2642875205072072E+01  0.2372159159688210E-03
  0.2643202194795796E+01  0.2328971519382347E-03
  0.2643529184519520E+01  0.2278375171720743E-03
  0.2643856174243243E+01  0.2223263464510840E-03
  0.2644183163966967E+01  0.2168151757300937E-03
  0.2644510153690691E+01  0.2113040050091034E-03
  0.2644837143414414E+01  0.2062949792126036E-03
  0.2645164133138138E+01  0.2013132015149991E-03
  0.2645491122861862E+01  0.1963314238173946E-03
  0.2645818112585586E+01  0.1917080172758749E-03
  0.2646145102309309E+01  0.1880259326223153E-03
  0.2646472092033033E+01  0.1843438479687558E-03
  0.2646799081756757E+01  0.1806617633151963E-03
  0.2647126071480480E+01  0.1765600708121527E-03
  0.2647453061204204E+01  0.1721820508772575E-03
  0.2647780050927928E+01  0.1678040309423622E-03
  0.2648107040651652E+01  0.1634260110074610E-03
  0.2648434030375376E+01  0.1607460643327128E-03
  0.2648761020099099E+01  0.1581936358707989E-03
  0.2649088009822823E+01  0.1556412074088850E-03
  0.2649414999546547E+01  0.1526928043110039E-03
  0.2649741989270270E+01  0.1486017458000839E-03
  0.2650068978993994E+01  0.1445106872891638E-03
  0.2650395968717718E+01  0.1404196287782438E-03
  0.2650722958441441E+01  0.1373639926417705E-03
  0.2651049948165165E+01  0.1350442161117597E-03
  0.2651376937888889E+01  0.1327244395817490E-03
  0.2651703927612612E+01  0.1304046630517382E-03
  0.2652030917336336E+01  0.1293231302336900E-03
  0.2652357907060060E+01  0.1283614245048139E-03
  0.2652684896783784E+01  0.1273997187759390E-03
  0.2653011886507508E+01  0.1257656906348166E-03
  0.2653338876231231E+01  0.1219905951103544E-03
  0.2653665865954955E+01  0.1182154995858922E-03
  0.2653992855678679E+01  0.1144404040614299E-03
  0.2654319845402402E+01  0.1118496888621359E-03
  0.2654646835126126E+01  0.1101664800442252E-03
  0.2654973824849850E+01  0.1084832712263145E-03
  0.2655300814573573E+01  0.1068000624084038E-03
  0.2655627804297297E+01  0.1053776229307389E-03
  0.2655954794021021E+01  0.1039863036257615E-03
  0.2656281783744745E+01  0.1025949843207840E-03
  0.2656608773468468E+01  0.1008850988415234E-03
  0.2656935763192192E+01  0.9804962053510631E-04
  0.2657262752915916E+01  0.9521414222868536E-04
  0.2657589742639640E+01  0.9237866392226824E-04
  0.2657916732363363E+01  0.9054566269318656E-04
  0.2658243722087087E+01  0.8954020642522183E-04
  0.2658570711810811E+01  0.8853475015725712E-04
  0.2658897701534535E+01  0.8752929388929237E-04
  0.2659224691258258E+01  0.8533106229178016E-04
  0.2659551680981982E+01  0.8296243540971743E-04
  0.2659878670705706E+01  0.8059380852765470E-04
  0.2660205660429429E+01  0.7834075725834631E-04
  0.2660532650153153E+01  0.7654370272664859E-04
  0.2660859639876877E+01  0.7474664819495089E-04
  0.2661186629600601E+01  0.7294959366325074E-04
  0.2661513619324325E+01  0.7137538316386355E-04
  0.2661840609048048E+01  0.6999925596268919E-04
  0.2662167598771772E+01  0.6862312876151483E-04
  0.2662494588495496E+01  0.6724700156034047E-04
  0.2662821578219219E+01  0.6587025996181773E-04
  0.2663148567942943E+01  0.6449341552438565E-04
  0.2663475557666667E+01  0.6311657108695355E-04
  0.2663802547390390E+01  0.6203148703899671E-04
  0.2664129537114114E+01  0.6224181950862227E-04
  0.2664456526837838E+01  0.6245215197824785E-04
  0.2664783516561561E+01  0.6266248444787341E-04
  0.2665110506285285E+01  0.6169068993627828E-04
  0.2665437496009009E+01  0.5958779438772481E-04
  0.2665764485732733E+01  0.5748489883917135E-04
  0.2666091475456456E+01  0.5538200329061789E-04
  0.2666418465180180E+01  0.5432963901276653E-04
  0.2666745454903904E+01  0.5348000493982518E-04
  0.2667072444627628E+01  0.5263037086688382E-04
  0.2667399434351351E+01  0.5192910843062818E-04
  0.2667726424075075E+01  0.5197628543004385E-04
  0.2668053413798799E+01  0.5202346242945952E-04
  0.2668380403522522E+01  0.5207063942887521E-04
  0.2668707393246246E+01  0.5158613198072103E-04
  0.2669034382969970E+01  0.5055407373507819E-04
  0.2669361372693694E+01  0.4952201548943533E-04
  0.2669688362417417E+01  0.4848995724379248E-04
  0.2670015352141141E+01  0.4841714252802845E-04
  0.2670342341864865E+01  0.4855510044031279E-04
  0.2670669331588589E+01  0.4869305835259695E-04
  0.2670996321312312E+01  0.4864963398161431E-04
  0.2671323311036036E+01  0.4755420745543576E-04
  0.2671650300759760E+01  0.4645878092925721E-04
  0.2671977290483484E+01  0.4536335440307866E-04
  0.2672304280207207E+01  0.4480303572674063E-04
  0.2672631269930931E+01  0.4483589482212866E-04
  0.2672958259654655E+01  0.4486875391751668E-04
  0.2673285249378378E+01  0.4490161301290472E-04
  0.2673612239102102E+01  0.4581101084564130E-04
  0.2673939228825826E+01  0.4693753105031501E-04
  0.2674266218549549E+01  0.4806405125498872E-04
  0.2674593208273273E+01  0.4889375620793647E-04
  0.2674920197996997E+01  0.4771361924910999E-04
  0.2675247187720720E+01  0.4653348229028352E-04
  0.2675574177444445E+01  0.4535334533145545E-04
  0.2675901167168168E+01  0.4484212806458753E-04
  0.2676228156891892E+01  0.4512929563260762E-04
  0.2676555146615616E+01  0.4541646320062772E-04
  0.2676882136339339E+01  0.4570363076864782E-04
  0.2677209126063063E+01  0.4522645991366065E-04
  0.2677536115786787E+01  0.4453757188492225E-04
  0.2677863105510510E+01  0.4384868385618387E-04
  0.2678190095234234E+01  0.4313811298452152E-04
  0.2678517084957958E+01  0.4225263488870594E-04
  0.2678844074681682E+01  0.4136715679289037E-04
  0.2679171064405405E+01  0.4048167869707479E-04
  0.2679498054129129E+01  0.3999850956937216E-04
  0.2679825043852853E+01  0.4003259402575602E-04
  0.2680152033576577E+01  0.4006667848213986E-04
  0.2680479023300300E+01  0.4010076293852371E-04
  0.2680806013024024E+01  0.4031778484841974E-04
  0.2681133002747748E+01  0.4059109514927336E-04
  0.2681459992471471E+01  0.4086440545012698E-04
  0.2681786982195195E+01  0.4113771575098060E-04
  0.2682113971918919E+01  0.4141102605183421E-04
  0.2682440961642643E+01  0.4168433635268783E-04
  0.2682767951366366E+01  0.4195764665354144E-04
  0.2683094941090090E+01  0.4204971614541720E-04
  0.2683421930813814E+01  0.4189059200336248E-04
  0.2683748920537537E+01  0.4173146786130775E-04
  0.2684075910261261E+01  0.4157234371925303E-04
  0.2684402899984985E+01  0.4139802892258939E-04
  0.2684729889708709E+01  0.4121855087172715E-04
  0.2685056879432433E+01  0.4103907282086491E-04
  0.2685383869156156E+01  0.4085959477000267E-04
  0.2685710858879880E+01  0.4068011671914044E-04
  0.2686037848603604E+01  0.4050063866827820E-04
  0.2686364838327327E+01  0.4032116061741596E-04
  0.2686691828051051E+01  0.4027697206582858E-04
  0.2687018817774775E+01  0.4043509529365590E-04
  0.2687345807498498E+01  0.4059321852148323E-04
  0.2687672797222222E+01  0.4075134174931056E-04
  0.2687999786945946E+01  0.4090946497713789E-04
  0.2688326776669669E+01  0.4106758820496521E-04
  0.2688653766393394E+01  0.4122571143279275E-04
  0.2688980756117117E+01  0.4138267422747468E-04
  0.2689307745840841E+01  0.4151975562924698E-04
  0.2689634735564565E+01  0.4165683703101928E-04
  0.2689961725288288E+01  0.4179391843279158E-04
  0.2690288715012012E+01  0.4168417852755881E-04
  0.2690615704735736E+01  0.4117573001369408E-04
  0.2690942694459459E+01  0.4066728149982934E-04
  0.2691269684183183E+01  0.4015883298596459E-04
  0.2691596673906907E+01  0.4022010085856455E-04
  0.2691923663630631E+01  0.4051456709976972E-04
  0.2692250653354354E+01  0.4080903334097489E-04
  0.2692577643078078E+01  0.4108735265703156E-04
  0.2692904632801802E+01  0.4094263703972102E-04
  0.2693231622525525E+01  0.4079792142241047E-04
  0.2693558612249249E+01  0.4065320580509973E-04
  0.2693885601972973E+01  0.4050849018778918E-04
  0.2694212591696697E+01  0.4036377457047865E-04
  0.2694539581420420E+01  0.4021905895316809E-04
  0.2694866571144144E+01  0.4007434333585754E-04
  0.2695193560867868E+01  0.4021838937081313E-04
  0.2695520550591592E+01  0.4049145608023002E-04
  0.2695847540315315E+01  0.4076452278964690E-04
  0.2696174530039039E+01  0.4103443494652983E-04
  0.2696501519762763E+01  0.4113589966586363E-04
  0.2696828509486486E+01  0.4123736438519744E-04
  0.2697155499210210E+01  0.4133882910453124E-04
  0.2697482488933934E+01  0.4144029382386518E-04
  0.2697809478657658E+01  0.4154175854319899E-04
  0.2698136468381382E+01  0.4164322326253280E-04
  0.2698463458105105E+01  0.4174468798186660E-04
  0.2698790447828829E+01  0.4179768296689749E-04
  0.2699117437552553E+01  0.4182710526128797E-04
  0.2699444427276276E+01  0.4185652755567844E-04
  0.2700098406723724E+01  0.0000000000000000E+00
