  1000 NIRCAM_F322W2       
  0.2336557604000000E+01  0.4232601678074074E+01  0.2746455193482032E+02  0.2509259891930050E+01  0.6364551934820319E+01  0.1033187697082797E-10  0.3599946471876475E+03  0.3073649523854246E+01  0.1070954850742593E-16  0.3231980710059689E+01
  0.3333497312435578E+01  0.3197554034021934E+01  0.3266778043171696E+01  0.3173251322706546E+01  0.3178887336072038E+01  0.3958848821435447E+00  0.1582716350428968E+01  0.1356339494822316E+01  0.2429832536479787E+01  0.4012548886908754E+01
  0.7100819648243768E+01  0.1356339494822316E+02  0.2220703566754819E+00  0.5440743026394742E-17  0.3371435335485677E-21  0.2539999961853027E+06  0.2621591097949258E+02  0.2872517239730155E+02  0.3258046291431290E+02
  0.2336557604000000E+01  0.0000000000000000E+00
  0.2338453648074074E+01  0.9262166568737784E-04
  0.2340349692148148E+01  0.1155620472214532E-03
  0.2342245736222222E+01  0.8657170151153953E-04
  0.2344141780296296E+01  0.8505711948006421E-04
  0.2346037824370371E+01  0.1118549808493630E-03
  0.2347933868444445E+01  0.1748356249726752E-03
  0.2349829912518519E+01  0.1713620475955631E-03
  0.2351725956592593E+01  0.1676161230578671E-03
  0.2353622000666667E+01  0.1925621112178232E-03
  0.2355518044740741E+01  0.2462705137143682E-03
  0.2357414088814815E+01  0.3157821261867060E-03
  0.2359310132888889E+01  0.3813206235221824E-03
  0.2361206176962963E+01  0.4606777408025223E-03
  0.2363102221037037E+01  0.5521361269842471E-03
  0.2364998265111111E+01  0.6706820019534111E-03
  0.2366894309185185E+01  0.8744795604947086E-03
  0.2368790353259259E+01  0.1162098499545422E-02
  0.2370686397333333E+01  0.1471596788519021E-02
  0.2372582441407407E+01  0.1791916591808294E-02
  0.2374478485481482E+01  0.2246188743651060E-02
  0.2376374529555556E+01  0.2911810510715449E-02
  0.2378270573629630E+01  0.3763660457880751E-02
  0.2380166617703704E+01  0.4705807463101623E-02
  0.2382062661777778E+01  0.5886746785859683E-02
  0.2383958705851852E+01  0.7415308827928430E-02
  0.2385854749925926E+01  0.9381405111554567E-02
  0.2387750794000000E+01  0.1174279876493256E-01
  0.2389646838074074E+01  0.1452826630564883E-01
  0.2391542882148149E+01  0.1797726456123264E-01
  0.2393438926222223E+01  0.2189622166613322E-01
  0.2395334970296297E+01  0.2659360875655638E-01
  0.2397231014370371E+01  0.3186435931650795E-01
  0.2399127058444445E+01  0.3793829628192950E-01
  0.2401023102518519E+01  0.4486602228491379E-01
  0.2402919146592593E+01  0.5249875643882591E-01
  0.2404815190666667E+01  0.6125652425293594E-01
  0.2406711234740741E+01  0.7102691477331032E-01
  0.2408607278814815E+01  0.8218814500119341E-01
  0.2410503322888889E+01  0.9422345105867394E-01
  0.2412399366962963E+01  0.1077999054508419E+00
  0.2414295411037037E+01  0.1227277030691752E+00
  0.2416191455111111E+01  0.1384542615975867E+00
  0.2418087499185186E+01  0.1556066629682688E+00
  0.2419983543259260E+01  0.1724790124032531E+00
  0.2421879587333334E+01  0.1906420998618822E+00
  0.2423775631407408E+01  0.2082282787279122E+00
  0.2425671675481482E+01  0.2253296286335901E+00
  0.2427567719555556E+01  0.2424895757597182E+00
  0.2429463763629630E+01  0.2584571104507056E+00
  0.2431359807703704E+01  0.2754599654683709E+00
  0.2433255851777778E+01  0.2904637612109061E+00
  0.2435151895851852E+01  0.3060548212346894E+00
  0.2437047939925926E+01  0.3212463075929864E+00
  0.2438943984000000E+01  0.3347619967726436E+00
  0.2440840028074074E+01  0.3490632752461303E+00
  0.2442736072148148E+01  0.3596452535307759E+00
  0.2444632116222222E+01  0.3700723397769952E+00
  0.2446528160296296E+01  0.3786894372497379E+00
  0.2448424204370371E+01  0.3847268988968752E+00
  0.2450320248444445E+01  0.3901078654213405E+00
  0.2452216292518519E+01  0.3933771068240691E+00
  0.2454112336592593E+01  0.3961543904647899E+00
  0.2456008380666667E+01  0.3980887900330720E+00
  0.2457904424740741E+01  0.3994013190193080E+00
  0.2459800468814815E+01  0.4005558756941848E+00
  0.2461696512888889E+01  0.4013669489252730E+00
  0.2463592556962963E+01  0.4020888995072957E+00
  0.2465488601037037E+01  0.4027290912883100E+00
  0.2467384645111111E+01  0.4033455589852712E+00
  0.2469280689185185E+01  0.4039837013276461E+00
  0.2471176733259259E+01  0.4046693344136381E+00
  0.2473072777333333E+01  0.4054871735123403E+00
  0.2474968821407407E+01  0.4064876505214846E+00
  0.2476864865481482E+01  0.4070530731391535E+00
  0.2478760909555556E+01  0.4076286088155493E+00
  0.2480656953629630E+01  0.4080730887968682E+00
  0.2482552997703704E+01  0.4082692827415225E+00
  0.2484449041777778E+01  0.4086523477445452E+00
  0.2486345085851852E+01  0.4090749362922259E+00
  0.2488241129925926E+01  0.4094886534938981E+00
  0.2490137174000000E+01  0.4098009904539451E+00
  0.2492033218074074E+01  0.4101298121285902E+00
  0.2493929262148148E+01  0.4103774893752484E+00
  0.2495825306222222E+01  0.4105904836671534E+00
  0.2497721350296296E+01  0.4107655223552154E+00
  0.2499617394370371E+01  0.4044635574748273E+00
  0.2501513438444444E+01  0.4028654440284955E+00
  0.2503409482518519E+01  0.4027487007765430E+00
  0.2505305526592593E+01  0.4025983284507921E+00
  0.2507201570666667E+01  0.4023599654626271E+00
  0.2509097614740741E+01  0.4020576368525934E+00
  0.2510993658814815E+01  0.4017371616825997E+00
  0.2512889702888889E+01  0.4014103037918801E+00
  0.2514785746962963E+01  0.4010747521687372E+00
  0.2516681791037037E+01  0.4007797381092394E+00
  0.2518577835111111E+01  0.4005256941165952E+00
  0.2520473879185186E+01  0.4003323940608265E+00
  0.2522369923259260E+01  0.4002211298991962E+00
  0.2524265967333334E+01  0.4001589001259359E+00
  0.2526162011407408E+01  0.4002280349127033E+00
  0.2528058055481482E+01  0.4003493875634663E+00
  0.2529954099555556E+01  0.4005379288294127E+00
  0.2531850143629630E+01  0.4007612526523691E+00
  0.2533746187703704E+01  0.4011408119128678E+00
  0.2535642231777778E+01  0.4014507959424983E+00
  0.2537538275851852E+01  0.4018665787178312E+00
  0.2539434319925926E+01  0.4021673564792534E+00
  0.2541330364000000E+01  0.4022873609714330E+00
  0.2543226408074074E+01  0.4022067639241312E+00
  0.2545122452148148E+01  0.4023363589686320E+00
  0.2547018496222222E+01  0.4021025834747042E+00
  0.2548914540296296E+01  0.4018229574698446E+00
  0.2550810584370371E+01  0.4013730094713906E+00
  0.2552706628444445E+01  0.4007278227785314E+00
  0.2554602672518519E+01  0.4003434726866133E+00
  0.2556498716592593E+01  0.3996404888466781E+00
  0.2558394760666667E+01  0.3988291050573896E+00
  0.2560290804740741E+01  0.3975343943902021E+00
  0.2562186848814815E+01  0.3964229170259886E+00
  0.2564082892888889E+01  0.3957576438982967E+00
  0.2565978936962963E+01  0.3955731066258382E+00
  0.2567874981037037E+01  0.3948721361856317E+00
  0.2569771025111111E+01  0.3940504474900864E+00
  0.2571667069185185E+01  0.3945580109796544E+00
  0.2573563113259259E+01  0.3940787968399431E+00
  0.2575459157333333E+01  0.3946312876837608E+00
  0.2577355201407407E+01  0.3946257957970403E+00
  0.2579251245481482E+01  0.3953940508542608E+00
  0.2581147289555556E+01  0.3958822502751796E+00
  0.2583043333629630E+01  0.3967612945391834E+00
  0.2584939377703704E+01  0.3984244578753096E+00
  0.2586835421777778E+01  0.3999530870738617E+00
  0.2588731465851852E+01  0.4017389954663948E+00
  0.2590627509925926E+01  0.4038106937572362E+00
  0.2592523554000000E+01  0.4054318133680079E+00
  0.2594419598074074E+01  0.4052184871991487E+00
  0.2596315642148148E+01  0.4083431790108307E+00
  0.2598211686222222E+01  0.4114391441571350E+00
  0.2600107730296296E+01  0.4130674662779436E+00
  0.2602003774370370E+01  0.4138778196443050E+00
  0.2603899818444444E+01  0.4144605018761985E+00
  0.2605795862518518E+01  0.4148278379439660E+00
  0.2607691906592593E+01  0.4158156140822432E+00
  0.2609587950666667E+01  0.4161453376991285E+00
  0.2611483994740741E+01  0.4164499914234752E+00
  0.2613380038814815E+01  0.4160174516275652E+00
  0.2615276082888889E+01  0.4155638184050863E+00
  0.2617172126962963E+01  0.4149856714597799E+00
  0.2619068171037037E+01  0.4157060393755342E+00
  0.2620964215111111E+01  0.4152285347282104E+00
  0.2622860259185186E+01  0.4155045470193264E+00
  0.2624756303259260E+01  0.4148433769937822E+00
  0.2626652347333334E+01  0.4136188948682313E+00
  0.2628548391407408E+01  0.4135932318685869E+00
  0.2630444435481482E+01  0.4124183689662719E+00
  0.2632340479555556E+01  0.4128729345704529E+00
  0.2634236523629630E+01  0.4125783611161141E+00
  0.2636132567703704E+01  0.4128414058386533E+00
  0.2638028611777778E+01  0.4127056016713525E+00
  0.2639924655851852E+01  0.4126287376418177E+00
  0.2641820699925926E+01  0.4125232957287427E+00
  0.2643716744000000E+01  0.4127051428236584E+00
  0.2645612788074074E+01  0.4126290088242016E+00
  0.2647508832148148E+01  0.4133086484013672E+00
  0.2649404876222222E+01  0.4137414651340797E+00
  0.2651300920296296E+01  0.4134683248484300E+00
  0.2653196964370371E+01  0.4139657809206195E+00
  0.2655093008444445E+01  0.4144463706729081E+00
  0.2656989052518519E+01  0.4150117078376949E+00
  0.2658885096592593E+01  0.4150501848319988E+00
  0.2660781140666667E+01  0.4149687302971787E+00
  0.2662677184740741E+01  0.4146622420848930E+00
  0.2664573228814815E+01  0.4136947022284704E+00
  0.2666469272888889E+01  0.4136851982974480E+00
  0.2668365316962963E+01  0.4146636598181327E+00
  0.2670261361037037E+01  0.4135147525817563E+00
  0.2672157405111111E+01  0.4144874533072462E+00
  0.2674053449185185E+01  0.4145190222398831E+00
  0.2675949493259259E+01  0.4136367896530614E+00
  0.2677845537333333E+01  0.4135586855849513E+00
  0.2679741581407407E+01  0.4135113605202869E+00
  0.2681637625481482E+01  0.4138503439804141E+00
  0.2683533669555556E+01  0.4128274698164695E+00
  0.2685429713629630E+01  0.4127748389271608E+00
  0.2687325757703704E+01  0.4129714253351286E+00
  0.2689221801777778E+01  0.4129114711145412E+00
  0.2691117845851852E+01  0.4127792573499828E+00
  0.2693013889925926E+01  0.4114221334326191E+00
  0.2694909934000000E+01  0.4114155663563182E+00
  0.2696805978074074E+01  0.4119924249168848E+00
  0.2698702022148148E+01  0.4122941572531030E+00
  0.2700598066222222E+01  0.4125399740492726E+00
  0.2702494110296296E+01  0.4129407656294247E+00
  0.2704390154370370E+01  0.4136567006626601E+00
  0.2706286198444444E+01  0.4141621080799815E+00
  0.2708182242518518E+01  0.4142728201211451E+00
  0.2710078286592593E+01  0.4141590211041649E+00
  0.2711974330666667E+01  0.4151144485627547E+00
  0.2713870374740741E+01  0.4159453997627236E+00
  0.2715766418814815E+01  0.4161474424283161E+00
  0.2717662462888889E+01  0.4163232835830332E+00
  0.2719558506962963E+01  0.4158495882667325E+00
  0.2721454551037037E+01  0.4164104278205003E+00
  0.2723350595111111E+01  0.4169936601902084E+00
  0.2725246639185185E+01  0.4167457346279071E+00
  0.2727142683259260E+01  0.4175642420500567E+00
  0.2729038727333333E+01  0.4176657268374141E+00
  0.2730934771407408E+01  0.4175472270410716E+00
  0.2732830815481482E+01  0.4171952210526085E+00
  0.2734726859555556E+01  0.4160973551563977E+00
  0.2736622903629630E+01  0.4162542548542993E+00
  0.2738518947703704E+01  0.4152285165523005E+00
  0.2740414991777778E+01  0.4145993880103694E+00
  0.2742311035851852E+01  0.4153445388484432E+00
  0.2744207079925926E+01  0.4152872169001955E+00
  0.2746103124000000E+01  0.4145378870256062E+00
  0.2747999168074074E+01  0.4141863730976889E+00
  0.2749895212148148E+01  0.4138462807588411E+00
  0.2751791256222222E+01  0.4127615413705388E+00
  0.2753687300296296E+01  0.4113724036599292E+00
  0.2755583344370371E+01  0.4096583526781529E+00
  0.2757479388444445E+01  0.4096394939139040E+00
  0.2759375432518519E+01  0.4093824331124147E+00
  0.2761271476592593E+01  0.4086795079380168E+00
  0.2763167520666667E+01  0.4080289890563966E+00
  0.2765063564740741E+01  0.4085801821519218E+00
  0.2766959608814815E+01  0.4083334247793704E+00
  0.2768855652888889E+01  0.4086442397206556E+00
  0.2770751696962963E+01  0.4087542591995401E+00
  0.2772647741037037E+01  0.4093931609169330E+00
  0.2774543785111111E+01  0.4101660555614202E+00
  0.2776439829185185E+01  0.4103781483097851E+00
  0.2778335873259259E+01  0.4111903807885637E+00
  0.2780231917333333E+01  0.4120798573147944E+00
  0.2782127961407407E+01  0.4126554608647885E+00
  0.2784024005481482E+01  0.4136463387566033E+00
  0.2785920049555556E+01  0.4138575585973544E+00
  0.2787816093629630E+01  0.4145275506915291E+00
  0.2789712137703704E+01  0.4157788345975563E+00
  0.2791608181777778E+01  0.4163660197319991E+00
  0.2793504225851852E+01  0.4171407049254005E+00
  0.2795400269925926E+01  0.4176500539893389E+00
  0.2797296314000000E+01  0.4184099005254389E+00
  0.2799192358074074E+01  0.4192531969909200E+00
  0.2801088402148148E+01  0.4195395204066221E+00
  0.2802984446222222E+01  0.4195968266165080E+00
  0.2804880490296296E+01  0.4199664194195593E+00
  0.2806776534370370E+01  0.4204349689616139E+00
  0.2808672578444444E+01  0.4206281362161273E+00
  0.2810568622518518E+01  0.4204528553336225E+00
  0.2812464666592593E+01  0.4205907651234037E+00
  0.2814360710666667E+01  0.4203557374738148E+00
  0.2816256754740741E+01  0.4202090897658353E+00
  0.2818152798814815E+01  0.4203562834525302E+00
  0.2820048842888889E+01  0.4200079833237011E+00
  0.2821944886962963E+01  0.4199931668895084E+00
  0.2823840931037037E+01  0.4199001451269959E+00
  0.2825736975111111E+01  0.4196887937871105E+00
  0.2827633019185185E+01  0.4194743647552276E+00
  0.2829529063259259E+01  0.4193346738603258E+00
  0.2831425107333334E+01  0.4190732287783740E+00
  0.2833321151407407E+01  0.4187385616385926E+00
  0.2835217195481482E+01  0.4184559634751716E+00
  0.2837113239555555E+01  0.4179296388991901E+00
  0.2839009283629630E+01  0.4176720344603838E+00
  0.2840905327703704E+01  0.4178292588346095E+00
  0.2842801371777778E+01  0.4178781770267577E+00
  0.2844697415851852E+01  0.4177846917778819E+00
  0.2846593459925926E+01  0.4176778662943560E+00
  0.2848489504000000E+01  0.4175414348844523E+00
  0.2850385548074074E+01  0.4173817414269401E+00
  0.2852281592148148E+01  0.4169894540749972E+00
  0.2854177636222222E+01  0.4164673501528345E+00
  0.2856073680296296E+01  0.4160812699906696E+00
  0.2857969724370371E+01  0.4156740812878366E+00
  0.2859865768444445E+01  0.4150934154792657E+00
  0.2861761812518519E+01  0.4144641461268267E+00
  0.2863657856592593E+01  0.4142559410177150E+00
  0.2865553900666667E+01  0.4142742748962744E+00
  0.2867449944740741E+01  0.4140028863454994E+00
  0.2869345988814815E+01  0.4137113115007752E+00
  0.2871242032888889E+01  0.4133670745148851E+00
  0.2873138076962963E+01  0.4131287495435575E+00
  0.2875034121037037E+01  0.4128657349886508E+00
  0.2876930165111111E+01  0.4125339640575018E+00
  0.2878826209185185E+01  0.4122080792079724E+00
  0.2880722253259259E+01  0.4118676192353871E+00
  0.2882618297333333E+01  0.4115113166183978E+00
  0.2884514341407407E+01  0.4110987448584243E+00
  0.2886410385481482E+01  0.4101960758170368E+00
  0.2888306429555556E+01  0.4097920293092717E+00
  0.2890202473629630E+01  0.4094099545924022E+00
  0.2892098517703704E+01  0.4093119180618818E+00
  0.2893994561777778E+01  0.4093653645293597E+00
  0.2895890605851852E+01  0.4091186956697738E+00
  0.2897786649925926E+01  0.4088813252873761E+00
  0.2899682694000000E+01  0.4085724891062985E+00
  0.2901578738074074E+01  0.4081852162409089E+00
  0.2903474782148148E+01  0.4078322858471249E+00
  0.2905370826222222E+01  0.4074290537229552E+00
  0.2907266870296296E+01  0.4070614270746530E+00
  0.2909162914370370E+01  0.4066746155040190E+00
  0.2911058958444444E+01  0.4059781798232045E+00
  0.2912955002518518E+01  0.4055125177254517E+00
  0.2914851046592593E+01  0.4052097871525456E+00
  0.2916747090666667E+01  0.4048960963703805E+00
  0.2918643134740741E+01  0.4045525678930029E+00
  0.2920539178814815E+01  0.4041615801574477E+00
  0.2922435222888889E+01  0.4035544222387867E+00
  0.2924331266962963E+01  0.4029744583217466E+00
  0.2926227311037037E+01  0.4026045899253019E+00
  0.2928123355111111E+01  0.4022213739465002E+00
  0.2930019399185185E+01  0.4015702957916844E+00
  0.2931915443259259E+01  0.4007843241306828E+00
  0.2933811487333333E+01  0.3999560273737902E+00
  0.2935707531407408E+01  0.3990837058534338E+00
  0.2937603575481481E+01  0.3979427801638809E+00
  0.2939499619555556E+01  0.3969040296808329E+00
  0.2941395663629629E+01  0.3960774674983292E+00
  0.2943291707703704E+01  0.3953385671762532E+00
  0.2945187751777778E+01  0.3948927422223517E+00
  0.2947083795851852E+01  0.3940711879533668E+00
  0.2948979839925926E+01  0.3932886107762936E+00
  0.2950875884000000E+01  0.3926840426229469E+00
  0.2952771928074074E+01  0.3916868912555119E+00
  0.2954667972148148E+01  0.3906527475305125E+00
  0.2956564016222222E+01  0.3896540652042443E+00
  0.2958460060296296E+01  0.3886573724349509E+00
  0.2960356104370370E+01  0.3876748464933490E+00
  0.2962252148444445E+01  0.3867022485367354E+00
  0.2964148192518519E+01  0.3857709814608785E+00
  0.2966044236592593E+01  0.3848991646788167E+00
  0.2967940280666667E+01  0.3840562929225588E+00
  0.2969836324740741E+01  0.3832057279943281E+00
  0.2971732368814815E+01  0.3824493390714078E+00
  0.2973628412888889E+01  0.3817741856709457E+00
  0.2975524456962963E+01  0.3815574581588398E+00
  0.2977420501037037E+01  0.3814229491237117E+00
  0.2979316545111111E+01  0.3808480511737806E+00
  0.2981212589185185E+01  0.3801425355610072E+00
  0.2983108633259259E+01  0.3793926788880956E+00
  0.2985004677333333E+01  0.3786745018715936E+00
  0.2986900721407407E+01  0.3779456681489033E+00
  0.2988796765481482E+01  0.3775942293324519E+00
  0.2990692809555556E+01  0.3771157540750086E+00
  0.2992588853629630E+01  0.3767424664630671E+00
  0.2994484897703704E+01  0.3763952914224621E+00
  0.2996380941777778E+01  0.3760311875281848E+00
  0.2998276985851852E+01  0.3756645852556094E+00
  0.3000173029925926E+01  0.3752784503317924E+00
  0.3002069074000000E+01  0.3748679530377480E+00
  0.3003965118074074E+01  0.3742169915643294E+00
  0.3005861162148148E+01  0.3735589112463609E+00
  0.3007757206222222E+01  0.3730668354274863E+00
  0.3009653250296296E+01  0.3722901400328293E+00
  0.3011549294370370E+01  0.3717391828439990E+00
  0.3013445338444444E+01  0.3712535504105597E+00
  0.3015341382518518E+01  0.3707155586629827E+00
  0.3017237426592593E+01  0.3701334317447764E+00
  0.3019133470666667E+01  0.3695209379750506E+00
  0.3021029514740741E+01  0.3687305142225969E+00
  0.3022925558814815E+01  0.3677658426139086E+00
  0.3024821602888889E+01  0.3667601202765249E+00
  0.3026717646962963E+01  0.3656751640184686E+00
  0.3028613691037037E+01  0.3645413041958360E+00
  0.3030509735111111E+01  0.3635524427399557E+00
  0.3032405779185185E+01  0.3628287364331038E+00
  0.3034301823259259E+01  0.3621040892941462E+00
  0.3036197867333333E+01  0.3614251726223761E+00
  0.3038093911407407E+01  0.3609547977256894E+00
  0.3039989955481481E+01  0.3601574794699866E+00
  0.3041885999555555E+01  0.3596155022546732E+00
  0.3043782043629629E+01  0.3590926446233383E+00
  0.3045678087703704E+01  0.3585496764482812E+00
  0.3047574131777778E+01  0.3580564538801321E+00
  0.3049470175851852E+01  0.3577871742545921E+00
  0.3051366219925926E+01  0.3571567288491678E+00
  0.3053262264000000E+01  0.3564321006919314E+00
  0.3055158308074074E+01  0.3557084528698085E+00
  0.3057054352148148E+01  0.3550367723584291E+00
  0.3058950396222222E+01  0.3543635023568445E+00
  0.3060846440296296E+01  0.3539703193751887E+00
  0.3062742484370371E+01  0.3539403607279844E+00
  0.3064638528444444E+01  0.3539603999965230E+00
  0.3066534572518519E+01  0.3543839724042798E+00
  0.3068430616592592E+01  0.3546790316204944E+00
  0.3070326660666667E+01  0.3549104421022006E+00
  0.3072222704740741E+01  0.3546972467357277E+00
  0.3074118748814815E+01  0.3545223751974286E+00
  0.3076014792888889E+01  0.3543933918683394E+00
  0.3077910836962963E+01  0.3542893926086053E+00
  0.3079806881037037E+01  0.3542770355607663E+00
  0.3081702925111111E+01  0.3546265258963848E+00
  0.3083598969185185E+01  0.3551219349177829E+00
  0.3085495013259259E+01  0.3556539769357514E+00
  0.3087391057333333E+01  0.3562240014352874E+00
  0.3089287101407407E+01  0.3568157008249083E+00
  0.3091183145481482E+01  0.3575336899138313E+00
  0.3093079189555556E+01  0.3583513232288771E+00
  0.3094975233629630E+01  0.3595050849327421E+00
  0.3096871277703704E+01  0.3603006702893439E+00
  0.3098767321777778E+01  0.3611055837885318E+00
  0.3100663365851852E+01  0.3618114847927725E+00
  0.3102559409925926E+01  0.3623621645055686E+00
  0.3104455454000000E+01  0.3628879745649125E+00
  0.3106351498074074E+01  0.3634103797225047E+00
  0.3108247542148148E+01  0.3639527652442803E+00
  0.3110143586222222E+01  0.3644964360851585E+00
  0.3112039630296296E+01  0.3651524789411280E+00
  0.3113935674370370E+01  0.3658209591938590E+00
  0.3115831718444444E+01  0.3664743974810801E+00
  0.3117727762518518E+01  0.3671371684578695E+00
  0.3119623806592593E+01  0.3677811359268233E+00
  0.3121519850666667E+01  0.3691767275023120E+00
  0.3123415894740741E+01  0.3702100755172937E+00
  0.3125311938814815E+01  0.3712395403628654E+00
  0.3127207982888889E+01  0.3722526602296281E+00
  0.3129104026962963E+01  0.3732626623676841E+00
  0.3131000071037037E+01  0.3741560631254147E+00
  0.3132896115111111E+01  0.3749355664554757E+00
  0.3134792159185185E+01  0.3756937721503078E+00
  0.3136688203259259E+01  0.3764601341431923E+00
  0.3138584247333333E+01  0.3772191922775389E+00
  0.3140480291407407E+01  0.3780217901283469E+00
  0.3142376335481481E+01  0.3789742024808352E+00
  0.3144272379555555E+01  0.3799182259988062E+00
  0.3146168423629629E+01  0.3808403081622740E+00
  0.3148064467703704E+01  0.3821428014852813E+00
  0.3149960511777778E+01  0.3832031423970644E+00
  0.3151856555851852E+01  0.3841324049838658E+00
  0.3153752599925926E+01  0.3850671659934238E+00
  0.3155648644000000E+01  0.3860171926051167E+00
  0.3157544688074074E+01  0.3869738292768267E+00
  0.3159440732148148E+01  0.3879199147010394E+00
  0.3161336776222222E+01  0.3888370643167569E+00
  0.3163232820296296E+01  0.3897349853204390E+00
  0.3165128864370370E+01  0.3906270722713488E+00
  0.3167024908444445E+01  0.3915352028919581E+00
  0.3168920952518518E+01  0.3924516787999149E+00
  0.3170816996592593E+01  0.3935279212665058E+00
  0.3172713040666666E+01  0.3951254168030597E+00
  0.3174609084740741E+01  0.3965125228799333E+00
  0.3176505128814815E+01  0.3977769883991062E+00
  0.3178401172888889E+01  0.3990468575445433E+00
  0.3180297216962963E+01  0.4002699050982553E+00
  0.3182193261037037E+01  0.4013727414511172E+00
  0.3184089305111111E+01  0.4024591134095852E+00
  0.3185985349185185E+01  0.4035247146071907E+00
  0.3187881393259259E+01  0.4045660162038353E+00
  0.3189777437333333E+01  0.4056163053704386E+00
  0.3191673481407407E+01  0.4066748833473339E+00
  0.3193569525481482E+01  0.4077283178371046E+00
  0.3195465569555556E+01  0.4087595980841667E+00
  0.3197361613629630E+01  0.4099016973916907E+00
  0.3199257657703704E+01  0.4112650231635063E+00
  0.3201153701777778E+01  0.4122133280496763E+00
  0.3203049745851852E+01  0.4131293021849559E+00
  0.3204945789925926E+01  0.4140398998633995E+00
  0.3206841834000000E+01  0.4149079354380455E+00
  0.3208737878074074E+01  0.4157757739294864E+00
  0.3210633922148148E+01  0.4166217167839957E+00
  0.3212529966222222E+01  0.4172199576290329E+00
  0.3214426010296296E+01  0.4177917220925806E+00
  0.3216322054370370E+01  0.4186062961618653E+00
  0.3218218098444444E+01  0.4193970180012755E+00
  0.3220114142518518E+01  0.4202229059749207E+00
  0.3222010186592593E+01  0.4214871467292205E+00
  0.3223906230666667E+01  0.4225951506025646E+00
  0.3225802274740741E+01  0.4235541577801341E+00
  0.3227698318814815E+01  0.4245044096465513E+00
  0.3229594362888889E+01  0.4254313765226070E+00
  0.3231490406962963E+01  0.4261532787637174E+00
  0.3233386451037037E+01  0.4267867565787977E+00
  0.3235282495111111E+01  0.4274341585538610E+00
  0.3237178539185185E+01  0.4280739368232650E+00
  0.3239074583259259E+01  0.4287098720157724E+00
  0.3240970627333333E+01  0.4293420302747939E+00
  0.3242866671407407E+01  0.4299268544427052E+00
  0.3244762715481481E+01  0.4307755999685445E+00
  0.3246658759555555E+01  0.4316043955650235E+00
  0.3248554803629629E+01  0.4322110685790742E+00
  0.3250450847703704E+01  0.4328959047464399E+00
  0.3252346891777778E+01  0.4337019938456438E+00
  0.3254242935851852E+01  0.4345108675822629E+00
  0.3256138979925926E+01  0.4353344183604002E+00
  0.3258035024000000E+01  0.4361838654264573E+00
  0.3259931068074074E+01  0.4370245126836877E+00
  0.3261827112148148E+01  0.4377980180872131E+00
  0.3263723156222222E+01  0.4385952532233079E+00
  0.3265619200296296E+01  0.4393994206299350E+00
  0.3267515244370371E+01  0.4404026584598384E+00
  0.3269411288444444E+01  0.4415217533289501E+00
  0.3271307332518519E+01  0.4422162465326201E+00
  0.3273203376592592E+01  0.4428873107256812E+00
  0.3275099420666667E+01  0.4435682457318298E+00
  0.3276995464740740E+01  0.4442470889462649E+00
  0.3278891508814815E+01  0.4449010547825162E+00
  0.3280787552888889E+01  0.4455627655274508E+00
  0.3282683596962963E+01  0.4462545873771196E+00
  0.3284579641037037E+01  0.4469563017172355E+00
  0.3286475685111111E+01  0.4476655427917140E+00
  0.3288371729185185E+01  0.4483445156931045E+00
  0.3290267773259259E+01  0.4495307253349904E+00
  0.3292163817333333E+01  0.4501925965220187E+00
  0.3294059861407407E+01  0.4508755539433560E+00
  0.3295955905481482E+01  0.4515627688915561E+00
  0.3297851949555556E+01  0.4522370647193691E+00
  0.3299747993629630E+01  0.4529055962349957E+00
  0.3301644037703704E+01  0.4534123571970574E+00
  0.3303540081777778E+01  0.4538898661648746E+00
  0.3305436125851852E+01  0.4543894374342530E+00
  0.3307332169925926E+01  0.4548929390687002E+00
  0.3309228214000000E+01  0.4553870412835854E+00
  0.3311124258074074E+01  0.4560439939608442E+00
  0.3313020302148148E+01  0.4567644814032675E+00
  0.3314916346222222E+01  0.4571900055135693E+00
  0.3316812390296296E+01  0.4576238263146748E+00
  0.3318708434370370E+01  0.4580713330564803E+00
  0.3320604478444444E+01  0.4584987367784068E+00
  0.3322500522518518E+01  0.4588655014288229E+00
  0.3324396566592593E+01  0.4592472040673243E+00
  0.3326292610666667E+01  0.4596536474354442E+00
  0.3328188654740741E+01  0.4600811628324863E+00
  0.3330084698814815E+01  0.4603768086116796E+00
  0.3331980742888889E+01  0.4601430773354141E+00
  0.3333876786962963E+01  0.4599191508247583E+00
  0.3335772831037037E+01  0.4599495630182625E+00
  0.3337668875111111E+01  0.4596201985594494E+00
  0.3339564919185185E+01  0.4592033434835553E+00
  0.3341460963259259E+01  0.4577092671724296E+00
  0.3343357007333333E+01  0.4557019598040074E+00
  0.3345253051407407E+01  0.4536848758060675E+00
  0.3347149095481481E+01  0.4516737862254726E+00
  0.3349045139555555E+01  0.4496895944420626E+00
  0.3350941183629629E+01  0.4462340501305078E+00
  0.3352837227703704E+01  0.4414191837373287E+00
  0.3354733271777778E+01  0.4365537524684556E+00
  0.3356629315851852E+01  0.4316589509263062E+00
  0.3358525359925926E+01  0.4267453390523900E+00
  0.3360421404000000E+01  0.4232646098541677E+00
  0.3362317448074074E+01  0.4239039473936329E+00
  0.3364213492148148E+01  0.4247168480407869E+00
  0.3366109536222222E+01  0.4255285508453915E+00
  0.3368005580296296E+01  0.4263346448240939E+00
  0.3369901624370370E+01  0.4271289285127052E+00
  0.3371797668444445E+01  0.4328091815782396E+00
  0.3373693712518518E+01  0.4393607524452892E+00
  0.3375589756592593E+01  0.4453633047571300E+00
  0.3377485800666666E+01  0.4512282945775534E+00
  0.3379381844740741E+01  0.4570855871762446E+00
  0.3381277888814815E+01  0.4602547354855913E+00
  0.3383173932888889E+01  0.4621129880323014E+00
  0.3385069976962963E+01  0.4639530573113862E+00
  0.3386966021037037E+01  0.4657890362872134E+00
  0.3388862065111111E+01  0.4675955369624520E+00
  0.3390758109185185E+01  0.4685332608558906E+00
  0.3392654153259259E+01  0.4681708945073925E+00
  0.3394550197333333E+01  0.4677500111009181E+00
  0.3396446241407407E+01  0.4673080044276127E+00
  0.3398342285481482E+01  0.4668282666932890E+00
  0.3400238329555555E+01  0.4663065469888561E+00
  0.3402134373629630E+01  0.4657189086730221E+00
  0.3404030417703703E+01  0.4650932196199011E+00
  0.3405926461777778E+01  0.4644371829460745E+00
  0.3407822505851851E+01  0.4637658632823410E+00
  0.3409718549925926E+01  0.4633850992827111E+00
  0.3411614594000000E+01  0.4631689418725721E+00
  0.3413510638074074E+01  0.4627456442610892E+00
  0.3415406682148148E+01  0.4625979662816233E+00
  0.3417302726222222E+01  0.4623581666673854E+00
  0.3419198770296296E+01  0.4619006432081144E+00
  0.3421094814370370E+01  0.4617499421688194E+00
  0.3422990858444444E+01  0.4618281279925393E+00
  0.3424886902518518E+01  0.4619301431471352E+00
  0.3426782946592593E+01  0.4620289336124079E+00
  0.3428678990666667E+01  0.4621373469652195E+00
  0.3430575034740741E+01  0.4621822023830424E+00
  0.3432471078814815E+01  0.4621158267360260E+00
  0.3434367122888889E+01  0.4620484555187643E+00
  0.3436263166962963E+01  0.4619619707781658E+00
  0.3438159211037037E+01  0.4618552048342297E+00
  0.3440055255111111E+01  0.4617226104561789E+00
  0.3441951299185185E+01  0.4613786024305854E+00
  0.3443847343259259E+01  0.4613895720086900E+00
  0.3445743387333333E+01  0.4612461949633599E+00
  0.3447639431407407E+01  0.4610353681095768E+00
  0.3449535475481481E+01  0.4611438570082547E+00
  0.3451431519555555E+01  0.4612124171433496E+00
  0.3453327563629629E+01  0.4613354484438069E+00
  0.3455223607703704E+01  0.4614730613506042E+00
  0.3457119651777778E+01  0.4616222287580141E+00
  0.3459015695851852E+01  0.4618105148021951E+00
  0.3460911739925926E+01  0.4622900655385422E+00
  0.3462807784000000E+01  0.4630578511198448E+00
  0.3464703828074074E+01  0.4638368600407689E+00
  0.3466599872148148E+01  0.4646132928825843E+00
  0.3468495916222222E+01  0.4653968685321958E+00
  0.3470391960296296E+01  0.4660833355002425E+00
  0.3472288004370370E+01  0.4664394245093444E+00
  0.3474184048444444E+01  0.4668086876986283E+00
  0.3476080092518519E+01  0.4673861865816129E+00
  0.3477976136592592E+01  0.4680929782450746E+00
  0.3479872180666667E+01  0.4688684986296213E+00
  0.3481768224740740E+01  0.4698126732159608E+00
  0.3483664268814815E+01  0.4706389119771810E+00
  0.3485560312888889E+01  0.4714714574148457E+00
  0.3487456356962963E+01  0.4723039448947058E+00
  0.3489352401037037E+01  0.4731424324443889E+00
  0.3491248445111111E+01  0.4740796937772628E+00
  0.3493144489185185E+01  0.4750756751285507E+00
  0.3495040533259259E+01  0.4760640837378950E+00
  0.3496936577333333E+01  0.4770327392167270E+00
  0.3498832621407407E+01  0.4779964324747095E+00
  0.3500728665481481E+01  0.4788939149494896E+00
  0.3502624709555556E+01  0.4797267992071993E+00
  0.3504520753629629E+01  0.4805387198667582E+00
  0.3506416797703704E+01  0.4813364813173250E+00
  0.3508312841777777E+01  0.4826173851799982E+00
  0.3510208885851852E+01  0.4836759284717280E+00
  0.3512104929925925E+01  0.4848253417825606E+00
  0.3514000974000000E+01  0.4856842753269131E+00
  0.3515897018074074E+01  0.4865846838573644E+00
  0.3517793062148148E+01  0.4873883280545886E+00
  0.3519689106222222E+01  0.4881470475263201E+00
  0.3521585150296296E+01  0.4888177314365962E+00
  0.3523481194370370E+01  0.4894506385327568E+00
  0.3525377238444444E+01  0.4900629390387221E+00
  0.3527273282518518E+01  0.4906618398618444E+00
  0.3529169326592593E+01  0.4912540616954333E+00
  0.3531065370666667E+01  0.4917759491547745E+00
  0.3532961414740741E+01  0.4922607497805499E+00
  0.3534857458814815E+01  0.4932109263187975E+00
  0.3536753502888889E+01  0.4937733151689158E+00
  0.3538649546962963E+01  0.4942220976667551E+00
  0.3540545591037037E+01  0.4946131613928325E+00
  0.3542441635111111E+01  0.4951745105746117E+00
  0.3544337679185185E+01  0.4956384137449747E+00
  0.3546233723259259E+01  0.4958807094675587E+00
  0.3548129767333333E+01  0.4961124458275625E+00
  0.3550025811407407E+01  0.4963407654668210E+00
  0.3551921855481481E+01  0.4968894085636890E+00
  0.3553817899555555E+01  0.4972548599638160E+00
  0.3555713943629629E+01  0.4974169346234070E+00
  0.3557609987703704E+01  0.4976052223067193E+00
  0.3559506031777778E+01  0.4978068831358242E+00
  0.3561402075851852E+01  0.4980734676648106E+00
  0.3563298119925926E+01  0.4983810293129838E+00
  0.3565194164000000E+01  0.4987037744198655E+00
  0.3567090208074074E+01  0.4990244614228311E+00
  0.3568986252148148E+01  0.4997618097529944E+00
  0.3570882296222222E+01  0.5002295234545791E+00
  0.3572778340296296E+01  0.5004928846571588E+00
  0.3574674384370370E+01  0.5007658619314810E+00
  0.3576570428444444E+01  0.5010325154790422E+00
  0.3578466472518518E+01  0.5018796011863468E+00
  0.3580362516592592E+01  0.5021391323789166E+00
  0.3582258560666666E+01  0.5023570049849672E+00
  0.3584154604740740E+01  0.5028239987024351E+00
  0.3586050648814815E+01  0.5034060637970826E+00
  0.3587946692888889E+01  0.5036700798813614E+00
  0.3589842736962963E+01  0.5039206151345034E+00
  0.3591738781037037E+01  0.5040867505858584E+00
  0.3593634825111111E+01  0.5042333205864061E+00
  0.3595530869185185E+01  0.5043898541387051E+00
  0.3597426913259259E+01  0.5045648165409877E+00
  0.3599322957333333E+01  0.5047410273567366E+00
  0.3601219001407407E+01  0.5049376310272593E+00
  0.3603115045481482E+01  0.5053841083908958E+00
  0.3605011089555555E+01  0.5059063663942654E+00
  0.3606907133629630E+01  0.5060793437071980E+00
  0.3608803177703703E+01  0.5062335616757675E+00
  0.3610699221777778E+01  0.5063953690211712E+00
  0.3612595265851851E+01  0.5065021068687089E+00
  0.3614491309925926E+01  0.5066086022143589E+00
  0.3616387354000000E+01  0.5067037924471494E+00
  0.3618283398074074E+01  0.5067893848122236E+00
  0.3620179442148148E+01  0.5073939744241739E+00
  0.3622075486222222E+01  0.5074720145261700E+00
  0.3623971530296296E+01  0.5075279628450936E+00
  0.3625867574370370E+01  0.5075960104444219E+00
  0.3627763618444444E+01  0.5076544959011958E+00
  0.3629659662518518E+01  0.5077172393151923E+00
  0.3631555706592592E+01  0.5078215093052445E+00
  0.3633451750666667E+01  0.5079410700252797E+00
  0.3635347794740740E+01  0.5080554211864448E+00
  0.3637243838814815E+01  0.5081896809355806E+00
  0.3639139882888888E+01  0.5083263716132599E+00
  0.3641035926962963E+01  0.5085041635768999E+00
  0.3642931971037037E+01  0.5087173420247701E+00
  0.3644828015111111E+01  0.5089143124777402E+00
  0.3646724059185185E+01  0.5090989767543148E+00
  0.3648620103259259E+01  0.5093553189811284E+00
  0.3650516147333333E+01  0.5100102236398742E+00
  0.3652412191407407E+01  0.5103644617317643E+00
  0.3654308235481481E+01  0.5106601589660980E+00
  0.3656204279555555E+01  0.5109480682475414E+00
  0.3658100323629629E+01  0.5112232801447137E+00
  0.3659996367703704E+01  0.5114581365255992E+00
  0.3661892411777778E+01  0.5116201922502013E+00
  0.3663788455851852E+01  0.5117593876856599E+00
  0.3665684499925926E+01  0.5119229744648464E+00
  0.3667580544000000E+01  0.5120896419979164E+00
  0.3669476588074074E+01  0.5126114173730035E+00
  0.3671372632148148E+01  0.5130481451269433E+00
  0.3673268676222222E+01  0.5132845454940185E+00
  0.3675164720296296E+01  0.5134975676692758E+00
  0.3677060764370370E+01  0.5137207000193247E+00
  0.3678956808444444E+01  0.5139551080036296E+00
  0.3680852852518518E+01  0.5141993596311534E+00
  0.3682748896592592E+01  0.5144237933456797E+00
  0.3684644940666666E+01  0.5146604627470861E+00
  0.3686540984740740E+01  0.5148692658805534E+00
  0.3688437028814815E+01  0.5150734231107054E+00
  0.3690333072888889E+01  0.5152236535412417E+00
  0.3692229116962963E+01  0.5152343811058000E+00
  0.3694125161037037E+01  0.5157905196360942E+00
  0.3696021205111111E+01  0.5158873186076738E+00
  0.3697917249185185E+01  0.5159037597384721E+00
  0.3699813293259259E+01  0.5159252852447550E+00
  0.3701709337333333E+01  0.5159215626374912E+00
  0.3703605381407407E+01  0.5159175839949730E+00
  0.3705501425481481E+01  0.5159072267259401E+00
  0.3707397469555556E+01  0.5159127591763633E+00
  0.3709293513629629E+01  0.5159231082335276E+00
  0.3711189557703704E+01  0.5159940860919460E+00
  0.3713085601777777E+01  0.5160951550276761E+00
  0.3714981645851852E+01  0.5161964138268345E+00
  0.3716877689925925E+01  0.5162806198180017E+00
  0.3718773734000000E+01  0.5163636151622820E+00
  0.3720669778074074E+01  0.5164464009094922E+00
  0.3722565822148148E+01  0.5165532221477610E+00
  0.3724461866222222E+01  0.5166670500112646E+00
  0.3726357910296296E+01  0.5167917896338647E+00
  0.3728253954370370E+01  0.5169009852098628E+00
  0.3730149998444444E+01  0.5170054097277287E+00
  0.3732046042518518E+01  0.5171091039447411E+00
  0.3733942086592593E+01  0.5172266108008631E+00
  0.3735838130666666E+01  0.5178044058948682E+00
  0.3737734174740741E+01  0.5180892321411936E+00
  0.3739630218814814E+01  0.5183003278822962E+00
  0.3741526262888889E+01  0.5188785365034646E+00
  0.3743422306962962E+01  0.5189361785817663E+00
  0.3745318351037037E+01  0.5189751467463084E+00
  0.3747214395111111E+01  0.5190149026547657E+00
  0.3749110439185185E+01  0.5190704610815644E+00
  0.3751006483259259E+01  0.5191291977270253E+00
  0.3752902527333333E+01  0.5192018378747580E+00
  0.3754798571407407E+01  0.5192864361403469E+00
  0.3756694615481481E+01  0.5193714272389738E+00
  0.3758590659555555E+01  0.5194580080252407E+00
  0.3760486703629629E+01  0.5195398278464527E+00
  0.3762382747703704E+01  0.5196132164952563E+00
  0.3764278791777778E+01  0.5196938762371667E+00
  0.3766174835851852E+01  0.5197973694597591E+00
  0.3768070879925926E+01  0.5199120183585484E+00
  0.3769966924000000E+01  0.5200375141074323E+00
  0.3771862968074074E+01  0.5201368329004811E+00
  0.3773759012148148E+01  0.5202422198663339E+00
  0.3775655056222222E+01  0.5204353583451125E+00
  0.3777551100296296E+01  0.5209712187962203E+00
  0.3779447144370370E+01  0.5211302603684098E+00
  0.3781343188444444E+01  0.5213098826340904E+00
  0.3783239232518518E+01  0.5215216891746666E+00
  0.3785135276592592E+01  0.5217461618549180E+00
  0.3787031320666666E+01  0.5219633121144028E+00
  0.3788927364740740E+01  0.5221712352071494E+00
  0.3790823408814814E+01  0.5222750324468620E+00
  0.3792719452888889E+01  0.5222577279965329E+00
  0.3794615496962963E+01  0.5222408718212641E+00
  0.3796511541037037E+01  0.5222308277862876E+00
  0.3798407585111111E+01  0.5222160378957026E+00
  0.3800303629185185E+01  0.5222463618134883E+00
  0.3802199673259259E+01  0.5224003411476735E+00
  0.3804095717333333E+01  0.5225429310269056E+00
  0.3805991761407407E+01  0.5226902479906893E+00
  0.3807887805481482E+01  0.5228238825251762E+00
  0.3809783849555555E+01  0.5229396550896950E+00
  0.3811679893629630E+01  0.5229659231501822E+00
  0.3813575937703703E+01  0.5229757069846396E+00
  0.3815471981777778E+01  0.5229740552045750E+00
  0.3817368025851851E+01  0.5231505493707734E+00
  0.3819264069925926E+01  0.5235281930040676E+00
  0.3821160114000000E+01  0.5234874530547291E+00
  0.3823056158074074E+01  0.5234381967520415E+00
  0.3824952202148148E+01  0.5233814685876875E+00
  0.3826848246222222E+01  0.5233087422422487E+00
  0.3828744290296296E+01  0.5232299709968646E+00
  0.3830640334370370E+01  0.5231518625468544E+00
  0.3832536378444444E+01  0.5230459642840101E+00
  0.3834432422518518E+01  0.5229217857275220E+00
  0.3836328466592592E+01  0.5227794689772494E+00
  0.3838224510666667E+01  0.5229118334344782E+00
  0.3840120554740740E+01  0.5230620206806006E+00
  0.3842016598814815E+01  0.5229131574636632E+00
  0.3843912642888888E+01  0.5227461939306115E+00
  0.3845808686962963E+01  0.5225750983411087E+00
  0.3847704731037036E+01  0.5223810572412472E+00
  0.3849600775111111E+01  0.5221836203589600E+00
  0.3851496819185185E+01  0.5219684210310718E+00
  0.3853392863259259E+01  0.5217399249248978E+00
  0.3855288907333333E+01  0.5215078343409933E+00
  0.3857184951407407E+01  0.5215363490556226E+00
  0.3859080995481481E+01  0.5216443225109074E+00
  0.3860977039555555E+01  0.5214075355740528E+00
  0.3862873083629629E+01  0.5211844225103400E+00
  0.3864769127703704E+01  0.5209503058746439E+00
  0.3866665171777778E+01  0.5207213084036983E+00
  0.3868561215851852E+01  0.5204800166484488E+00
  0.3870457259925926E+01  0.5202414164233684E+00
  0.3872353304000000E+01  0.5199818755663754E+00
  0.3874249348074074E+01  0.5197223948879660E+00
  0.3876145392148148E+01  0.5194733801458271E+00
  0.3878041436222222E+01  0.5192322906375029E+00
  0.3879937480296296E+01  0.5190041463084224E+00
  0.3881833524370370E+01  0.5187783439197653E+00
  0.3883729568444444E+01  0.5185715008668620E+00
  0.3885625612518518E+01  0.5183717477644885E+00
  0.3887521656592592E+01  0.5181999383345588E+00
  0.3889417700666666E+01  0.5180283562926955E+00
  0.3891313744740740E+01  0.5178694325425970E+00
  0.3893209788814814E+01  0.5177211962589809E+00
  0.3895105832888889E+01  0.5175855929199114E+00
  0.3897001876962963E+01  0.5174843447837644E+00
  0.3898897921037037E+01  0.5179491596343228E+00
  0.3900793965111111E+01  0.5178639965025970E+00
  0.3902690009185185E+01  0.5177975519779471E+00
  0.3904586053259259E+01  0.5177620342553781E+00
  0.3906482097333333E+01  0.5177337845020965E+00
  0.3908378141407407E+01  0.5177328567896067E+00
  0.3910274185481481E+01  0.5177428331424325E+00
  0.3912170229555555E+01  0.5177917108695765E+00
  0.3914066273629629E+01  0.5180685510193572E+00
  0.3915962317703703E+01  0.5185402717796324E+00
  0.3917858361777777E+01  0.5186499673035100E+00
  0.3919754405851852E+01  0.5187498847255478E+00
  0.3921650449925925E+01  0.5188651293214477E+00
  0.3923546494000000E+01  0.5189804251261447E+00
  0.3925442538074074E+01  0.5191049061032277E+00
  0.3927338582148148E+01  0.5192135237651194E+00
  0.3929234626222222E+01  0.5193144849961014E+00
  0.3931130670296296E+01  0.5193912499702351E+00
  0.3933026714370370E+01  0.5194243176588815E+00
  0.3934922758444444E+01  0.5193991035731348E+00
  0.3936818802518518E+01  0.5194263885067537E+00
  0.3938714846592593E+01  0.5196624786127843E+00
  0.3940610890666666E+01  0.5194392119636710E+00
  0.3942506934740741E+01  0.5191650098262628E+00
  0.3944402978814814E+01  0.5187641015463067E+00
  0.3946299022888889E+01  0.5182005302670257E+00
  0.3948195066962962E+01  0.5174579161141936E+00
  0.3950091111037037E+01  0.5164718139529058E+00
  0.3951987155111111E+01  0.5151923242897860E+00
  0.3953883199185185E+01  0.5136389767048278E+00
  0.3955779243259259E+01  0.5118029226865665E+00
  0.3957675287333333E+01  0.5096754974214875E+00
  0.3959571331407407E+01  0.5071664869165725E+00
  0.3961467375481481E+01  0.5043012215166901E+00
  0.3963363419555555E+01  0.5010430464688634E+00
  0.3965259463629629E+01  0.4973446566280605E+00
  0.3967155507703703E+01  0.4932349785783943E+00
  0.3969051551777778E+01  0.4888108874261419E+00
  0.3970947595851851E+01  0.4840833383489720E+00
  0.3972843639925926E+01  0.4784693518646078E+00
  0.3974739684000000E+01  0.4722943470306579E+00
  0.3976635728074074E+01  0.4656340246627237E+00
  0.3978531772148148E+01  0.4589134449163065E+00
  0.3980427816222222E+01  0.4511494436459697E+00
  0.3982323860296296E+01  0.4428620439518434E+00
  0.3984219904370370E+01  0.4339805369180191E+00
  0.3986115948444444E+01  0.4246213885378203E+00
  0.3988011992518518E+01  0.4147164704307137E+00
  0.3989908036592592E+01  0.4043976271317555E+00
  0.3991804080666666E+01  0.3936737678465231E+00
  0.3993700124740740E+01  0.3825578578421455E+00
  0.3995596168814814E+01  0.3711111202269480E+00
  0.3997492212888889E+01  0.3593148977147760E+00
  0.3999388256962963E+01  0.3473210754578029E+00
  0.4001284301037037E+01  0.3351339439890779E+00
  0.4003180345111111E+01  0.3228069790568170E+00
  0.4005076389185184E+01  0.3104233204610843E+00
  0.4006972433259259E+01  0.2979378692384307E+00
  0.4008868477333333E+01  0.2855164882279786E+00
  0.4010764521407407E+01  0.2731938212514162E+00
  0.4012660565481481E+01  0.2610487411862660E+00
  0.4014556609555555E+01  0.2490720425379842E+00
  0.4016452653629630E+01  0.2372905203242554E+00
  0.4018348697703703E+01  0.2258623741588714E+00
  0.4020244741777777E+01  0.2147603000453134E+00
  0.4022140785851851E+01  0.2039258277943384E+00
  0.4024036829925926E+01  0.1932111665496935E+00
  0.4025932874000000E+01  0.1828800294804975E+00
  0.4027828918074073E+01  0.1728804124203683E+00
  0.4029724962148148E+01  0.1632705403095379E+00
  0.4031621006222222E+01  0.1540649856075318E+00
  0.4033517050296296E+01  0.1452050226093817E+00
  0.4035413094370370E+01  0.1367780466717319E+00
  0.4037309138444444E+01  0.1286828848567537E+00
  0.4039205182518518E+01  0.1209853252924017E+00
  0.4041101226592592E+01  0.1136779794658870E+00
  0.4042997270666667E+01  0.1067115526723404E+00
  0.4044893314740740E+01  0.1001577136720929E+00
  0.4046789358814815E+01  0.9389463790542169E-01
  0.4048685402888888E+01  0.8800203734075050E-01
  0.4050581446962963E+01  0.8241256957117489E-01
  0.4052477491037036E+01  0.7709823836444270E-01
  0.4054373535111111E+01  0.7213369320944302E-01
  0.4056269579185185E+01  0.6739692922482363E-01
  0.4058165623259259E+01  0.6297696568423843E-01
  0.4060061667333333E+01  0.5881716942289494E-01
  0.4061957711407407E+01  0.5491652581787262E-01
  0.4063853755481481E+01  0.5125056656550310E-01
  0.4065749799555555E+01  0.4776044906246663E-01
  0.4067645843629629E+01  0.4453105014717909E-01
  0.4069541887703704E+01  0.4147722562133122E-01
  0.4071437931777777E+01  0.3862471697538245E-01
  0.4073333975851852E+01  0.3600386682416504E-01
  0.4075230019925925E+01  0.3349040826480082E-01
  0.4077126064000000E+01  0.3117088611172862E-01
  0.4079022108074073E+01  0.2897518147581213E-01
  0.4080918152148148E+01  0.2693718589840358E-01
  0.4082814196222222E+01  0.2503705950877384E-01
  0.4084710240296296E+01  0.2324171581093412E-01
  0.4086606284370371E+01  0.2159910998015960E-01
  0.4088502328444444E+01  0.2003590370200601E-01
  0.4090398372518518E+01  0.1860855647133551E-01
  0.4092294416592592E+01  0.1726292859978804E-01
  0.4094190460666667E+01  0.1599788435098074E-01
  0.4096086504740740E+01  0.1485487119818559E-01
  0.4097982548814814E+01  0.1376233988806094E-01
  0.4099878592888889E+01  0.1278158120018770E-01
  0.4101774636962963E+01  0.1184695663278690E-01
  0.4103670681037037E+01  0.1097583221698743E-01
  0.4105566725111110E+01  0.1019267880634252E-01
  0.4107462769185185E+01  0.9427059665386229E-02
  0.4109358813259259E+01  0.8745182452345729E-02
  0.4111254857333333E+01  0.8097297299959455E-02
  0.4113150901407407E+01  0.7494665277635104E-02
  0.4115046945481481E+01  0.6962479253069215E-02
  0.4116942989555556E+01  0.6435889089411903E-02
  0.4118839033629629E+01  0.5977174188279656E-02
  0.4120735077703703E+01  0.5531569352152549E-02
  0.4122631121777777E+01  0.5124624562171610E-02
  0.4124527165851852E+01  0.4757224999999068E-02
  0.4126423209925925E+01  0.4393950404036511E-02
  0.4128319253999999E+01  0.4088108369524618E-02
  0.4130215298074074E+01  0.3784478959967567E-02
  0.4132111342148148E+01  0.3508322387080158E-02
  0.4134007386222222E+01  0.3259139597620228E-02
  0.4135903430296295E+01  0.3003812944719871E-02
  0.4137799474370370E+01  0.2805578517877389E-02
  0.4139695518444444E+01  0.2590638012306533E-02
  0.4141591562518518E+01  0.2398837748794745E-02
  0.4143487606592593E+01  0.2235829315813830E-02
  0.4145383650666666E+01  0.2054512426594927E-02
  0.4147279694740741E+01  0.1921828828425582E-02
  0.4149175738814814E+01  0.1781445212994842E-02
  0.4151071782888889E+01  0.1648202730036275E-02
  0.4152967826962962E+01  0.1542929431495901E-02
  0.4154863871037037E+01  0.1418235681955126E-02
  0.4156759915111111E+01  0.1329431446438513E-02
  0.4158655959185185E+01  0.1227268972946135E-02
  0.4160552003259259E+01  0.1139663813857304E-02
  0.4162448047333333E+01  0.1072531349479135E-02
  0.4164344091407407E+01  0.9768552279625948E-03
  0.4166240135481481E+01  0.9189668814447007E-03
  0.4168136179555555E+01  0.8485256837693516E-03
  0.4170032223629629E+01  0.7806802131342888E-03
  0.4171928267703703E+01  0.7414402795833674E-03
  0.4173824311777778E+01  0.6700610185465877E-03
  0.4175720355851851E+01  0.6324750535286564E-03
  0.4177616399925926E+01  0.5879408425223690E-03
  0.4179512443999999E+01  0.5295204031288845E-03
  0.4181408488074074E+01  0.5120354553194335E-03
  0.4183304532148147E+01  0.4626884654725031E-03
  0.4185200576222222E+01  0.4339966776311544E-03
  0.4187096620296296E+01  0.4101586432362697E-03
  0.4188992664370370E+01  0.3666515138072991E-03
  0.4190888708444444E+01  0.3502295179381102E-03
  0.4192784752518518E+01  0.3087520904404456E-03
  0.4194680796592592E+01  0.2919708233842190E-03
  0.4196576840666666E+01  0.2807993237749095E-03
  0.4198472884740740E+01  0.2403702073338464E-03
  0.4200368928814814E+01  0.2303177185117750E-03
  0.4202264972888889E+01  0.2015819782745638E-03
  0.4204161016962963E+01  0.1812413748670328E-03
  0.4206057061037036E+01  0.1848518913019411E-03
  0.4207953105111111E+01  0.1462400793955314E-03
  0.4209849149185185E+01  0.1430667420916678E-03
  0.4211745193259259E+01  0.1352990793541627E-03
  0.4213641237333333E+01  0.1037684187058602E-03
  0.4215537281407407E+01  0.1166075323478946E-03
  0.4217433325481482E+01  0.9509420890045089E-04
  0.4219329369555555E+01  0.8651748280933706E-04
  0.4221225413629629E+01  0.8543348593757003E-04
  0.4223121457703703E+01  0.6336451733964383E-04
  0.4225017501777778E+01  0.6942424611513822E-04
  0.4226913545851851E+01  0.5919760162917554E-04
  0.4228809589925925E+01  0.5918757639161110E-04
  0.4232601678074074E+01  0.0000000000000000E+00
