  1000 NIRCAM_F444W        
  0.2486110155000000E+01  0.5102163503348349E+01  0.2881191310566067E+02  0.3184732221898948E+01  0.7711913105660670E+01  0.2986996802719773E-11  0.1932444862430571E+03  0.4349625175944347E+01  0.2814000609943366E-16  0.4403992069224081E+01
  0.4439168831375613E+01  0.4392301523273714E+01  0.4415713730721478E+01  0.4383043798833123E+01  0.4443987629222264E+01  0.2041507209727333E+00  0.1105465885759028E+01  0.1031573710355511E+01  0.3880368522099896E+01  0.4985834407858924E+01
  0.5308647621054375E+01  0.1031573710355511E+02  0.1208625499166023E+00  0.3583918263296536E-17  0.3336246532576639E-21  0.2539999961853027E+06  0.2487994155577575E+02  0.2806467530355361E+02  0.3259185466143642E+02
  0.2486110155000000E+01  0.0000000000000000E+00
  0.2488726208348348E+01  0.1960331766800589E-03
  0.2491342261696697E+01  0.5708731697534649E-03
  0.2493958315045045E+01  0.9457131628268072E-03
  0.2496574368393393E+01  0.1035796181233113E-02
  0.2499190421741742E+01  0.1105760520761131E-02
  0.2501806475090090E+01  0.1189630419946056E-02
  0.2504422528438438E+01  0.8531743709768129E-03
  0.2507038581786787E+01  0.3371934721193055E-03
  0.2509654635135135E+01  0.3163469409315391E-03
  0.2512270688483484E+01  0.2936642566596808E-03
  0.2514886741831832E+01  0.2705045792592330E-03
  0.2517502795180180E+01  0.2483167829518307E-03
  0.2520118848528528E+01  0.2247565572430357E-03
  0.2522734901876877E+01  0.2025077904618534E-03
  0.2525350955225225E+01  0.1802707800683982E-03
  0.2527967008573574E+01  0.1578176394770880E-03
  0.2530583061921922E+01  0.1376944076977798E-03
  0.2533199115270270E+01  0.1185678055978210E-03
  0.2535815168618619E+01  0.1007316032772981E-03
  0.2538431221966967E+01  0.8479324784706275E-04
  0.2541047275315315E+01  0.7029788239486704E-04
  0.2543663328663664E+01  0.5761651642258707E-04
  0.2546279382012012E+01  0.5437054462998154E-04
  0.2548895435360361E+01  0.5436982850077595E-04
  0.2551511488708709E+01  0.5436911237157036E-04
  0.2554127542057057E+01  0.5436839624236476E-04
  0.2556743595405405E+01  0.5436768011315917E-04
  0.2559359648753754E+01  0.5436696398395358E-04
  0.2561975702102102E+01  0.5436624785474798E-04
  0.2564591755450450E+01  0.5436553172554239E-04
  0.2567207808798799E+01  0.5436481559633679E-04
  0.2569823862147147E+01  0.5436409946713119E-04
  0.2572439915495496E+01  0.5436338333792560E-04
  0.2575055968843844E+01  0.5436266720872001E-04
  0.2577672022192192E+01  0.5436195107951442E-04
  0.2580288075540540E+01  0.5436123495030882E-04
  0.2582904128888889E+01  0.5436051882110322E-04
  0.2585520182237237E+01  0.5435980269189763E-04
  0.2588136235585586E+01  0.5435908656269204E-04
  0.2590752288933934E+01  0.5435837043348644E-04
  0.2593368342282282E+01  0.5435765430428084E-04
  0.2595984395630631E+01  0.5435693817507525E-04
  0.2598600448978979E+01  0.5435622204586965E-04
  0.2601216502327327E+01  0.5435550591666406E-04
  0.2603832555675676E+01  0.5435478978745847E-04
  0.2606448609024024E+01  0.5435407365825287E-04
  0.2609064662372373E+01  0.5435335752904727E-04
  0.2611680715720721E+01  0.5435264139984168E-04
  0.2614296769069069E+01  0.5435192527063609E-04
  0.2616912822417417E+01  0.5435120914143050E-04
  0.2619528875765766E+01  0.5435049301222490E-04
  0.2622144929114114E+01  0.5434977688301930E-04
  0.2624760982462462E+01  0.5434906075381371E-04
  0.2627377035810811E+01  0.5434834462460812E-04
  0.2629993089159159E+01  0.5434762849540252E-04
  0.2632609142507508E+01  0.5434691236619692E-04
  0.2635225195855856E+01  0.5434619623699133E-04
  0.2637841249204204E+01  0.5434548010778574E-04
  0.2640457302552552E+01  0.5434476397858015E-04
  0.2643073355900901E+01  0.5434404784937455E-04
  0.2645689409249249E+01  0.5434333172016895E-04
  0.2648305462597598E+01  0.5434261559096336E-04
  0.2650921515945946E+01  0.5434189946175776E-04
  0.2653537569294294E+01  0.5434118333255217E-04
  0.2656153622642643E+01  0.5434046720334658E-04
  0.2658769675990991E+01  0.5433975107414097E-04
  0.2661385729339339E+01  0.5433903494493538E-04
  0.2664001782687688E+01  0.5433831881572979E-04
  0.2666617836036036E+01  0.5433760268652419E-04
  0.2669233889384385E+01  0.5433688655731860E-04
  0.2671849942732733E+01  0.5433617042811300E-04
  0.2674465996081081E+01  0.5433545429890741E-04
  0.2677082049429429E+01  0.5433473816970182E-04
  0.2679698102777778E+01  0.5433402204049622E-04
  0.2682314156126126E+01  0.5433330591129063E-04
  0.2684930209474475E+01  0.5433258978208503E-04
  0.2687546262822823E+01  0.5433187365287944E-04
  0.2690162316171171E+01  0.5433115752367384E-04
  0.2692778369519520E+01  0.5433044139446825E-04
  0.2695394422867868E+01  0.5432972526526265E-04
  0.2698010476216216E+01  0.5432900913605706E-04
  0.2700626529564564E+01  0.5432829300685147E-04
  0.2703242582912913E+01  0.5432757687764587E-04
  0.2705858636261261E+01  0.5432686074844028E-04
  0.2708474689609610E+01  0.5432614461923469E-04
  0.2711090742957958E+01  0.5432542849002908E-04
  0.2713706796306306E+01  0.5432471236082349E-04
  0.2716322849654655E+01  0.5432399623161790E-04
  0.2718938903003003E+01  0.5432328010241230E-04
  0.2721554956351351E+01  0.5432256397320670E-04
  0.2724171009699700E+01  0.5432184784400111E-04
  0.2726787063048048E+01  0.5432113171479551E-04
  0.2729403116396397E+01  0.5432041558558992E-04
  0.2732019169744745E+01  0.5431969945638433E-04
  0.2734635223093093E+01  0.5431898332717873E-04
  0.2737251276441441E+01  0.5431826719797314E-04
  0.2739867329789790E+01  0.5431755106876754E-04
  0.2742483383138138E+01  0.5431683493956195E-04
  0.2745099436486487E+01  0.5431611881035636E-04
  0.2747715489834835E+01  0.5431540268115076E-04
  0.2750331543183183E+01  0.5431468655194516E-04
  0.2752947596531532E+01  0.5431397042273957E-04
  0.2755563649879880E+01  0.5431325429353398E-04
  0.2758179703228228E+01  0.5431253816432839E-04
  0.2760795756576576E+01  0.5431182203512279E-04
  0.2763411809924925E+01  0.5431110590591719E-04
  0.2766027863273273E+01  0.5431038977671160E-04
  0.2768643916621622E+01  0.5430967364750601E-04
  0.2771259969969970E+01  0.5430895751830040E-04
  0.2773876023318318E+01  0.5430824138909481E-04
  0.2776492076666667E+01  0.5430752525988922E-04
  0.2779108130015015E+01  0.5430680913068362E-04
  0.2781724183363363E+01  0.5430609300147803E-04
  0.2784340236711712E+01  0.5430537687227243E-04
  0.2786956290060060E+01  0.5430466074306684E-04
  0.2789572343408409E+01  0.5430394461386124E-04
  0.2792188396756757E+01  0.5430322848465565E-04
  0.2794804450105105E+01  0.5430251235545005E-04
  0.2797420503453453E+01  0.5430179622624446E-04
  0.2800036556801802E+01  0.5430108009703886E-04
  0.2802652610150150E+01  0.5430036396783327E-04
  0.2805268663498499E+01  0.5429964783862768E-04
  0.2807884716846847E+01  0.5429893170942209E-04
  0.2810500770195195E+01  0.5429821558021649E-04
  0.2813116823543544E+01  0.5429749945101089E-04
  0.2815732876891892E+01  0.5429678332180530E-04
  0.2818348930240240E+01  0.5429606719259971E-04
  0.2820964983588588E+01  0.5429535106339412E-04
  0.2823581036936937E+01  0.5429463493418851E-04
  0.2826197090285286E+01  0.5429391880498292E-04
  0.2828813143633634E+01  0.5429320267577733E-04
  0.2831429196981982E+01  0.5429248654657173E-04
  0.2834045250330330E+01  0.5429177041736614E-04
  0.2836661303678679E+01  0.5429105428816054E-04
  0.2839277357027027E+01  0.5429033815895494E-04
  0.2841893410375375E+01  0.5428962202974935E-04
  0.2844509463723724E+01  0.5428890590054376E-04
  0.2847125517072072E+01  0.5428818977133816E-04
  0.2849741570420421E+01  0.5428747364213257E-04
  0.2852357623768769E+01  0.5428675751292697E-04
  0.2854973677117117E+01  0.5428604138372138E-04
  0.2857589730465465E+01  0.5428532525451579E-04
  0.2860205783813814E+01  0.5428460912531019E-04
  0.2862821837162162E+01  0.5428389299610460E-04
  0.2865437890510511E+01  0.5428317686689901E-04
  0.2868053943858859E+01  0.5428246073769341E-04
  0.2870669997207207E+01  0.5428174460848781E-04
  0.2873286050555556E+01  0.5428102847928221E-04
  0.2875902103903904E+01  0.5428031235007662E-04
  0.2878518157252252E+01  0.5427959622087103E-04
  0.2881134210600600E+01  0.5427888009166544E-04
  0.2883750263948949E+01  0.5427816396245984E-04
  0.2886366317297298E+01  0.5427744783325424E-04
  0.2888982370645646E+01  0.5427673170404865E-04
  0.2891598423993994E+01  0.5427601557484305E-04
  0.2894214477342342E+01  0.5427529944563746E-04
  0.2896830530690691E+01  0.5427458331643187E-04
  0.2899446584039039E+01  0.5427386718722627E-04
  0.2902062637387387E+01  0.5427315105802068E-04
  0.2904678690735736E+01  0.5427243492881508E-04
  0.2907294744084084E+01  0.5427171879960948E-04
  0.2909910797432433E+01  0.5427100267040389E-04
  0.2912526850780781E+01  0.5427028654119830E-04
  0.2915142904129129E+01  0.5426957041199270E-04
  0.2917758957477477E+01  0.5426885428278712E-04
  0.2920375010825826E+01  0.5426813815358151E-04
  0.2922991064174174E+01  0.5426742202437592E-04
  0.2925607117522523E+01  0.5426670589517033E-04
  0.2928223170870871E+01  0.5426598976596473E-04
  0.2930839224219219E+01  0.5426527363675914E-04
  0.2933455277567568E+01  0.5426455750755354E-04
  0.2936071330915916E+01  0.5426384137834795E-04
  0.2938687384264264E+01  0.5426312524914235E-04
  0.2941303437612613E+01  0.5426240911993676E-04
  0.2943919490960961E+01  0.5426169299073116E-04
  0.2946535544309310E+01  0.5426097686152557E-04
  0.2949151597657658E+01  0.5426026073231998E-04
  0.2951767651006006E+01  0.5425954460311438E-04
  0.2954383704354354E+01  0.5425882847390879E-04
  0.2956999757702703E+01  0.5425811234470319E-04
  0.2959615811051051E+01  0.5425739621549759E-04
  0.2962231864399399E+01  0.5425668008629200E-04
  0.2964847917747748E+01  0.5425596395708641E-04
  0.2967463971096096E+01  0.5425524782788080E-04
  0.2970080024444445E+01  0.5425453169867521E-04
  0.2972696077792793E+01  0.5425381556946962E-04
  0.2975312131141141E+01  0.5425309944026402E-04
  0.2977928184489489E+01  0.5425238331105844E-04
  0.2980544237837838E+01  0.5425166718185283E-04
  0.2983160291186186E+01  0.5425095105264724E-04
  0.2985776344534535E+01  0.5425023492344165E-04
  0.2988392397882883E+01  0.5424951879423605E-04
  0.2991008451231231E+01  0.5424880266503046E-04
  0.2993624504579580E+01  0.5424808653582487E-04
  0.2996240557927928E+01  0.5424737040661927E-04
  0.2998856611276276E+01  0.5424665427741367E-04
  0.3001472664624625E+01  0.5424593814820808E-04
  0.3004088717972973E+01  0.5424522201900249E-04
  0.3006704771321322E+01  0.5424450588979689E-04
  0.3009320824669670E+01  0.5424378976059130E-04
  0.3011936878018018E+01  0.5424307363138570E-04
  0.3014552931366366E+01  0.5424235750218011E-04
  0.3017168984714715E+01  0.5424164137297452E-04
  0.3019785038063063E+01  0.5424092524376891E-04
  0.3022401091411411E+01  0.5424020911456332E-04
  0.3025017144759760E+01  0.5423949298535773E-04
  0.3027633198108108E+01  0.5423877685615213E-04
  0.3030249251456457E+01  0.5423806072694653E-04
  0.3032865304804805E+01  0.5423734459774094E-04
  0.3035481358153153E+01  0.5423662846853534E-04
  0.3038097411501502E+01  0.5423591233932975E-04
  0.3040713464849850E+01  0.5423519621012416E-04
  0.3043329518198198E+01  0.5423448008091856E-04
  0.3045945571546547E+01  0.5423376395171297E-04
  0.3048561624894895E+01  0.5423304782250738E-04
  0.3051177678243243E+01  0.5423233169330178E-04
  0.3053793731591592E+01  0.5423161556409619E-04
  0.3056409784939940E+01  0.5423089943489059E-04
  0.3059025838288288E+01  0.5423018330568499E-04
  0.3061641891636637E+01  0.5422946717647940E-04
  0.3064257944984985E+01  0.5422875104727381E-04
  0.3066873998333334E+01  0.5422803491806821E-04
  0.3069490051681682E+01  0.5422731878886263E-04
  0.3072106105030030E+01  0.5422660265965702E-04
  0.3074722158378378E+01  0.5422588653045143E-04
  0.3077338211726727E+01  0.5422517040124584E-04
  0.3079954265075075E+01  0.5422445427204024E-04
  0.3082570318423423E+01  0.5422373814283464E-04
  0.3085186371771772E+01  0.5422302201362905E-04
  0.3087802425120120E+01  0.5422230588442346E-04
  0.3090418478468469E+01  0.5422158975521786E-04
  0.3093034531816817E+01  0.5422087362601227E-04
  0.3095650585165165E+01  0.5422015749680667E-04
  0.3098266638513514E+01  0.5421944136760108E-04
  0.3100882691861862E+01  0.5421872523839549E-04
  0.3103498745210210E+01  0.5421800910918989E-04
  0.3106114798558559E+01  0.5421729297998429E-04
  0.3108730851906907E+01  0.5421657685077870E-04
  0.3111346905255255E+01  0.5421586072157310E-04
  0.3113962958603604E+01  0.5421514459236751E-04
  0.3116579011951952E+01  0.5421442846316192E-04
  0.3119195065300300E+01  0.5421371233395632E-04
  0.3121811118648649E+01  0.5421299620475073E-04
  0.3124427171996997E+01  0.5421228007554514E-04
  0.3127043225345346E+01  0.5421156394633954E-04
  0.3129659278693694E+01  0.5421084781713394E-04
  0.3132275332042042E+01  0.5421013168792835E-04
  0.3134891385390390E+01  0.5420941555872275E-04
  0.3137507438738739E+01  0.5420869942951716E-04
  0.3140123492087087E+01  0.5420798330031157E-04
  0.3142739545435435E+01  0.5420726717110598E-04
  0.3145355598783784E+01  0.5420655104190037E-04
  0.3147971652132132E+01  0.5420583491269478E-04
  0.3150587705480481E+01  0.5420511878348919E-04
  0.3153203758828829E+01  0.5420440265428358E-04
  0.3155819812177177E+01  0.5420368652507799E-04
  0.3158435865525526E+01  0.5420297039587240E-04
  0.3161051918873874E+01  0.5420225426666680E-04
  0.3163667972222222E+01  0.5420153813746121E-04
  0.3166284025570571E+01  0.5420082200825561E-04
  0.3168900078918919E+01  0.5420010587905002E-04
  0.3171516132267267E+01  0.5419938974984443E-04
  0.3174132185615615E+01  0.5419867362063883E-04
  0.3176748238963964E+01  0.5419795749143324E-04
  0.3179364292312312E+01  0.5419724136222765E-04
  0.3181980345660661E+01  0.5419652523302205E-04
  0.3184596399009009E+01  0.5419580910381646E-04
  0.3187212452357358E+01  0.5419509297461086E-04
  0.3189828505705706E+01  0.5419437684540526E-04
  0.3192444559054054E+01  0.5419366071619968E-04
  0.3195060612402402E+01  0.5419294458699407E-04
  0.3197676665750751E+01  0.5419222845778848E-04
  0.3200292719099099E+01  0.5419151232858289E-04
  0.3202908772447448E+01  0.5419079619937730E-04
  0.3205524825795796E+01  0.5419008007017169E-04
  0.3208140879144144E+01  0.5418936394096610E-04
  0.3210756932492492E+01  0.5418864781176051E-04
  0.3213372985840841E+01  0.5418793168255491E-04
  0.3215989039189189E+01  0.5418721555334931E-04
  0.3218605092537538E+01  0.5418649942414372E-04
  0.3221221145885886E+01  0.5418578329493812E-04
  0.3223837199234234E+01  0.5418506716573253E-04
  0.3226453252582583E+01  0.5418435103652694E-04
  0.3229069305930931E+01  0.5418363490732134E-04
  0.3231685359279279E+01  0.5418291877811575E-04
  0.3234301412627627E+01  0.5418220264891016E-04
  0.3236917465975976E+01  0.5418148651970456E-04
  0.3239533519324325E+01  0.5418077039049897E-04
  0.3242149572672673E+01  0.5418005426129337E-04
  0.3244765626021021E+01  0.5417933813208778E-04
  0.3247381679369370E+01  0.5417862200288219E-04
  0.3249997732717718E+01  0.5417790587367659E-04
  0.3252613786066066E+01  0.5417718974447100E-04
  0.3255229839414414E+01  0.5417647361526540E-04
  0.3257845892762763E+01  0.5417575748605980E-04
  0.3260461946111111E+01  0.5417504135685421E-04
  0.3263077999459460E+01  0.5417432522764862E-04
  0.3265694052807808E+01  0.5417360909844301E-04
  0.3268310106156156E+01  0.5417289296923742E-04
  0.3270926159504504E+01  0.5417217684003183E-04
  0.3273542212852853E+01  0.5417146071082623E-04
  0.3276158266201201E+01  0.5417074458162065E-04
  0.3278774319549550E+01  0.5417002845241504E-04
  0.3281390372897898E+01  0.5416931232320945E-04
  0.3284006426246246E+01  0.5416859619400386E-04
  0.3286622479594595E+01  0.5416788006479826E-04
  0.3289238532942943E+01  0.5416716393559267E-04
  0.3291854586291291E+01  0.5416644780638707E-04
  0.3294470639639639E+01  0.5416573167718148E-04
  0.3297086692987988E+01  0.5416501554797588E-04
  0.3299702746336337E+01  0.5416429941877029E-04
  0.3302318799684685E+01  0.5416358328956470E-04
  0.3304934853033033E+01  0.5416286716035910E-04
  0.3307550906381381E+01  0.5416215103115351E-04
  0.3310166959729730E+01  0.5416143490194791E-04
  0.3312783013078078E+01  0.5416071877274232E-04
  0.3315399066426426E+01  0.5416000264353672E-04
  0.3318015119774775E+01  0.5415928651433112E-04
  0.3320631173123123E+01  0.5415857038512553E-04
  0.3323247226471472E+01  0.5415785425591994E-04
  0.3325863279819820E+01  0.5415713812671435E-04
  0.3328479333168168E+01  0.5415642199750874E-04
  0.3331095386516516E+01  0.5415570586830315E-04
  0.3333711439864865E+01  0.5415498973909756E-04
  0.3336327493213213E+01  0.5415427360989197E-04
  0.3338943546561562E+01  0.5415355748068638E-04
  0.3341559599909910E+01  0.5415284135148077E-04
  0.3344175653258258E+01  0.5415212522227518E-04
  0.3346791706606607E+01  0.5415140909306958E-04
  0.3349407759954955E+01  0.5415069296386399E-04
  0.3352023813303303E+01  0.5414997683465839E-04
  0.3354639866651651E+01  0.5414926070545280E-04
  0.3357255920000000E+01  0.5414854457624721E-04
  0.3359871973348349E+01  0.5414782844704161E-04
  0.3362488026696697E+01  0.5414711231783602E-04
  0.3365104080045045E+01  0.5414639618863043E-04
  0.3367720133393393E+01  0.5414568005942483E-04
  0.3370336186741742E+01  0.5414496393021923E-04
  0.3372952240090090E+01  0.5414424780101363E-04
  0.3375568293438438E+01  0.5414353167180804E-04
  0.3378184346786787E+01  0.5414281554260244E-04
  0.3380800400135135E+01  0.5414209941339685E-04
  0.3383416453483484E+01  0.5414138328419126E-04
  0.3386032506831832E+01  0.5414066715498567E-04
  0.3388648560180180E+01  0.5413995102578008E-04
  0.3391264613528528E+01  0.5413923489657449E-04
  0.3393880666876877E+01  0.5413851876736888E-04
  0.3396496720225225E+01  0.5413780263816329E-04
  0.3399112773573574E+01  0.5413708650895770E-04
  0.3401728826921922E+01  0.5413637037975209E-04
  0.3404344880270270E+01  0.5413565425054651E-04
  0.3406960933618619E+01  0.5413493812134091E-04
  0.3409576986966967E+01  0.5413422199213531E-04
  0.3412193040315315E+01  0.5413350586292972E-04
  0.3414809093663663E+01  0.5413278973372412E-04
  0.3417425147012012E+01  0.5413207360451853E-04
  0.3420041200360361E+01  0.5413135747531294E-04
  0.3422657253708709E+01  0.5413064134610734E-04
  0.3425273307057057E+01  0.5412992521690174E-04
  0.3427889360405405E+01  0.5412920908769615E-04
  0.3430505413753754E+01  0.5412849295849056E-04
  0.3433121467102102E+01  0.5412777682928496E-04
  0.3435737520450450E+01  0.5412706070007937E-04
  0.3438353573798799E+01  0.5412634457087377E-04
  0.3440969627147147E+01  0.5412562844166817E-04
  0.3443585680495496E+01  0.5412491231246258E-04
  0.3446201733843844E+01  0.5412419618325699E-04
  0.3448817787192192E+01  0.5412348005405140E-04
  0.3451433840540540E+01  0.5412276392484580E-04
  0.3454049893888889E+01  0.5412204779564021E-04
  0.3456665947237237E+01  0.5412133166643462E-04
  0.3459282000585586E+01  0.5412061553722901E-04
  0.3461898053933934E+01  0.5411989940802342E-04
  0.3464514107282282E+01  0.5411918327881783E-04
  0.3467130160630631E+01  0.5411846714961223E-04
  0.3469746213978979E+01  0.5411775102040663E-04
  0.3472362267327327E+01  0.5411703489120104E-04
  0.3474978320675675E+01  0.5411631876199545E-04
  0.3477594374024024E+01  0.5411560263278985E-04
  0.3480210427372373E+01  0.5411488650358426E-04
  0.3482826480720721E+01  0.5411417037437866E-04
  0.3485442534069069E+01  0.5411345424517307E-04
  0.3488058587417417E+01  0.5411273811596748E-04
  0.3490674640765766E+01  0.5411202198676188E-04
  0.3493290694114114E+01  0.5411130585755628E-04
  0.3495906747462462E+01  0.5411058972835069E-04
  0.3498522800810811E+01  0.5410987359914510E-04
  0.3501138854159159E+01  0.5410915746993949E-04
  0.3503754907507508E+01  0.5410844134073390E-04
  0.3506370960855856E+01  0.5410772521152832E-04
  0.3508987014204204E+01  0.5410700908232272E-04
  0.3511603067552553E+01  0.5410629295311712E-04
  0.3514219120900901E+01  0.5410557682391153E-04
  0.3516835174249249E+01  0.5410486069470594E-04
  0.3519451227597598E+01  0.5410414456550034E-04
  0.3522067280945946E+01  0.5410342843629474E-04
  0.3524683334294294E+01  0.5410271230708915E-04
  0.3527299387642643E+01  0.5410199617788355E-04
  0.3529915440990991E+01  0.5410128004867796E-04
  0.3532531494339339E+01  0.5410056391947236E-04
  0.3535147547687687E+01  0.5409984779026677E-04
  0.3537763601036036E+01  0.5409913166106117E-04
  0.3540379654384385E+01  0.5409841553185558E-04
  0.3542995707732733E+01  0.5409769940264999E-04
  0.3545611761081081E+01  0.5409698327344439E-04
  0.3548227814429429E+01  0.5409626714423880E-04
  0.3550843867777778E+01  0.5409555101503321E-04
  0.3553459921126126E+01  0.5409483488582760E-04
  0.3556075974474474E+01  0.5409411875662201E-04
  0.3558692027822823E+01  0.5409340262741642E-04
  0.3561308081171171E+01  0.5409268649821082E-04
  0.3563924134519520E+01  0.5409197036900523E-04
  0.3566540187867868E+01  0.5409125423979964E-04
  0.3569156241216216E+01  0.5409053811059404E-04
  0.3571772294564565E+01  0.5408982198138844E-04
  0.3574388347912913E+01  0.5408910585218285E-04
  0.3577004401261261E+01  0.5408838972297726E-04
  0.3579620454609610E+01  0.5408767359377166E-04
  0.3582236507957958E+01  0.5408695746456607E-04
  0.3584852561306306E+01  0.5408624133536048E-04
  0.3587468614654655E+01  0.5408552520615487E-04
  0.3590084668003003E+01  0.5408480907694928E-04
  0.3592700721351351E+01  0.5408409294774369E-04
  0.3595316774699699E+01  0.5408337681853810E-04
  0.3597932828048048E+01  0.5408266068933250E-04
  0.3600548881396397E+01  0.5408194456012690E-04
  0.3603164934744745E+01  0.5408122843092131E-04
  0.3605780988093093E+01  0.5408051230171571E-04
  0.3608397041441441E+01  0.5407979617251012E-04
  0.3611013094789790E+01  0.5407908004330453E-04
  0.3613629148138138E+01  0.5407836391409893E-04
  0.3616245201486486E+01  0.5407764778489334E-04
  0.3618861254834835E+01  0.5407693165568774E-04
  0.3621477308183183E+01  0.5407621552648214E-04
  0.3624093361531532E+01  0.5407549939727655E-04
  0.3626709414879880E+01  0.5407478326807096E-04
  0.3629325468228228E+01  0.5407406713886537E-04
  0.3631941521576577E+01  0.5407335100965977E-04
  0.3634557574924925E+01  0.5407263488045418E-04
  0.3637173628273273E+01  0.5407191875124859E-04
  0.3639789681621622E+01  0.5407120262204298E-04
  0.3642405734969970E+01  0.5407048649283739E-04
  0.3645021788318318E+01  0.5406977036363180E-04
  0.3647637841666667E+01  0.5406905423442620E-04
  0.3650253895015015E+01  0.5406833810522060E-04
  0.3652869948363364E+01  0.5406762197601502E-04
  0.3655486001711712E+01  0.5406690584680942E-04
  0.3658102055060060E+01  0.5406618971760382E-04
  0.3660718108408409E+01  0.5406547358839823E-04
  0.3663334161756757E+01  0.5406475745919263E-04
  0.3665950215105105E+01  0.5406404132998704E-04
  0.3668566268453453E+01  0.5406332520078144E-04
  0.3671182321801802E+01  0.5406260907157585E-04
  0.3673798375150150E+01  0.5406189294237025E-04
  0.3676414428498498E+01  0.5406117681316466E-04
  0.3679030481846847E+01  0.5406046068395907E-04
  0.3681646535195195E+01  0.5405974455475346E-04
  0.3684262588543544E+01  0.5405902842554787E-04
  0.3686878641891892E+01  0.5405831229634229E-04
  0.3689494695240240E+01  0.5405759616713669E-04
  0.3692110748588589E+01  0.5405688003793109E-04
  0.3694726801936937E+01  0.5405616390872550E-04
  0.3697342855285285E+01  0.5813019268185664E-04
  0.3699958908633634E+01  0.6425411631894910E-04
  0.3702574961981982E+01  0.7047236732831998E-04
  0.3705191015330330E+01  0.7765878005515024E-04
  0.3707807068678679E+01  0.8487713299675810E-04
  0.3710423122027027E+01  0.9379429699932906E-04
  0.3713039175375376E+01  0.1044700547510795E-03
  0.3715655228723724E+01  0.1167106165924259E-03
  0.3718271282072072E+01  0.1321206533124725E-03
  0.3720887335420421E+01  0.1491598270640216E-03
  0.3723503388768769E+01  0.1692788151558008E-03
  0.3726119442117117E+01  0.1920682117016951E-03
  0.3728735495465465E+01  0.2165201404696607E-03
  0.3731351548813814E+01  0.2453915423008584E-03
  0.3733967602162162E+01  0.2786694314360931E-03
  0.3736583655510510E+01  0.3163592295013251E-03
  0.3739199708858859E+01  0.3593732587428575E-03
  0.3741815762207207E+01  0.4069580249918487E-03
  0.3744431815555556E+01  0.4589675182978057E-03
  0.3747047868903904E+01  0.5172831034801826E-03
  0.3749663922252252E+01  0.5826221750089789E-03
  0.3752279975600601E+01  0.6573332599206714E-03
  0.3754896028948949E+01  0.7404829620616041E-03
  0.3757512082297297E+01  0.8328536737380027E-03
  0.3760128135645646E+01  0.9359329654314697E-03
  0.3762744188993994E+01  0.1049676449016593E-02
  0.3765360242342342E+01  0.1175693470913628E-02
  0.3767976295690691E+01  0.1315171500287953E-02
  0.3770592349039039E+01  0.1469294693222886E-02
  0.3773208402387388E+01  0.1638871927437341E-02
  0.3775824455735736E+01  0.1825965661794907E-02
  0.3778440509084084E+01  0.2033461054437721E-02
  0.3781056562432433E+01  0.2261090575709578E-02
  0.3783672615780781E+01  0.2513421020926432E-02
  0.3786288669129129E+01  0.2792959273249348E-02
  0.3788904722477477E+01  0.3103907001350529E-02
  0.3791520775825826E+01  0.3449476553664036E-02
  0.3794136829174174E+01  0.3835334418045386E-02
  0.3796752882522522E+01  0.4268333184899811E-02
  0.3799368935870871E+01  0.4756109491970179E-02
  0.3801984989219219E+01  0.5308341683932138E-02
  0.3804601042567568E+01  0.5935198388466871E-02
  0.3807217095915916E+01  0.6649099285069747E-02
  0.3809833149264264E+01  0.7463448802022102E-02
  0.3812449202612613E+01  0.8394725450625373E-02
  0.3815065255960961E+01  0.9463874995394504E-02
  0.3817681309309309E+01  0.1070276629477921E-01
  0.3820297362657658E+01  0.1213728686678259E-01
  0.3822913416006006E+01  0.1379487439887210E-01
  0.3825529469354354E+01  0.1572417101775263E-01
  0.3828145522702703E+01  0.1797130070812359E-01
  0.3830761576051051E+01  0.2059293634483648E-01
  0.3833377629399400E+01  0.2366379516485948E-01
  0.3835993682747748E+01  0.2726116711153495E-01
  0.3838609736096096E+01  0.3149957757792528E-01
  0.3841225789444445E+01  0.3644768477683615E-01
  0.3843841842792793E+01  0.4221757234508026E-01
  0.3846457896141141E+01  0.4894172539530078E-01
  0.3849073949489489E+01  0.5675141313516509E-01
  0.3851690002837838E+01  0.6577917747437659E-01
  0.3854306056186187E+01  0.7615690518967796E-01
  0.3856922109534535E+01  0.8803234329849963E-01
  0.3859538162882883E+01  0.1015170170658992E+00
  0.3862154216231231E+01  0.1165347139954666E+00
  0.3864770269579580E+01  0.1331538194820127E+00
  0.3867386322927928E+01  0.1513111114173223E+00
  0.3870002376276276E+01  0.1708775965708841E+00
  0.3872618429624625E+01  0.1916486960310570E+00
  0.3875234482972973E+01  0.2133604009102792E+00
  0.3877850536321321E+01  0.2356553983631676E+00
  0.3880466589669670E+01  0.2581515145535963E+00
  0.3883082643018018E+01  0.2804623237141241E+00
  0.3885698696366366E+01  0.3022045312167847E+00
  0.3888314749714715E+01  0.3230445646770818E+00
  0.3890930803063063E+01  0.3427103908420248E+00
  0.3893546856411412E+01  0.3610034443367477E+00
  0.3896162909759760E+01  0.3778034140452050E+00
  0.3898778963108108E+01  0.3934988574379594E+00
  0.3901395016456457E+01  0.4072101155206347E+00
  0.3904011069804805E+01  0.4194371519274327E+00
  0.3906627123153153E+01  0.4302844072905916E+00
  0.3909243176501501E+01  0.4398834560129131E+00
  0.3911859229849850E+01  0.4483676795987313E+00
  0.3914475283198199E+01  0.4560912269045944E+00
  0.3917091336546547E+01  0.4629024466537109E+00
  0.3919707389894895E+01  0.4686461339009729E+00
  0.3922323443243243E+01  0.4736692431378690E+00
  0.3924939496591592E+01  0.4780431070612241E+00
  0.3927555549939940E+01  0.4818430172491073E+00
  0.3930171603288288E+01  0.4851235314959655E+00
  0.3932787656636637E+01  0.4879226782535010E+00
  0.3935403709984985E+01  0.4903072754045911E+00
  0.3938019763333333E+01  0.4927129625718560E+00
  0.3940635816681682E+01  0.4946164302467342E+00
  0.3943251870030030E+01  0.4961690881108856E+00
  0.3945867923378378E+01  0.4974762765943619E+00
  0.3948483976726727E+01  0.4985777320239858E+00
  0.3951100030075075E+01  0.4994365945750655E+00
  0.3953716083423424E+01  0.5000600737363062E+00
  0.3956332136771772E+01  0.5005699287123541E+00
  0.3958948190120120E+01  0.5009878661203930E+00
  0.3961564243468469E+01  0.5013470557557107E+00
  0.3964180296816817E+01  0.5016527715819582E+00
  0.3966796350165165E+01  0.5019144286814163E+00
  0.3969412403513513E+01  0.5024661937278425E+00
  0.3972028456861862E+01  0.5029297319854056E+00
  0.3974644510210211E+01  0.5031530942624786E+00
  0.3977260563558559E+01  0.5036201135607070E+00
  0.3979876616906907E+01  0.5041537727984168E+00
  0.3982492670255255E+01  0.5043346773808807E+00
  0.3985108723603604E+01  0.5045020626043482E+00
  0.3987724776951952E+01  0.5046667286900045E+00
  0.3990340830300300E+01  0.5048242076098900E+00
  0.3992956883648649E+01  0.5049793546544117E+00
  0.3995572936996997E+01  0.5051343327641558E+00
  0.3998188990345345E+01  0.5052804244887696E+00
  0.4000805043693694E+01  0.5054170740810384E+00
  0.4003421097042042E+01  0.5055315212379433E+00
  0.4006037150390391E+01  0.5056445969010104E+00
  0.4008653203738739E+01  0.5057583887429848E+00
  0.4011269257087087E+01  0.5059350413765494E+00
  0.4013885310435436E+01  0.5061836614080963E+00
  0.4016501363783783E+01  0.5064271219073840E+00
  0.4019117417132132E+01  0.5071005481432810E+00
  0.4021733470480481E+01  0.5079689136809240E+00
  0.4024349523828829E+01  0.5080865116283843E+00
  0.4026965577177178E+01  0.5082100179233535E+00
  0.4029581630525525E+01  0.5083336988535286E+00
  0.4032197683873874E+01  0.5084568009978160E+00
  0.4034813737222223E+01  0.5085723920578669E+00
  0.4037429790570570E+01  0.5086890214675627E+00
  0.4040045843918919E+01  0.5088171087350903E+00
  0.4042661897267267E+01  0.5090671681511724E+00
  0.4045277950615616E+01  0.5093296178644736E+00
  0.4047894003963965E+01  0.5095870607992066E+00
  0.4050510057312312E+01  0.5098083509724565E+00
  0.4053126110660661E+01  0.5099247623241132E+00
  0.4055742164009009E+01  0.5100305681552946E+00
  0.4058358217357357E+01  0.5101354696517850E+00
  0.4060974270705706E+01  0.5106268217961795E+00
  0.4063590324054054E+01  0.5109272283336896E+00
  0.4066206377402402E+01  0.5110178052990521E+00
  0.4068822430750751E+01  0.5110997286429019E+00
  0.4071438484099099E+01  0.5112867518005195E+00
  0.4074054537447448E+01  0.5120031425741879E+00
  0.4076670590795796E+01  0.5121973541145524E+00
  0.4079286644144144E+01  0.5123856930981898E+00
  0.4081902697492493E+01  0.5124769997683000E+00
  0.4084518750840841E+01  0.5125195668019229E+00
  0.4087134804189189E+01  0.5125598342047362E+00
  0.4089750857537537E+01  0.5125963345789459E+00
  0.4092366910885886E+01  0.5126350450128054E+00
  0.4094982964234235E+01  0.5126777701511964E+00
  0.4097599017582583E+01  0.5127242327841477E+00
  0.4100215070930931E+01  0.5127536794596144E+00
  0.4102831124279279E+01  0.5128293684026983E+00
  0.4105447177627628E+01  0.5131901767298805E+00
  0.4108063230975976E+01  0.5131112904714549E+00
  0.4110679284324324E+01  0.5130739650577859E+00
  0.4113295337672673E+01  0.5131310175284945E+00
  0.4115911391021021E+01  0.5131917450591984E+00
  0.4118527444369370E+01  0.5135570960660635E+00
  0.4121143497717718E+01  0.5138706597431537E+00
  0.4123759551066066E+01  0.5139275593766333E+00
  0.4126375604414415E+01  0.5139774434762382E+00
  0.4128991657762763E+01  0.5140307809638809E+00
  0.4131607711111111E+01  0.5139946395684505E+00
  0.4134223764459460E+01  0.5138990093796938E+00
  0.4136839817807807E+01  0.5137872526699214E+00
  0.4139455871156156E+01  0.5136675674486197E+00
  0.4142071924504505E+01  0.5137158379206648E+00
  0.4144687977852853E+01  0.5138122608147470E+00
  0.4147304031201202E+01  0.5140642049371189E+00
  0.4149920084549549E+01  0.5145515895828281E+00
  0.4152536137897898E+01  0.5144955721968063E+00
  0.4155152191246247E+01  0.5144048176268087E+00
  0.4157768244594594E+01  0.5142978093073439E+00
  0.4160384297942943E+01  0.5144124175677386E+00
  0.4163000351291291E+01  0.5146164125513490E+00
  0.4165616404639640E+01  0.5144789991574805E+00
  0.4168232457987989E+01  0.5143263382238996E+00
  0.4170848511336336E+01  0.5141593450547138E+00
  0.4173464564684685E+01  0.5139843351333622E+00
  0.4176080618033033E+01  0.5137977183099227E+00
  0.4178696671381381E+01  0.5135999549268513E+00
  0.4181312724729730E+01  0.5134000255509810E+00
  0.4183928778078078E+01  0.5131949010176721E+00
  0.4186544831426427E+01  0.5129906924368277E+00
  0.4189160884774775E+01  0.5127789631890949E+00
  0.4191776938123123E+01  0.5125575401381609E+00
  0.4194392991471472E+01  0.5129130976209931E+00
  0.4197009044819820E+01  0.5126861665937401E+00
  0.4199625098168168E+01  0.5124639282651842E+00
  0.4202241151516517E+01  0.5122458542364404E+00
  0.4204857204864865E+01  0.5125753712609075E+00
  0.4207473258213213E+01  0.5123905130216689E+00
  0.4210089311561561E+01  0.5121922103661027E+00
  0.4212705364909910E+01  0.5120214859887638E+00
  0.4215321418258259E+01  0.5118604212270678E+00
  0.4217937471606607E+01  0.5117036237340364E+00
  0.4220553524954955E+01  0.5115501586885313E+00
  0.4223169578303303E+01  0.5113837416979478E+00
  0.4225785631651652E+01  0.5112218058056068E+00
  0.4228401685000000E+01  0.5110525484496560E+00
  0.4231017738348348E+01  0.5108798395523618E+00
  0.4233633791696697E+01  0.5106958802120125E+00
  0.4236249845045045E+01  0.5105103104089674E+00
  0.4238865898393394E+01  0.5103343926753227E+00
  0.4241481951741742E+01  0.5101715749472887E+00
  0.4244098005090090E+01  0.5105946039121421E+00
  0.4246714058438439E+01  0.5104604438015572E+00
  0.4249330111786787E+01  0.5108810440174283E+00
  0.4251946165135135E+01  0.5107176932550961E+00
  0.4254562218483484E+01  0.5105464432893749E+00
  0.4257178271831832E+01  0.5103774618331165E+00
  0.4259794325180181E+01  0.5100511014741045E+00
  0.4262410378528529E+01  0.5083473665723047E+00
  0.4265026431876877E+01  0.5063373164932580E+00
  0.4267642485225226E+01  0.5043175761863081E+00
  0.4270258538573573E+01  0.5021684833746405E+00
  0.4272874591921922E+01  0.4992300304325871E+00
  0.4275490645270271E+01  0.4962619173100637E+00
  0.4278106698618618E+01  0.4932932059473132E+00
  0.4280722751966967E+01  0.4923544799820477E+00
  0.4283338805315315E+01  0.4967095292638926E+00
  0.4285954858663664E+01  0.5010544245245110E+00
  0.4288570912012013E+01  0.5053829410634214E+00
  0.4291186965360360E+01  0.5077108056490327E+00
  0.4293803018708709E+01  0.5081098847534959E+00
  0.4296419072057057E+01  0.5086987359969410E+00
  0.4299035125405405E+01  0.5086233844006099E+00
  0.4301651178753754E+01  0.5084498359956250E+00
  0.4304267232102102E+01  0.5082131226569651E+00
  0.4306883285450451E+01  0.5079740397263803E+00
  0.4309499338798799E+01  0.5077300458768690E+00
  0.4312115392147147E+01  0.5074813186311857E+00
  0.4314731445495496E+01  0.5072295119194422E+00
  0.4317347498843844E+01  0.5069788005925371E+00
  0.4319963552192192E+01  0.5067255997425572E+00
  0.4322579605540541E+01  0.5064979698200910E+00
  0.4325195658888889E+01  0.5062646177926577E+00
  0.4327811712237237E+01  0.5060272393033166E+00
  0.4330427765585585E+01  0.5057811761434404E+00
  0.4333043818933934E+01  0.5055208103372613E+00
  0.4335659872282283E+01  0.5052566159821434E+00
  0.4338275925630631E+01  0.5049914602606280E+00
  0.4340891978978979E+01  0.5047194349960354E+00
  0.4343508032327327E+01  0.5044359002090975E+00
  0.4346124085675676E+01  0.5045515819360873E+00
  0.4348740139024024E+01  0.5043768633715950E+00
  0.4351356192372372E+01  0.5041863789767307E+00
  0.4353972245720721E+01  0.5042214882255255E+00
  0.4356588299069069E+01  0.5038335187294659E+00
  0.4359204352417418E+01  0.5034290881220214E+00
  0.4361820405765766E+01  0.5030211704257175E+00
  0.4364436459114114E+01  0.5025992669568227E+00
  0.4367052512462463E+01  0.5021533834801911E+00
  0.4369668565810811E+01  0.5016867735974317E+00
  0.4372284619159159E+01  0.5011940357339001E+00
  0.4374900672507508E+01  0.5006833779550992E+00
  0.4377516725855856E+01  0.5001559995717568E+00
  0.4380132779204205E+01  0.4996176531991155E+00
  0.4382748832552553E+01  0.4990784942071997E+00
  0.4385364885900901E+01  0.4985303494588145E+00
  0.4387980939249250E+01  0.4979751347829388E+00
  0.4390596992597597E+01  0.4974159808536105E+00
  0.4393213045945946E+01  0.4968543837856063E+00
  0.4395829099294295E+01  0.4963057562365275E+00
  0.4398445152642642E+01  0.4958339841850670E+00
  0.4401061205990991E+01  0.4953814567826756E+00
  0.4403677259339339E+01  0.4949374203296877E+00
  0.4406293312687688E+01  0.4950213164647807E+00
  0.4408909366036037E+01  0.4946373263935014E+00
  0.4411525419384384E+01  0.4942449131343336E+00
  0.4414141472732733E+01  0.4943156805433577E+00
  0.4416757526081081E+01  0.4940876001145617E+00
  0.4419373579429429E+01  0.4937566533283980E+00
  0.4421989632777778E+01  0.4934448916970604E+00
  0.4424605686126126E+01  0.4931503216807750E+00
  0.4427221739474475E+01  0.4928724889172498E+00
  0.4429837792822823E+01  0.4926086867943594E+00
  0.4432453846171171E+01  0.4923471822555313E+00
  0.4435069899519520E+01  0.4920971979351527E+00
  0.4437685952867868E+01  0.4918600530488177E+00
  0.4440302006216216E+01  0.4916349953064587E+00
  0.4442918059564565E+01  0.4914297325217585E+00
  0.4445534112912913E+01  0.4912067895946235E+00
  0.4448150166261262E+01  0.4909706728419012E+00
  0.4450766219609610E+01  0.4907345008068290E+00
  0.4453382272957958E+01  0.4904947022337074E+00
  0.4455998326306307E+01  0.4902532642795505E+00
  0.4458614379654655E+01  0.4900117512154627E+00
  0.4461230433003003E+01  0.4897717687691495E+00
  0.4463846486351351E+01  0.4895360093534628E+00
  0.4466462539699700E+01  0.4892969111118229E+00
  0.4469078593048048E+01  0.4890535227082956E+00
  0.4471694646396396E+01  0.4888031400146237E+00
  0.4474310699744745E+01  0.4885462791414641E+00
  0.4476926753093093E+01  0.4886627237062791E+00
  0.4479542806441442E+01  0.4885440093672687E+00
  0.4482158859789790E+01  0.4882606429440250E+00
  0.4484774913138138E+01  0.4883793240485436E+00
  0.4487390966486487E+01  0.4882153172285149E+00
  0.4490007019834835E+01  0.4879005643668324E+00
  0.4492623073183184E+01  0.4875686943519744E+00
  0.4495239126531532E+01  0.4872150052360461E+00
  0.4497855179879879E+01  0.4868399802351029E+00
  0.4500471233228229E+01  0.4864548466927990E+00
  0.4503087286576577E+01  0.4860693165420705E+00
  0.4505703339924925E+01  0.4856674664349884E+00
  0.4508319393273274E+01  0.4852517784080946E+00
  0.4510935446621621E+01  0.4848186494895758E+00
  0.4513551499969970E+01  0.4843707376547048E+00
  0.4516167553318319E+01  0.4839096027894995E+00
  0.4518783606666666E+01  0.4834358690731068E+00
  0.4521399660015016E+01  0.4829519469880849E+00
  0.4524015713363363E+01  0.4824556961711805E+00
  0.4526631766711712E+01  0.4819445107451469E+00
  0.4529247820060061E+01  0.4814173821341672E+00
  0.4531863873408408E+01  0.4808732716782941E+00
  0.4534479926756757E+01  0.4803168204256444E+00
  0.4537095980105105E+01  0.4797580161748822E+00
  0.4539712033453453E+01  0.4791914019166206E+00
  0.4542328086801803E+01  0.4786214698639201E+00
  0.4544944140150150E+01  0.4780416596314965E+00
  0.4547560193498499E+01  0.4774518541975346E+00
  0.4550176246846847E+01  0.4768612571541522E+00
  0.4552792300195195E+01  0.4762814094352127E+00
  0.4555408353543544E+01  0.4757053082549885E+00
  0.4558024406891892E+01  0.4751324701983065E+00
  0.4560640460240240E+01  0.4746315121410350E+00
  0.4563256513588589E+01  0.4745103472700352E+00
  0.4565872566936937E+01  0.4739439242619779E+00
  0.4568488620285285E+01  0.4733787934386393E+00
  0.4571104673633634E+01  0.4729258517577790E+00
  0.4573720726981982E+01  0.4727940297990098E+00
  0.4576336780330331E+01  0.4722344787595834E+00
  0.4578952833678679E+01  0.4716759334042475E+00
  0.4581568887027027E+01  0.4711194215261717E+00
  0.4584184940375375E+01  0.4705639112999086E+00
  0.4586800993723724E+01  0.4700017328630374E+00
  0.4589417047072072E+01  0.4694319879789273E+00
  0.4592033100420421E+01  0.4688392106653220E+00
  0.4594649153768769E+01  0.4682378479939869E+00
  0.4597265207117117E+01  0.4676235710023989E+00
  0.4599881260465466E+01  0.4670007608675053E+00
  0.4602497313813814E+01  0.4663652230756620E+00
  0.4605113367162162E+01  0.4657130839793152E+00
  0.4607729420510511E+01  0.4650417753206457E+00
  0.4610345473858859E+01  0.4643636147826911E+00
  0.4612961527207208E+01  0.4637738461006209E+00
  0.4615577580555556E+01  0.4631566957062826E+00
  0.4618193633903904E+01  0.4625226076273241E+00
  0.4620809687252253E+01  0.4618214335277133E+00
  0.4623425740600601E+01  0.4610085875297447E+00
  0.4626041793948949E+01  0.4601691319441081E+00
  0.4628657847297298E+01  0.4593062525094657E+00
  0.4631273900645645E+01  0.4584239037282175E+00
  0.4633889953993994E+01  0.4575198571786627E+00
  0.4636506007342343E+01  0.4565992931798634E+00
  0.4639122060690690E+01  0.4556569979399100E+00
  0.4641738114039040E+01  0.4547058474328408E+00
  0.4644354167387387E+01  0.4537417394557852E+00
  0.4646970220735736E+01  0.4527692982217481E+00
  0.4649586274084085E+01  0.4517905968601210E+00
  0.4652202327432432E+01  0.4512569814396124E+00
  0.4654818380780781E+01  0.4502876352263050E+00
  0.4657434434129129E+01  0.4492819051826920E+00
  0.4660050487477477E+01  0.4482863224713656E+00
  0.4662666540825827E+01  0.4473074569768047E+00
  0.4665282594174174E+01  0.4463471487708527E+00
  0.4667898647522523E+01  0.4454033480452662E+00
  0.4670514700870871E+01  0.4444791518557901E+00
  0.4673130754219219E+01  0.4435825005153137E+00
  0.4675746807567568E+01  0.4427055813887504E+00
  0.4678362860915916E+01  0.4418554152689368E+00
  0.4680978914264264E+01  0.4410188170940614E+00
  0.4683594967612613E+01  0.4402005811918235E+00
  0.4686211020960961E+01  0.4394125001353147E+00
  0.4688827074309310E+01  0.4386589040269716E+00
  0.4691443127657658E+01  0.4379505018268836E+00
  0.4694059181006006E+01  0.4372762686592895E+00
  0.4696675234354355E+01  0.4366394520488872E+00
  0.4699291287702703E+01  0.4365239251203618E+00
  0.4701907341051051E+01  0.4359497045109582E+00
  0.4704523394399399E+01  0.4354032073653430E+00
  0.4707139447747748E+01  0.4348834966774943E+00
  0.4709755501096096E+01  0.4344020671615606E+00
  0.4712371554444445E+01  0.4340242422222184E+00
  0.4714987607792793E+01  0.4336917886676551E+00
  0.4717603661141141E+01  0.4333735669499876E+00
  0.4720219714489490E+01  0.4330542139563881E+00
  0.4722835767837838E+01  0.4326466844062822E+00
  0.4725451821186186E+01  0.4322379316212178E+00
  0.4728067874534535E+01  0.4318354676492056E+00
  0.4730683927882883E+01  0.4314297903739470E+00
  0.4733299981231232E+01  0.4310303244854233E+00
  0.4735916034579580E+01  0.4310786502667776E+00
  0.4738532087927928E+01  0.4306793337618282E+00
  0.4741148141276277E+01  0.4302584102594730E+00
  0.4743764194624625E+01  0.4298241574599401E+00
  0.4746380247972973E+01  0.4293768871946064E+00
  0.4748996301321322E+01  0.4289050303098539E+00
  0.4751612354669669E+01  0.4284167703434643E+00
  0.4754228408018019E+01  0.4279088168410998E+00
  0.4756844461366367E+01  0.4273834016254463E+00
  0.4759460514714715E+01  0.4268460148845636E+00
  0.4762076568063064E+01  0.4262900607940057E+00
  0.4764692621411411E+01  0.4256924893807266E+00
  0.4767308674759760E+01  0.4250718283919452E+00
  0.4769924728108109E+01  0.4244370101202267E+00
  0.4772540781456456E+01  0.4237871971718628E+00
  0.4775156834804805E+01  0.4231228159109130E+00
  0.4777772888153153E+01  0.4224576794143619E+00
  0.4780388941501501E+01  0.4217810466085158E+00
  0.4783004994849851E+01  0.4210976503192523E+00
  0.4785621048198198E+01  0.4204156811171801E+00
  0.4788237101546547E+01  0.4197371790255345E+00
  0.4790853154894895E+01  0.4190714261159108E+00
  0.4793469208243243E+01  0.4184117098130162E+00
  0.4796085261591592E+01  0.4177649930547956E+00
  0.4798701314939940E+01  0.4171267905980224E+00
  0.4801317368288288E+01  0.4165045701941759E+00
  0.4803933421636637E+01  0.4159025776711154E+00
  0.4806549474984985E+01  0.4153091850712951E+00
  0.4809165528333334E+01  0.4151894843813621E+00
  0.4811781581681682E+01  0.4146164083793959E+00
  0.4814397635030030E+01  0.4140533712826138E+00
  0.4817013688378379E+01  0.4135031732907057E+00
  0.4819629741726727E+01  0.4129532129055664E+00
  0.4822245795075075E+01  0.4124238757436970E+00
  0.4824861848423424E+01  0.4118899585345316E+00
  0.4827477901771772E+01  0.4113545360403573E+00
  0.4830093955120120E+01  0.4108114443722738E+00
  0.4832710008468469E+01  0.4102480312731699E+00
  0.4835326061816817E+01  0.4096771264074400E+00
  0.4837942115165165E+01  0.4090818470811188E+00
  0.4840558168513514E+01  0.4084606455577190E+00
  0.4843174221861862E+01  0.4078045979332789E+00
  0.4845790275210210E+01  0.4071037620800679E+00
  0.4848406328558559E+01  0.4063656719143591E+00
  0.4851022381906906E+01  0.4055841114478653E+00
  0.4853638435255256E+01  0.4047703385815956E+00
  0.4856254488603604E+01  0.4039101395741660E+00
  0.4858870541951952E+01  0.4029952939959611E+00
  0.4861486595300301E+01  0.4020345909582032E+00
  0.4864102648648648E+01  0.4010160175761179E+00
  0.4866718701996997E+01  0.3999465892557357E+00
  0.4869334755345346E+01  0.3988255653942888E+00
  0.4871950808693693E+01  0.3976423582778602E+00
  0.4874566862042043E+01  0.3964158422477025E+00
  0.4877182915390391E+01  0.3954779543961552E+00
  0.4879798968738739E+01  0.3940536464835643E+00
  0.4882415022087088E+01  0.3924130689013283E+00
  0.4885031075435435E+01  0.3907491133644683E+00
  0.4887647128783784E+01  0.3890761090427232E+00
  0.4890263182132133E+01  0.3873888418818715E+00
  0.4892879235480480E+01  0.3856939688683414E+00
  0.4895495288828830E+01  0.3840015159154853E+00
  0.4898111342177177E+01  0.3823068080407062E+00
  0.4900727395525525E+01  0.3806258405478505E+00
  0.4903343448873875E+01  0.3789530053333587E+00
  0.4905959502222222E+01  0.3772966155941181E+00
  0.4908575555570571E+01  0.3756590197471935E+00
  0.4911191608918919E+01  0.3740289149905725E+00
  0.4913807662267267E+01  0.3724112686491895E+00
  0.4916423715615616E+01  0.3707874597678656E+00
  0.4919039768963964E+01  0.3691456953096425E+00
  0.4921655822312312E+01  0.3674732351183491E+00
  0.4924271875660661E+01  0.3657446482877449E+00
  0.4926887929009009E+01  0.3639540369929014E+00
  0.4929503982357358E+01  0.3620754890164585E+00
  0.4932120035705706E+01  0.3600825674005014E+00
  0.4934736089054054E+01  0.3579596739029444E+00
  0.4937352142402402E+01  0.3556622792681718E+00
  0.4939968195750751E+01  0.3531646693250637E+00
  0.4942584249099099E+01  0.3507857025112164E+00
  0.4945200302447448E+01  0.3478164121532085E+00
  0.4947816355795796E+01  0.3445196679916954E+00
  0.4950432409144145E+01  0.3408992684163838E+00
  0.4953048462492493E+01  0.3369378591239873E+00
  0.4955664515840841E+01  0.3326195354833177E+00
  0.4958280569189189E+01  0.3279194185593128E+00
  0.4960896622537538E+01  0.3228399596694271E+00
  0.4963512675885886E+01  0.3173757920535856E+00
  0.4966128729234234E+01  0.3115290080029972E+00
  0.4968744782582583E+01  0.3053195961000654E+00
  0.4971360835930930E+01  0.2987605204842350E+00
  0.4973976889279280E+01  0.2918782345432302E+00
  0.4976592942627628E+01  0.2846897715482654E+00
  0.4979208995975976E+01  0.2772203001970558E+00
  0.4981825049324325E+01  0.2695160965649381E+00
  0.4984441102672672E+01  0.2616072914073987E+00
  0.4987057156021021E+01  0.2535353799807701E+00
  0.4989673209369370E+01  0.2453425470541269E+00
  0.4992289262717717E+01  0.2370594762558177E+00
  0.4994905316066067E+01  0.2287285418150099E+00
  0.4997521369414414E+01  0.2203846583885933E+00
  0.5000137422762763E+01  0.2120654285557405E+00
  0.5002753476111112E+01  0.2038411485001560E+00
  0.5005369529459459E+01  0.1956912468943685E+00
  0.5007985582807808E+01  0.1876825673023028E+00
  0.5010601636156157E+01  0.1798936665855782E+00
  0.5013217689504504E+01  0.1720818624336005E+00
  0.5015833742852854E+01  0.1644223065670243E+00
  0.5018449796201201E+01  0.1569280631321808E+00
  0.5021065849549550E+01  0.1496097625936030E+00
  0.5023681902897899E+01  0.1424757357039660E+00
  0.5026297956246246E+01  0.1355251957573495E+00
  0.5028914009594595E+01  0.1287591470932217E+00
  0.5031530062942943E+01  0.1221771777905353E+00
  0.5034146116291291E+01  0.1157715687959541E+00
  0.5036762169639640E+01  0.1095420817256207E+00
  0.5039378222987988E+01  0.1034868837599373E+00
  0.5041994276336336E+01  0.9760220160307521E-01
  0.5044610329684685E+01  0.9188985461792860E-01
  0.5047226383033033E+01  0.8634644444829198E-01
  0.5049842436381382E+01  0.8097078426788920E-01
  0.5052458489729730E+01  0.7576411751252732E-01
  0.5055074543078078E+01  0.7072455337738492E-01
  0.5057690596426426E+01  0.6585627287738909E-01
  0.5060306649774775E+01  0.6116393857260251E-01
  0.5062922703123123E+01  0.5664787259669694E-01
  0.5065538756471472E+01  0.5234283624844067E-01
  0.5068154809819820E+01  0.4822196243459338E-01
  0.5070770863168168E+01  0.4429048808760717E-01
  0.5073386916516517E+01  0.4055828363524244E-01
  0.5076002969864865E+01  0.3702966098873015E-01
  0.5078619023213213E+01  0.3374369298393989E-01
  0.5081235076561562E+01  0.3063003459417031E-01
  0.5083851129909910E+01  0.2772432234169228E-01
  0.5086467183258259E+01  0.2502691773190498E-01
  0.5089083236606607E+01  0.2253545808636102E-01
  0.5091699289954955E+01  0.2024484717688296E-01
  0.5094315343303304E+01  0.1814945870951124E-01
  0.5096931396651652E+01  0.1624106595483023E-01
  0.5102163503348349E+01  0.0000000000000000E+00
