  1000 NIRCAM_F150W        
  0.1272790039062500E+01  0.1733250499522961E+01  0.2447108273722838E+02  0.1181601738070221E+01  0.3371082737228377E+01  0.1627672046866927E-09  0.1222810909708352E+04  0.1487332307670467E+01  0.1117378759242057E-17  0.1500743777394065E+01
  0.1510423074819556E+01  0.1497506390613554E+01  0.1503988162924787E+01  0.1496091881097905E+01  0.1497362261021087E+01  0.3509762815244314E+00  0.3370894614438358E+00  0.3179673377389551E+00  0.1331379743953407E+01  0.1668469205397242E+01
  0.1436719124790800E+01  0.3179673377389551E+01  0.9594076751833770E-01  0.1210994706561542E-16  0.3619317255820936E-20  0.2539999961853027E+06  0.2663235062925268E+02  0.2781395389320180E+02  0.3000343336648105E+02
  0.1272790039062500E+01  0.0000000000000000E+00
  0.1273250499522961E+01  0.4872590256754064E-04
  0.1273710959983421E+01  0.5130984883803801E-04
  0.1274171420443881E+01  0.5444204867068355E-04
  0.1274631880904342E+01  0.5768792837579392E-04
  0.1275092341364802E+01  0.6124910116766074E-04
  0.1275552801825263E+01  0.6497522862080815E-04
  0.1276013262285723E+01  0.6901910962318942E-04
  0.1276473722746184E+01  0.7340069282811825E-04
  0.1276934183206644E+01  0.7793224010813774E-04
  0.1277394643667105E+01  0.8279287521961328E-04
  0.1277855104127565E+01  0.8778313455648430E-04
  0.1278315564588026E+01  0.9356111034000911E-04
  0.1278776025048486E+01  0.9933908612353114E-04
  0.1279236485508946E+01  0.1059897053684048E-03
  0.1279696945969407E+01  0.1126677170089264E-03
  0.1280157406429867E+01  0.1202211587721705E-03
  0.1280617866890328E+01  0.1279964397763272E-03
  0.1281078327350788E+01  0.1365683310465664E-03
  0.1281538787811249E+01  0.1456159756701671E-03
  0.1281999248271709E+01  0.1551988649946576E-03
  0.1282459708732170E+01  0.1654245601560972E-03
  0.1282920169192630E+01  0.1760792885854785E-03
  0.1283380629653091E+01  0.1878231014642317E-03
  0.1283841090113551E+01  0.1997490843035403E-03
  0.1284301550574011E+01  0.2131359987872548E-03
  0.1284762011034472E+01  0.2265229132709758E-03
  0.1285222471494933E+01  0.2421176301254425E-03
  0.1285682931955393E+01  0.2578554452817092E-03
  0.1286143392415853E+01  0.2760443363731235E-03
  0.1286603852876314E+01  0.2949761881587488E-03
  0.1287064313336774E+01  0.3146018134468970E-03
  0.1287524773797235E+01  0.3346983944703187E-03
  0.1287985234257695E+01  0.3571412114936128E-03
  0.1288445694718156E+01  0.3827725030808214E-03
  0.1288906155178616E+01  0.4094603385855258E-03
  0.1289366615639077E+01  0.4392813732938902E-03
  0.1289827076099537E+01  0.4693989352874315E-03
  0.1290287536559998E+01  0.5029065254333063E-03
  0.1290747997020458E+01  0.5364141155791650E-03
  0.1291208457480918E+01  0.5753269205789635E-03
  0.1291668917941379E+01  0.6147828332913588E-03
  0.1292129378401839E+01  0.6635146204339837E-03
  0.1292589838862300E+01  0.7155572654116140E-03
  0.1293050299322760E+01  0.7701293495812929E-03
  0.1293510759783221E+01  0.8266471562064405E-03
  0.1293971220243681E+01  0.8873697110511885E-03
  0.1294431680704142E+01  0.9545736181238973E-03
  0.1294892141164602E+01  0.1026735650903418E-02
  0.1295352601625062E+01  0.1116299732732172E-02
  0.1295813062085523E+01  0.1206460480677674E-02
  0.1296273522545983E+01  0.1307957884840455E-02
  0.1296733983006444E+01  0.1409455289003286E-02
  0.1297194443466904E+01  0.1531812465228830E-02
  0.1297654903927365E+01  0.1657061095007562E-02
  0.1298115364387825E+01  0.1807731078172007E-02
  0.1298575824848286E+01  0.1968960700435020E-02
  0.1299036285308746E+01  0.2146755469995801E-02
  0.1299496745769207E+01  0.2338960570945543E-02
  0.1299957206229667E+01  0.2546792899802372E-02
  0.1300417666690128E+01  0.2782043059657687E-02
  0.1300878127150588E+01  0.3029170234841641E-02
  0.1301338587611049E+01  0.3326504793006399E-02
  0.1301799048071509E+01  0.3625183629970776E-02
  0.1302259508531969E+01  0.3991225771234438E-02
  0.1302719968992430E+01  0.4357267912497922E-02
  0.1303180429452890E+01  0.4781762068930409E-02
  0.1303640889913351E+01  0.5216747612700912E-02
  0.1304101350373811E+01  0.5711521342267599E-02
  0.1304561810834272E+01  0.6234939572425061E-02
  0.1305022271294732E+01  0.6798368707549803E-02
  0.1305482731755193E+01  0.7401118904453291E-02
  0.1305943192215653E+01  0.7990731887461558E-02
  0.1306403652676114E+01  0.8553984578536050E-02
  0.1306864113136574E+01  0.9090905544361117E-02
  0.1307324573597034E+01  0.9490474537937631E-02
  0.1307785034057495E+01  0.9890043531514337E-02
  0.1308245494517955E+01  0.1039117081659899E-01
  0.1308705954978416E+01  0.1089341412686527E-01
  0.1309166415438876E+01  0.1134533658238216E-01
  0.1309626875899337E+01  0.1178601714481651E-01
  0.1310087336359797E+01  0.1228018320892752E-01
  0.1310547796820258E+01  0.1280370326890782E-01
  0.1311008257280718E+01  0.1339279310973672E-01
  0.1311468717741179E+01  0.1405467142288322E-01
  0.1311929178201639E+01  0.1476118630138596E-01
  0.1312389638662100E+01  0.1557078274448756E-01
  0.1312850099122560E+01  0.1638683389066526E-01
  0.1313310559583021E+01  0.1724591639068668E-01
  0.1313771020043481E+01  0.1810499889070769E-01
  0.1314231480503941E+01  0.1927390592100170E-01
  0.1314691940964402E+01  0.2045616140044520E-01
  0.1315152401424862E+01  0.2149895130098158E-01
  0.1315612861885323E+01  0.2250398532656497E-01
  0.1316073322345783E+01  0.2383602643965078E-01
  0.1316533782806244E+01  0.2537259142018593E-01
  0.1316994243266704E+01  0.2694169130467922E-01
  0.1317454703727165E+01  0.2855161930394521E-01
  0.1317915164187625E+01  0.3034564029125847E-01
  0.1318375624648086E+01  0.3263303048654162E-01
  0.1318836085108546E+01  0.3493951428685930E-01
  0.1319296545569006E+01  0.3741784053248649E-01
  0.1319757006029467E+01  0.3989616677811489E-01
  0.1320217466489927E+01  0.4326883921861040E-01
  0.1320677926950388E+01  0.4671062974910888E-01
  0.1321138387410848E+01  0.5038483484405849E-01
  0.1321598847871309E+01  0.5413384002871473E-01
  0.1322059308331769E+01  0.5845523503489417E-01
  0.1322519768792230E+01  0.6318304809278327E-01
  0.1322980229252690E+01  0.6804817251313046E-01
  0.1323440689713151E+01  0.7310842360643879E-01
  0.1323901150173611E+01  0.7853849511766398E-01
  0.1324361610634072E+01  0.8513133533025907E-01
  0.1324822071094532E+01  0.9171422498310364E-01
  0.1325282531554993E+01  0.9816402589932977E-01
  0.1325742992015453E+01  0.1046138268155528E+00
  0.1326203452475913E+01  0.1124440508866885E+00
  0.1326663912936374E+01  0.1204313691183064E+00
  0.1327124373396834E+01  0.1289123499847936E+00
  0.1327584833857295E+01  0.1375795628632363E+00
  0.1328045294317755E+01  0.1469839526296771E+00
  0.1328505754778216E+01  0.1569809747962809E+00
  0.1328966215238676E+01  0.1672359137479726E+00
  0.1329426675699137E+01  0.1779070366028875E+00
  0.1329887136159597E+01  0.1887634980063858E+00
  0.1330347596620058E+01  0.2003135459370493E+00
  0.1330808057080518E+01  0.2118550028406974E+00
  0.1331268517540978E+01  0.2231855023030458E+00
  0.1331728978001439E+01  0.2345160017653997E+00
  0.1332189438461899E+01  0.2458635009919138E+00
  0.1332649898922360E+01  0.2572135991798720E+00
  0.1333110359382820E+01  0.2683831651668923E+00
  0.1333570819843281E+01  0.2794737483159968E+00
  0.1334031280303741E+01  0.2898852888146753E+00
  0.1334491740764202E+01  0.2996797739588083E+00
  0.1334952201224662E+01  0.3090774250692929E+00
  0.1335412661685123E+01  0.3177450975252752E+00
  0.1335873122145583E+01  0.3261578066080692E+00
  0.1336333582606044E+01  0.3334124290439530E+00
  0.1336794043066504E+01  0.3406568455062755E+00
  0.1337254503526965E+01  0.3467377809829789E+00
  0.1337714963987425E+01  0.3528187164596796E+00
  0.1338175424447885E+01  0.3575768779012011E+00
  0.1338635884908346E+01  0.3620773560891136E+00
  0.1339096345368806E+01  0.3658163469059337E+00
  0.1339556805829267E+01  0.3691721055163857E+00
  0.1340017266289727E+01  0.3720362591449937E+00
  0.1340477726750188E+01  0.3743958138274832E+00
  0.1340938187210648E+01  0.3764925468046110E+00
  0.1341398647671109E+01  0.3780352232136817E+00
  0.1341859108131569E+01  0.3795105897422568E+00
  0.1342319568592029E+01  0.3806045336146955E+00
  0.1342780029052490E+01  0.3816984774871341E+00
  0.1343240489512950E+01  0.3832674438482552E+00
  0.1343700949973411E+01  0.3848469662646810E+00
  0.1344161410433871E+01  0.3848761590853494E+00
  0.1344621870894332E+01  0.3845334399544755E+00
  0.1345082331354792E+01  0.3848649199270294E+00
  0.1345542791815253E+01  0.3855842952741579E+00
  0.1346003252275713E+01  0.3864341496925542E+00
  0.1346463712736174E+01  0.3874353108273964E+00
  0.1346924173196634E+01  0.3882032441888880E+00
  0.1347384633657094E+01  0.3884037726689430E+00
  0.1347845094117555E+01  0.3886494303830452E+00
  0.1348305554578016E+01  0.3892274033660397E+00
  0.1348766015038476E+01  0.3898053763490339E+00
  0.1349226475498936E+01  0.3901815208019336E+00
  0.1349686935959397E+01  0.3905465554274883E+00
  0.1350147396419857E+01  0.3912661741822768E+00
  0.1350607856880318E+01  0.3920880959211294E+00
  0.1351068317340778E+01  0.3925451599539062E+00
  0.1351528777801239E+01  0.3927633603086038E+00
  0.1351989238261699E+01  0.3929464822050892E+00
  0.1352449698722160E+01  0.3930835966764820E+00
  0.1352910159182620E+01  0.3933522172747720E+00
  0.1353370619643081E+01  0.3939934385659384E+00
  0.1353831080103541E+01  0.3945440213912066E+00
  0.1354291540564001E+01  0.3941683233088847E+00
  0.1354752001024462E+01  0.3937926252265626E+00
  0.1355212461484922E+01  0.3940273939846690E+00
  0.1355672921945383E+01  0.3943171336904919E+00
  0.1356133382405843E+01  0.3943850963401210E+00
  0.1356593842866304E+01  0.3943774090901155E+00
  0.1357054303326764E+01  0.3942513981561597E+00
  0.1357514763787225E+01  0.3940375408507864E+00
  0.1357975224247685E+01  0.3938859979266218E+00
  0.1358435684708146E+01  0.3938270844880380E+00
  0.1358896145168606E+01  0.3937326754606408E+00
  0.1359356605629066E+01  0.3935197245611683E+00
  0.1359817066089527E+01  0.3933002230804871E+00
  0.1360277526549988E+01  0.3929756696863475E+00
  0.1360737987010448E+01  0.3926511162922079E+00
  0.1361198447470908E+01  0.3923561566608801E+00
  0.1361658907931369E+01  0.3920649687836362E+00
  0.1362119368391829E+01  0.3915924618601879E+00
  0.1362579828852290E+01  0.3910477579912908E+00
  0.1363040289312750E+01  0.3908603864935726E+00
  0.1363500749773211E+01  0.3909731741876453E+00
  0.1363961210233671E+01  0.3911761197990729E+00
  0.1364421670694132E+01  0.3915314375632236E+00
  0.1364882131154592E+01  0.3918189834611034E+00
  0.1365342591615053E+01  0.3918354418938999E+00
  0.1365803052075513E+01  0.3918347092702658E+00
  0.1366263512535973E+01  0.3912428687832070E+00
  0.1366723972996434E+01  0.3906510282961484E+00
  0.1367184433456894E+01  0.3904334536294111E+00
  0.1367644893917355E+01  0.3902785732371439E+00
  0.1368105354377815E+01  0.3905337070231635E+00
  0.1368565814838276E+01  0.3909775774944262E+00
  0.1369026275298736E+01  0.3911203236739952E+00
  0.1369486735759197E+01  0.3909772569665326E+00
  0.1369947196219657E+01  0.3910506638684623E+00
  0.1370407656680118E+01  0.3915418510483907E+00
  0.1370868117140578E+01  0.3919384209573476E+00
  0.1371328577601038E+01  0.3918716088469296E+00
  0.1371789038061499E+01  0.3918047967365116E+00
  0.1372249498521960E+01  0.3913493658483043E+00
  0.1372709958982420E+01  0.3908930882960934E+00
  0.1373170419442880E+01  0.3908190910600964E+00
  0.1373630879903341E+01  0.3908255738906709E+00
  0.1374091340363801E+01  0.3907815597171218E+00
  0.1374551800824262E+01  0.3907108710463779E+00
  0.1375012261284722E+01  0.3907091536809353E+00
  0.1375472721745183E+01  0.3907813785256808E+00
  0.1375933182205643E+01  0.3907939537105938E+00
  0.1376393642666104E+01  0.3906742985307031E+00
  0.1376854103126564E+01  0.3905794639847583E+00
  0.1377314563587025E+01  0.3906382071113544E+00
  0.1377775024047485E+01  0.3906969502379505E+00
  0.1378235484507945E+01  0.3905024487597722E+00
  0.1378695944968406E+01  0.3902994109466015E+00
  0.1379156405428866E+01  0.3900821229266797E+00
  0.1379616865889327E+01  0.3898611750175921E+00
  0.1380077326349787E+01  0.3895441764478392E+00
  0.1380537786810248E+01  0.3891692797446535E+00
  0.1380998247270708E+01  0.3889577368165393E+00
  0.1381458707731169E+01  0.3889441032697617E+00
  0.1381919168191629E+01  0.3891112421588764E+00
  0.1382379628652090E+01  0.3897422234997766E+00
  0.1382840089112550E+01  0.3902679722449122E+00
  0.1383300549573010E+01  0.3899308137047746E+00
  0.1383761010033471E+01  0.3895936551646368E+00
  0.1384221470493932E+01  0.3894376328596415E+00
  0.1384681930954392E+01  0.3892937983755723E+00
  0.1385142391414852E+01  0.3893644567498726E+00
  0.1385602851875313E+01  0.3895009254329908E+00
  0.1386063312335773E+01  0.3895648186876689E+00
  0.1386523772796234E+01  0.3895789991030859E+00
  0.1386984233256694E+01  0.3893430279934220E+00
  0.1387444693717155E+01  0.3887640656174098E+00
  0.1387905154177615E+01  0.3883783118403480E+00
  0.1388365614638076E+01  0.3885721838601367E+00
  0.1388826075098536E+01  0.3887859369441272E+00
  0.1389286535558997E+01  0.3892338447842761E+00
  0.1389746996019457E+01  0.3896817526244249E+00
  0.1390207456479917E+01  0.3899430323114988E+00
  0.1390667916940378E+01  0.3901850673688793E+00
  0.1391128377400838E+01  0.3900617144785417E+00
  0.1391588837861299E+01  0.3898064759976075E+00
  0.1392049298321759E+01  0.3900176002123407E+00
  0.1392509758782220E+01  0.3905906506889626E+00
  0.1392970219242680E+01  0.3909057395388771E+00
  0.1393430679703141E+01  0.3908195547472466E+00
  0.1393891140163601E+01  0.3908475306359536E+00
  0.1394351600624061E+01  0.3912812855765536E+00
  0.1394812061084522E+01  0.3917076193068989E+00
  0.1395272521544982E+01  0.3919862034876248E+00
  0.1395732982005443E+01  0.3922647876683509E+00
  0.1396193442465903E+01  0.3924215971390748E+00
  0.1396653902926364E+01  0.3925611828915103E+00
  0.1397114363386824E+01  0.3931814798508705E+00
  0.1397574823847285E+01  0.3940035568230137E+00
  0.1398035284307745E+01  0.3944530664763899E+00
  0.1398495744768206E+01  0.3945756292990110E+00
  0.1398956205228666E+01  0.3946877898851642E+00
  0.1399416665689127E+01  0.3947815272332356E+00
  0.1399877126149587E+01  0.3950086757544997E+00
  0.1400337586610048E+01  0.3958078055125562E+00
  0.1400798047070508E+01  0.3965968780019598E+00
  0.1401258507530968E+01  0.3968177148124788E+00
  0.1401718967991429E+01  0.3970385516229978E+00
  0.1402179428451889E+01  0.3973411334803452E+00
  0.1402639888912350E+01  0.3976586353848001E+00
  0.1403100349372810E+01  0.3980764288026216E+00
  0.1403560809833271E+01  0.3985427503720724E+00
  0.1404021270293731E+01  0.3988690834206380E+00
  0.1404481730754192E+01  0.3990566399701447E+00
  0.1404942191214652E+01  0.3994247222138789E+00
  0.1405402651675113E+01  0.4001586065222320E+00
  0.1405863112135573E+01  0.4007974140072783E+00
  0.1406323572596033E+01  0.4009321840865733E+00
  0.1406784033056494E+01  0.4010669541658684E+00
  0.1407244493516954E+01  0.4010557345609352E+00
  0.1407704953977415E+01  0.4010425855769155E+00
  0.1408165414437875E+01  0.4015222112940963E+00
  0.1408625874898336E+01  0.4021135326102155E+00
  0.1409086335358796E+01  0.4026414345879408E+00
  0.1409546795819257E+01  0.4031341988241230E+00
  0.1410007256279717E+01  0.4032526083206185E+00
  0.1410467716740178E+01  0.4029518095141464E+00
  0.1410928177200638E+01  0.4029738233480459E+00
  0.1411388637661099E+01  0.4037490666761452E+00
  0.1411849098121559E+01  0.4044664770855579E+00
  0.1412309558582020E+01  0.4047908196916972E+00
  0.1412770019042480E+01  0.4051151622978363E+00
  0.1413230479502940E+01  0.4057677479320747E+00
  0.1413690939963401E+01  0.4064352537039536E+00
  0.1414151400423861E+01  0.4065803574931595E+00
  0.1414611860884322E+01  0.4065821986887787E+00
  0.1415072321344782E+01  0.4068097259466409E+00
  0.1415532781805243E+01  0.4071797075274790E+00
  0.1415993242265703E+01  0.4076169223405413E+00
  0.1416453702726164E+01  0.4081392550879961E+00
  0.1416914163186624E+01  0.4084476707114131E+00
  0.1417374623647085E+01  0.4081764399342118E+00
  0.1417835084107545E+01  0.4080111992436207E+00
  0.1418295544568005E+01  0.4088234226850986E+00
  0.1418756005028466E+01  0.4096356461265770E+00
  0.1419216465488926E+01  0.4097014161845622E+00
  0.1419676925949387E+01  0.4097076101509074E+00
  0.1420137386409847E+01  0.4098296465952813E+00
  0.1420597846870308E+01  0.4099894069590133E+00
  0.1421058307330768E+01  0.4104659284571268E+00
  0.1421518767791229E+01  0.4111693833052446E+00
  0.1421979228251689E+01  0.4116255925894133E+00
  0.1422439688712150E+01  0.4117272857474957E+00
  0.1422900149172610E+01  0.4119332024498443E+00
  0.1423360609633071E+01  0.4124707395203121E+00
  0.1423821070093531E+01  0.4129786254206930E+00
  0.1424281530553992E+01  0.4130761773866474E+00
  0.1424741991014452E+01  0.4131737293526018E+00
  0.1425202451474912E+01  0.4128496205118564E+00
  0.1425662911935373E+01  0.4124763861402334E+00
  0.1426123372395833E+01  0.4128262284967187E+00
  0.1426583832856294E+01  0.4134518388546148E+00
  0.1427044293316754E+01  0.4137650439863093E+00
  0.1427504753777215E+01  0.4138248810999038E+00
  0.1427965214237675E+01  0.4138705193704612E+00
  0.1428425674698136E+01  0.4138930338109295E+00
  0.1428886135158596E+01  0.4141235490143916E+00
  0.1429346595619057E+01  0.4151427337775364E+00
  0.1429807056079517E+01  0.4161276776167709E+00
  0.1430267516539977E+01  0.4162203432623334E+00
  0.1430727977000438E+01  0.4163130089078960E+00
  0.1431188437460898E+01  0.4165868585195189E+00
  0.1431648897921359E+01  0.4168889327690706E+00
  0.1432109358381819E+01  0.4167030209970602E+00
  0.1432569818842280E+01  0.4163014163440459E+00
  0.1433030279302740E+01  0.4162125816502432E+00
  0.1433490739763201E+01  0.4164104527523842E+00
  0.1433951200223661E+01  0.4166784410914736E+00
  0.1434411660684122E+01  0.4170766471563241E+00
  0.1434872121144582E+01  0.4173622215918339E+00
  0.1435332581605043E+01  0.4171285916872121E+00
  0.1435793042065503E+01  0.4168965038808932E+00
  0.1436253502525964E+01  0.4168993290493955E+00
  0.1436713962986424E+01  0.4169021542178979E+00
  0.1437174423446884E+01  0.4173541444299201E+00
  0.1437634883907345E+01  0.4178950318901388E+00
  0.1438095344367805E+01  0.4181146499706602E+00
  0.1438555804828266E+01  0.4181710000057612E+00
  0.1439016265288726E+01  0.4181817837340278E+00
  0.1439476725749187E+01  0.4181453881888464E+00
  0.1439937186209647E+01  0.4182882059434249E+00
  0.1440397646670108E+01  0.4188126139213023E+00
  0.1440858107130568E+01  0.4192065161610335E+00
  0.1441318567591028E+01  0.4188480912043943E+00
  0.1441779028051489E+01  0.4184896662477549E+00
  0.1442239488511949E+01  0.4187901155280013E+00
  0.1442699948972410E+01  0.4191067064933386E+00
  0.1443160409432870E+01  0.4193870881732115E+00
  0.1443620869893331E+01  0.4196586621890528E+00
  0.1444081330353791E+01  0.4199084855143385E+00
  0.1444541790814252E+01  0.4201456769952810E+00
  0.1445002251274712E+01  0.4200824404390470E+00
  0.1445462711735173E+01  0.4196677597638523E+00
  0.1445923172195633E+01  0.4194690127492591E+00
  0.1446383632656093E+01  0.4198011702987016E+00
  0.1446844093116554E+01  0.4200795187543062E+00
  0.1447304553577014E+01  0.4199533025414252E+00
  0.1447765014037475E+01  0.4198270863285442E+00
  0.1448225474497935E+01  0.4204960678899360E+00
  0.1448685934958396E+01  0.4212107504728375E+00
  0.1449146395418856E+01  0.4209738367765008E+00
  0.1449606855879317E+01  0.4204589286615104E+00
  0.1450067316339777E+01  0.4202200980932381E+00
  0.1450527776800238E+01  0.4201636581063717E+00
  0.1450988237260698E+01  0.4203497747655596E+00
  0.1451448697721159E+01  0.4208568502190213E+00
  0.1451909158181619E+01  0.4212202884466265E+00
  0.1452369618642080E+01  0.4211721275648446E+00
  0.1452830079102540E+01  0.4210638843346668E+00
  0.1453290539563000E+01  0.4203247764463358E+00
  0.1453751000023461E+01  0.4195856685580044E+00
  0.1454211460483921E+01  0.4191155903431112E+00
  0.1454671920944382E+01  0.4186704341169684E+00
  0.1455132381404842E+01  0.4189724581141699E+00
  0.1455592841865303E+01  0.4195322811358001E+00
  0.1456053302325763E+01  0.4194705812952980E+00
  0.1456513762786224E+01  0.4189433301093966E+00
  0.1456974223246684E+01  0.4185870407149608E+00
  0.1457434683707145E+01  0.4184871940077236E+00
  0.1457895144167605E+01  0.4184633715490907E+00
  0.1458355604628065E+01  0.4186965834547866E+00
  0.1458816065088526E+01  0.4188939028008535E+00
  0.1459276525548987E+01  0.4184920924977308E+00
  0.1459736986009447E+01  0.4180902821946083E+00
  0.1460197446469907E+01  0.4173256790907499E+00
  0.1460657906930368E+01  0.4165138326983440E+00
  0.1461118367390828E+01  0.4158905740956240E+00
  0.1461578827851289E+01  0.4153432105789977E+00
  0.1462039288311749E+01  0.4150145325680370E+00
  0.1462499748772210E+01  0.4148711663711148E+00
  0.1462960209232670E+01  0.4146971831345682E+00
  0.1463420669693131E+01  0.4144709708304271E+00
  0.1463881130153591E+01  0.4142994213025140E+00
  0.1464341590614052E+01  0.4143495263287560E+00
  0.1464802051074512E+01  0.4143991320105271E+00
  0.1465262511534972E+01  0.4144300954987202E+00
  0.1465722971995433E+01  0.4144610589869134E+00
  0.1466183432455893E+01  0.4137016225612526E+00
  0.1466643892916354E+01  0.4128074360230515E+00
  0.1467104353376814E+01  0.4124593839841960E+00
  0.1467564813837275E+01  0.4123652670947172E+00
  0.1468025274297735E+01  0.4123209878171551E+00
  0.1468485734758196E+01  0.4123244254020663E+00
  0.1468946195218656E+01  0.4121620290511889E+00
  0.1469406655679117E+01  0.4116764691331342E+00
  0.1469867116139577E+01  0.4111552665382049E+00
  0.1470327576600037E+01  0.4104567763427190E+00
  0.1470788037060498E+01  0.4097582861472328E+00
  0.1471248497520958E+01  0.4096062869094931E+00
  0.1471708957981419E+01  0.4094566740951496E+00
  0.1472169418441879E+01  0.4097458862273595E+00
  0.1472629878902340E+01  0.4101288841660887E+00
  0.1473090339362800E+01  0.4098358130610589E+00
  0.1473550799823261E+01  0.4091821717993579E+00
  0.1474011260283721E+01  0.4092460435833469E+00
  0.1474471720744182E+01  0.4100858683895992E+00
  0.1474932181204642E+01  0.4105157458964251E+00
  0.1475392641665103E+01  0.4100275724087622E+00
  0.1475853102125563E+01  0.4096410682872673E+00
  0.1476313562586024E+01  0.4098952425525778E+00
  0.1476774023046484E+01  0.4101494168178884E+00
  0.1477234483506944E+01  0.4102262299149313E+00
  0.1477694943967405E+01  0.4102966516185231E+00
  0.1478155404427865E+01  0.4103718071526190E+00
  0.1478615864888326E+01  0.4104481947795858E+00
  0.1479076325348786E+01  0.4105501857597537E+00
  0.1479536785809247E+01  0.4106677536051555E+00
  0.1479997246269707E+01  0.4106365149338573E+00
  0.1480457706730168E+01  0.4104234016310368E+00
  0.1480918167190628E+01  0.4103542021424925E+00
  0.1481378627651089E+01  0.4106582791097267E+00
  0.1481839088111549E+01  0.4109652587651684E+00
  0.1482299548572009E+01  0.4112965854584318E+00
  0.1482760009032470E+01  0.4116279121516955E+00
  0.1483220469492931E+01  0.4116250367606650E+00
  0.1483680929953391E+01  0.4115988449451490E+00
  0.1484141390413851E+01  0.4121053291932389E+00
  0.1484601850874312E+01  0.4127772313642150E+00
  0.1485062311334772E+01  0.4137402667150822E+00
  0.1485522771795233E+01  0.4149045264696971E+00
  0.1485983232255693E+01  0.4154216488543388E+00
  0.1486443692716154E+01  0.4150435086597927E+00
  0.1486904153176614E+01  0.4148790099311980E+00
  0.1487364613637075E+01  0.4153629317922448E+00
  0.1487825074097535E+01  0.4158280457481525E+00
  0.1488285534557996E+01  0.4160647779987994E+00
  0.1488745995018456E+01  0.4163015102494462E+00
  0.1489206455478916E+01  0.4165680768431179E+00
  0.1489666915939377E+01  0.4168377989923018E+00
  0.1490127376399837E+01  0.4171621321493574E+00
  0.1490587836860298E+01  0.4175063975140342E+00
  0.1491048297320758E+01  0.4181261818476105E+00
  0.1491508757781219E+01  0.4189616825831940E+00
  0.1491969218241679E+01  0.4195353064017681E+00
  0.1492429678702140E+01  0.4196978273506237E+00
  0.1492890139162600E+01  0.4198710372073585E+00
  0.1493350599623060E+01  0.4200827271324586E+00
  0.1493811060083521E+01  0.4203022358468096E+00
  0.1494271520543981E+01  0.4206851944888320E+00
  0.1494731981004442E+01  0.4210681531308547E+00
  0.1495192441464902E+01  0.4216487384570715E+00
  0.1495652901925363E+01  0.4222578370859831E+00
  0.1496113362385823E+01  0.4228208150064900E+00
  0.1496573822846284E+01  0.4233642308927817E+00
  0.1497034283306744E+01  0.4235624608867377E+00
  0.1497494743767205E+01  0.4234551164841996E+00
  0.1497955204227665E+01  0.4235563126955846E+00
  0.1498415664688126E+01  0.4240303542470146E+00
  0.1498876125148586E+01  0.4246298695259949E+00
  0.1499336585609047E+01  0.4257750496201367E+00
  0.1499797046069507E+01  0.4269063906629807E+00
  0.1500257506529967E+01  0.4271421473861410E+00
  0.1500717966990428E+01  0.4273779041093014E+00
  0.1501178427450888E+01  0.4274143142242378E+00
  0.1501638887911349E+01  0.4274137321850709E+00
  0.1502099348371809E+01  0.4275125669718398E+00
  0.1502559808832270E+01  0.4276599840910240E+00
  0.1503020269292730E+01  0.4280963898436996E+00
  0.1503480729753191E+01  0.4288217842298671E+00
  0.1503941190213651E+01  0.4293740954998526E+00
  0.1504401650674112E+01  0.4295722168168561E+00
  0.1504862111134572E+01  0.4297826723911277E+00
  0.1505322571595032E+01  0.4300595959073422E+00
  0.1505783032055493E+01  0.4303365194235569E+00
  0.1506243492515953E+01  0.4310419617431823E+00
  0.1506703952976414E+01  0.4317540257661719E+00
  0.1507164413436874E+01  0.4318990138421058E+00
  0.1507624873897335E+01  0.4319136047751339E+00
  0.1508085334357795E+01  0.4322959459915071E+00
  0.1508545794818256E+01  0.4328839780443274E+00
  0.1509006255278716E+01  0.4334371639291061E+00
  0.1509466715739177E+01  0.4339509865499857E+00
  0.1509927176199637E+01  0.4344095116745386E+00
  0.1510387636660098E+01  0.4347376638697956E+00
  0.1510848097120558E+01  0.4350050729216031E+00
  0.1511308557581019E+01  0.4348514691515708E+00
  0.1511769018041479E+01  0.4346978653815387E+00
  0.1512229478501939E+01  0.4353283909912766E+00
  0.1512689938962400E+01  0.4359964262068807E+00
  0.1513150399422860E+01  0.4363393358226552E+00
  0.1513610859883321E+01  0.4365919327718102E+00
  0.1514071320343781E+01  0.4363974149200027E+00
  0.1514531780804242E+01  0.4359180801665140E+00
  0.1514992241264702E+01  0.4358129169065601E+00
  0.1515452701725163E+01  0.4361856558512199E+00
  0.1515913162185623E+01  0.4364789788617303E+00
  0.1516373622646084E+01  0.4365547151258313E+00
  0.1516834083106544E+01  0.4366838441882847E+00
  0.1517294543567004E+01  0.4373177778897039E+00
  0.1517755004027465E+01  0.4379517115911236E+00
  0.1518215464487925E+01  0.4373062162182474E+00
  0.1518675924948386E+01  0.4365553560980757E+00
  0.1519136385408846E+01  0.4367841110300326E+00
  0.1519596845869307E+01  0.4373356293028646E+00
  0.1520057306329767E+01  0.4373463449014535E+00
  0.1520517766790228E+01  0.4369661432111701E+00
  0.1520978227250688E+01  0.4366027228451752E+00
  0.1521438687711149E+01  0.4362635818419811E+00
  0.1521899148171609E+01  0.4362378244980218E+00
  0.1522359608632069E+01  0.4372212200383893E+00
  0.1522820069092530E+01  0.4380916826664691E+00
  0.1523280529552991E+01  0.4373434402184162E+00
  0.1523740990013451E+01  0.4365951977703635E+00
  0.1524201450473911E+01  0.4360957723389471E+00
  0.1524661910934372E+01  0.4356260112233830E+00
  0.1525122371394832E+01  0.4357263492175072E+00
  0.1525582831855293E+01  0.4360464844587401E+00
  0.1526043292315753E+01  0.4362586115669321E+00
  0.1526503752776214E+01  0.4363823683844543E+00
  0.1526964213236674E+01  0.4363969376236596E+00
  0.1527424673697135E+01  0.4362320376249418E+00
  0.1527885134157595E+01  0.4360392922973296E+00
  0.1528345594618056E+01  0.4357395622850175E+00
  0.1528806055078516E+01  0.4354257266625298E+00
  0.1529266515538976E+01  0.4347204603576665E+00
  0.1529726975999437E+01  0.4340151940528033E+00
  0.1530187436459897E+01  0.4345153594159238E+00
  0.1530647896920358E+01  0.4352068149429821E+00
  0.1531108357380818E+01  0.4351043358586953E+00
  0.1531568817841279E+01  0.4346473325139968E+00
  0.1532029278301739E+01  0.4343387879118645E+00
  0.1532489738762200E+01  0.4341675210591348E+00
  0.1532950199222660E+01  0.4338567481257188E+00
  0.1533410659683121E+01  0.4332844012910165E+00
  0.1533871120143581E+01  0.4328591034525895E+00
  0.1534331580604042E+01  0.4331218496831562E+00
  0.1534792041064502E+01  0.4333833829537341E+00
  0.1535252501524963E+01  0.4333671483869027E+00
  0.1535712961985423E+01  0.4333509138200712E+00
  0.1536173422445883E+01  0.4330158162164788E+00
  0.1536633882906344E+01  0.4326166129893081E+00
  0.1537094343366804E+01  0.4328227586096306E+00
  0.1537554803827265E+01  0.4333395437701144E+00
  0.1538015264287725E+01  0.4334035821752865E+00
  0.1538475724748186E+01  0.4329947517471335E+00
  0.1538936185208646E+01  0.4325698989804361E+00
  0.1539396645669107E+01  0.4321105872116630E+00
  0.1539857106129567E+01  0.4317058360686944E+00
  0.1540317566590027E+01  0.4316211196412640E+00
  0.1540778027050488E+01  0.4315364032138337E+00
  0.1541238487510948E+01  0.4315361727882303E+00
  0.1541698947971409E+01  0.4315382053805329E+00
  0.1542159408431869E+01  0.4314445174811093E+00
  0.1542619868892330E+01  0.4313272237151625E+00
  0.1543080329352790E+01  0.4314234724530153E+00
  0.1543540789813251E+01  0.4316449012793023E+00
  0.1544001250273711E+01  0.4315517375590402E+00
  0.1544461710734172E+01  0.4310873248146519E+00
  0.1544922171194632E+01  0.4307647243900052E+00
  0.1545382631655093E+01  0.4307945060932021E+00
  0.1545843092115553E+01  0.4308290731836788E+00
  0.1546303552576013E+01  0.4309003884368510E+00
  0.1546764013036474E+01  0.4309717036900232E+00
  0.1547224473496934E+01  0.4307189868434339E+00
  0.1547684933957395E+01  0.4304468579355687E+00
  0.1548145394417855E+01  0.4309231245197443E+00
  0.1548605854878316E+01  0.4316207475170589E+00
  0.1549066315338776E+01  0.4312608544741868E+00
  0.1549526775799237E+01  0.4301959507378576E+00
  0.1549987236259697E+01  0.4297705457594209E+00
  0.1550447696720158E+01  0.4301988878537043E+00
  0.1550908157180618E+01  0.4302851833849038E+00
  0.1551368617641079E+01  0.4293801236230964E+00
  0.1551829078101539E+01  0.4286005879043759E+00
  0.1552289538561999E+01  0.4291760681379450E+00
  0.1552749999022460E+01  0.4297515483715141E+00
  0.1553210459482920E+01  0.4292704315374593E+00
  0.1553670919943381E+01  0.4286886864112492E+00
  0.1554131380403841E+01  0.4288295385628185E+00
  0.1554591840864302E+01  0.4292225580928501E+00
  0.1555052301324762E+01  0.4288877811657759E+00
  0.1555512761785223E+01  0.4280029901222633E+00
  0.1555973222245683E+01  0.4273140861274716E+00
  0.1556433682706144E+01  0.4269216887583395E+00
  0.1556894143166604E+01  0.4265956905649524E+00
  0.1557354603627064E+01  0.4264969818577700E+00
  0.1557815064087525E+01  0.4264033680554858E+00
  0.1558275524547986E+01  0.4263984055984299E+00
  0.1558735985008446E+01  0.4263934431413740E+00
  0.1559196445468906E+01  0.4263935297439185E+00
  0.1559656905929367E+01  0.4263942878962620E+00
  0.1560117366389827E+01  0.4261444580884457E+00
  0.1560577826850288E+01  0.4257927071836839E+00
  0.1561038287310748E+01  0.4258215120555755E+00
  0.1561498747771209E+01  0.4261756307365423E+00
  0.1561959208231669E+01  0.4260448491918136E+00
  0.1562419668692130E+01  0.4250791211046155E+00
  0.1562880129152590E+01  0.4244084681810335E+00
  0.1563340589613051E+01  0.4249509020412057E+00
  0.1563801050073511E+01  0.4254765943632302E+00
  0.1564261510533971E+01  0.4253189275372314E+00
  0.1564721970994432E+01  0.4251612607112327E+00
  0.1565182431454892E+01  0.4252176372258257E+00
  0.1565642891915353E+01  0.4253111437076643E+00
  0.1566103352375813E+01  0.4256281185666159E+00
  0.1566563812836274E+01  0.4260500450275984E+00
  0.1567024273296734E+01  0.4262733824076806E+00
  0.1567484733757195E+01  0.4263049200771497E+00
  0.1567945194217655E+01  0.4263887661759274E+00
  0.1568405654678116E+01  0.4265755417646345E+00
  0.1568866115138576E+01  0.4267690696272831E+00
  0.1569326575599036E+01  0.4269967142424765E+00
  0.1569787036059497E+01  0.4272243588576701E+00
  0.1570247496519957E+01  0.4273284850605295E+00
  0.1570707956980418E+01  0.4274318004204195E+00
  0.1571168417440878E+01  0.4278612676154435E+00
  0.1571628877901339E+01  0.4283614873249673E+00
  0.1572089338361799E+01  0.4292574705151191E+00
  0.1572549798822260E+01  0.4303665571179165E+00
  0.1573010259282720E+01  0.4307384600740217E+00
  0.1573470719743181E+01  0.4303061626882815E+00
  0.1573931180203641E+01  0.4303099375290215E+00
  0.1574391640664102E+01  0.4313002871232876E+00
  0.1574852101124562E+01  0.4321319290689745E+00
  0.1575312561585023E+01  0.4319447703028141E+00
  0.1575773022045483E+01  0.4317576115366538E+00
  0.1576233482505943E+01  0.4327780381035806E+00
  0.1576693942966404E+01  0.4338448054169234E+00
  0.1577154403426864E+01  0.4343329499609591E+00
  0.1577614863887325E+01  0.4346684906977043E+00
  0.1578075324347785E+01  0.4347433121957188E+00
  0.1578535784808246E+01  0.4346580429331091E+00
  0.1578996245268706E+01  0.4349968162758741E+00
  0.1579456705729167E+01  0.4358584382679843E+00
  0.1579917166189627E+01  0.4366455625152999E+00
  0.1580377626650088E+01  0.4372373501561845E+00
  0.1580838087110548E+01  0.4377868471536428E+00
  0.1581298547571008E+01  0.4379733494616896E+00
  0.1581759008031469E+01  0.4381598517697366E+00
  0.1582219468491930E+01  0.4386209727565653E+00
  0.1582679928952390E+01  0.4391019379835854E+00
  0.1583140389412850E+01  0.4397393953352167E+00
  0.1583600849873311E+01  0.4404260359260112E+00
  0.1584061310333771E+01  0.4410964237564218E+00
  0.1584521770794232E+01  0.4417554766358631E+00
  0.1584982231254692E+01  0.4422105359729459E+00
  0.1585442691715153E+01  0.4423808543238190E+00
  0.1585903152175613E+01  0.4423731993481929E+00
  0.1586363612636074E+01  0.4418190245115466E+00
  0.1586824073096534E+01  0.4413671238709145E+00
  0.1587284533556995E+01  0.4421966587450501E+00
  0.1587744994017455E+01  0.4430261936191854E+00
  0.1588205454477915E+01  0.4428416532152810E+00
  0.1588665914938376E+01  0.4425471528414685E+00
  0.1589126375398836E+01  0.4428692949346039E+00
  0.1589586835859297E+01  0.4434190074619703E+00
  0.1590047296319757E+01  0.4436452058405054E+00
  0.1590507756780218E+01  0.4436158658057616E+00
  0.1590968217240678E+01  0.4438134226975489E+00
  0.1591428677701139E+01  0.4443704455066501E+00
  0.1591889138161599E+01  0.4448527786343727E+00
  0.1592349598622059E+01  0.4450627584794926E+00
  0.1592810059082520E+01  0.4452566727288154E+00
  0.1593270519542980E+01  0.4450971438705972E+00
  0.1593730980003441E+01  0.4449376150123788E+00
  0.1594191440463901E+01  0.4446784806423052E+00
  0.1594651900924362E+01  0.4444046910971702E+00
  0.1595112361384822E+01  0.4444282566930747E+00
  0.1595572821845283E+01  0.4445792602065677E+00
  0.1596033282305743E+01  0.4450899506134159E+00
  0.1596493742766204E+01  0.4459218428962235E+00
  0.1596954203226664E+01  0.4463901508134583E+00
  0.1597414663687124E+01  0.4462022332903917E+00
  0.1597875124147585E+01  0.4460550434990723E+00
  0.1598335584608046E+01  0.4460875348772263E+00
  0.1598796045068506E+01  0.4461095677619822E+00
  0.1599256505528966E+01  0.4453402413129299E+00
  0.1599716965989427E+01  0.4445709148638776E+00
  0.1600177426449887E+01  0.4454838601729666E+00
  0.1600637886910348E+01  0.4467141332297145E+00
  0.1601098347370808E+01  0.4468108462567240E+00
  0.1601558807831269E+01  0.4463481400482768E+00
  0.1602019268291729E+01  0.4461329827719111E+00
  0.1602479728752190E+01  0.4461675364270336E+00
  0.1602940189212650E+01  0.4461339038633569E+00
  0.1603400649673111E+01  0.4459593531141626E+00
  0.1603861110133571E+01  0.4459075561498314E+00
  0.1604321570594031E+01  0.4465283116124274E+00
  0.1604782031054492E+01  0.4471490670750234E+00
  0.1605242491514952E+01  0.4471296566458947E+00
  0.1605702951975413E+01  0.4470989158470007E+00
  0.1606163412435873E+01  0.4471443173611218E+00
  0.1606623872896334E+01  0.4472074786104500E+00
  0.1607084333356794E+01  0.4471200816278059E+00
  0.1607544793817255E+01  0.4469476755754086E+00
  0.1608005254277715E+01  0.4467729241719698E+00
  0.1608465714738176E+01  0.4465955001592046E+00
  0.1608926175198636E+01  0.4465361631755963E+00
  0.1609386635659097E+01  0.4467581511732151E+00
  0.1609847096119557E+01  0.4469511875859286E+00
  0.1610307556580018E+01  0.4469395312141368E+00
  0.1610768017040478E+01  0.4469278748423450E+00
  0.1611228477500938E+01  0.4470636283688256E+00
  0.1611688937961399E+01  0.4472067860454476E+00
  0.1612149398421859E+01  0.4467958769389845E+00
  0.1612609858882320E+01  0.4462290883197313E+00
  0.1613070319342780E+01  0.4463086252224570E+00
  0.1613530779803241E+01  0.4468036571035982E+00
  0.1613991240263701E+01  0.4471158591586142E+00
  0.1614451700724162E+01  0.4471924745222556E+00
  0.1614912161184622E+01  0.4473066586469148E+00
  0.1615372621645083E+01  0.4475249267160334E+00
  0.1615833082105543E+01  0.4477284335022235E+00
  0.1616293542566003E+01  0.4477887901725727E+00
  0.1616754003026464E+01  0.4478491468429218E+00
  0.1617214463486924E+01  0.4483198591710077E+00
  0.1617674923947385E+01  0.4488254130172036E+00
  0.1618135384407845E+01  0.4478769209826076E+00
  0.1618595844868306E+01  0.4464437469877470E+00
  0.1619056305328766E+01  0.4462505308061797E+00
  0.1619516765789227E+01  0.4469616447591198E+00
  0.1619977226249687E+01  0.4469874754999257E+00
  0.1620437686710148E+01  0.4460128660433373E+00
  0.1620898147170608E+01  0.4454587624208101E+00
  0.1621358607631068E+01  0.4462751963315177E+00
  0.1621819068091529E+01  0.4469910567980048E+00
  0.1622279528551990E+01  0.4462121878003805E+00
  0.1622739989012450E+01  0.4454333188027566E+00
  0.1623200449472910E+01  0.4453878595311676E+00
  0.1623660909933371E+01  0.4454318404700709E+00
  0.1624121370393831E+01  0.4452547134886798E+00
  0.1624581830854292E+01  0.4449914145383524E+00
  0.1625042291314752E+01  0.4447314088881499E+00
  0.1625502751775213E+01  0.4444741215174159E+00
  0.1625963212235673E+01  0.4440973841261613E+00
  0.1626423672696134E+01  0.4435224839841000E+00
  0.1626884133156594E+01  0.4431875846259050E+00
  0.1627344593617055E+01  0.4437871564048899E+00
  0.1627805054077515E+01  0.4443542123886890E+00
  0.1628265514537975E+01  0.4439566331152956E+00
  0.1628725974998436E+01  0.4435590538419023E+00
  0.1629186435458896E+01  0.4429763661758592E+00
  0.1629646895919357E+01  0.4423637620019128E+00
  0.1630107356379817E+01  0.4422576519280879E+00
  0.1630567816840278E+01  0.4423800234199328E+00
  0.1631028277300738E+01  0.4425190116472251E+00
  0.1631488737761199E+01  0.4426734995185062E+00
  0.1631949198221659E+01  0.4428836624755794E+00
  0.1632409658682120E+01  0.4431992229221079E+00
  0.1632870119142580E+01  0.4433817988579786E+00
  0.1633330579603041E+01  0.4429326983682229E+00
  0.1633791040063501E+01  0.4424849289651048E+00
  0.1634251500523962E+01  0.4426481283285650E+00
  0.1634711960984422E+01  0.4428113276920252E+00
  0.1635172421444882E+01  0.4433706275675656E+00
  0.1635632881905343E+01  0.4440108066052585E+00
  0.1636093342365803E+01  0.4441393775626168E+00
  0.1636553802826264E+01  0.4440028578644879E+00
  0.1637014263286724E+01  0.4440787462458793E+00
  0.1637474723747185E+01  0.4443784217110512E+00
  0.1637935184207645E+01  0.4445417253958983E+00
  0.1638395644668106E+01  0.4444087731441775E+00
  0.1638856105128566E+01  0.4443857950430452E+00
  0.1639316565589026E+01  0.4450193292954286E+00
  0.1639777026049487E+01  0.4456528635478120E+00
  0.1640237486509947E+01  0.4452344656222481E+00
  0.1640697946970408E+01  0.4447854745908379E+00
  0.1641158407430868E+01  0.4450519056782180E+00
  0.1641618867891329E+01  0.4454971922952958E+00
  0.1642079328351789E+01  0.4456191831880825E+00
  0.1642539788812250E+01  0.4455498814550774E+00
  0.1643000249272710E+01  0.4456869921033560E+00
  0.1643460709733171E+01  0.4460698317769724E+00
  0.1643921170193631E+01  0.4459522644282302E+00
  0.1644381630654091E+01  0.4445779496721909E+00
  0.1644842091114552E+01  0.4435257795046997E+00
  0.1645302551575012E+01  0.4450012053396752E+00
  0.1645763012035473E+01  0.4464766311746514E+00
  0.1646223472495933E+01  0.4464112641835208E+00
  0.1646683932956394E+01  0.4462498200415706E+00
  0.1647144393416854E+01  0.4468349168069680E+00
  0.1647604853877315E+01  0.4476435540700462E+00
  0.1648065314337775E+01  0.4477497026314665E+00
  0.1648525774798236E+01  0.4473832678844992E+00
  0.1648986235258696E+01  0.4473322016838892E+00
  0.1649446695719157E+01  0.4477059176069449E+00
  0.1649907156179617E+01  0.4481075746781488E+00
  0.1650367616640078E+01  0.4485911446879415E+00
  0.1650828077100538E+01  0.4490449646485385E+00
  0.1651288537560998E+01  0.4491684024838558E+00
  0.1651748998021459E+01  0.4492918403191731E+00
  0.1652209458481919E+01  0.4501943227135660E+00
  0.1652669918942380E+01  0.4511730361984653E+00
  0.1653130379402840E+01  0.4515802780291418E+00
  0.1653590839863301E+01  0.4517858239818575E+00
  0.1654051300323761E+01  0.4518448765861349E+00
  0.1654511760784222E+01  0.4517922350281933E+00
  0.1654972221244682E+01  0.4513116303479578E+00
  0.1655432681705143E+01  0.4501773237556476E+00
  0.1655893142165603E+01  0.4491582806851834E+00
  0.1656353602626063E+01  0.4485387432195667E+00
  0.1656814063086524E+01  0.4478710162625499E+00
  0.1657274523546985E+01  0.4463278468784319E+00
  0.1657734984007445E+01  0.4447846774943147E+00
  0.1658195444467905E+01  0.4418942698002154E+00
  0.1658655904928366E+01  0.4388209038171075E+00
  0.1659116365388826E+01  0.4347077687056388E+00
  0.1659576825849287E+01  0.4301672438297539E+00
  0.1660037286309747E+01  0.4252965139222883E+00
  0.1660497746770208E+01  0.4201410323074286E+00
  0.1660958207230668E+01  0.4140090966338603E+00
  0.1661418667691129E+01  0.4061799908106249E+00
  0.1661879128151589E+01  0.3981553551733725E+00
  0.1662339588612050E+01  0.3893156458169943E+00
  0.1662800049072510E+01  0.3804156854251819E+00
  0.1663260509532970E+01  0.3688044284386338E+00
  0.1663720969993431E+01  0.3571931714520857E+00
  0.1664181430453891E+01  0.3455586516166774E+00
  0.1664641890914352E+01  0.3339200265726402E+00
  0.1665102351374812E+01  0.3217056509368775E+00
  0.1665562811835273E+01  0.3092181628409287E+00
  0.1666023272295733E+01  0.2961642908288181E+00
  0.1666483732756194E+01  0.2825586198940817E+00
  0.1666944193216654E+01  0.2692312012707992E+00
  0.1667404653677115E+01  0.2564566736040476E+00
  0.1667865114137575E+01  0.2435715573570558E+00
  0.1668325574598035E+01  0.2301187530648698E+00
  0.1668786035058496E+01  0.2166659487726774E+00
  0.1669246495518956E+01  0.2037201664390653E+00
  0.1669706955979417E+01  0.1907788316664869E+00
  0.1670167416439877E+01  0.1793304706397058E+00
  0.1670627876900338E+01  0.1682108014455593E+00
  0.1671088337360798E+01  0.1572718142840472E+00
  0.1671548797821259E+01  0.1464310502409499E+00
  0.1672009258281719E+01  0.1363322145300138E+00
  0.1672469718742180E+01  0.1270498387645095E+00
  0.1672930179202640E+01  0.1181075343714837E+00
  0.1673390639663101E+01  0.1099425359727048E+00
  0.1673851100123561E+01  0.1019850582414743E+00
  0.1674311560584022E+01  0.9538496979467370E-01
  0.1674772021044482E+01  0.8878488134787309E-01
  0.1675232481504942E+01  0.8358720516889134E-01
  0.1675692941965403E+01  0.7844664080172044E-01
  0.1676153402425863E+01  0.7368179677029220E-01
  0.1676613862886324E+01  0.6901735183684561E-01
  0.1677074323346784E+01  0.6499928005732299E-01
  0.1677534783807245E+01  0.6138177755628500E-01
  0.1677995244267705E+01  0.5777561097768814E-01
  0.1678455704728166E+01  0.5418354518066611E-01
  0.1678916165188626E+01  0.5079148147949981E-01
  0.1679376625649087E+01  0.4792958206417217E-01
  0.1679837086109547E+01  0.4510184772146378E-01
  0.1680297546570007E+01  0.4257432986794302E-01
  0.1680758007030468E+01  0.4004681201442103E-01
  0.1681218467490929E+01  0.3809928975769486E-01
  0.1681678927951389E+01  0.3619513165773926E-01
  0.1682139388411849E+01  0.3420301269009109E-01
  0.1682599848872310E+01  0.3218291762985427E-01
  0.1683060309332770E+01  0.3043575265608344E-01
  0.1683520769793231E+01  0.2888064959501226E-01
  0.1683981230253691E+01  0.2729093422658330E-01
  0.1684441690714152E+01  0.2565247168182427E-01
  0.1684902151174612E+01  0.2401220985261520E-01
  0.1685362611635073E+01  0.2236635738957594E-01
  0.1685823072095533E+01  0.2073505369398112E-01
  0.1686283532555994E+01  0.1929200223167223E-01
  0.1686743993016454E+01  0.1784895076936403E-01
  0.1687204453476914E+01  0.1654760554030132E-01
  0.1687664913937375E+01  0.1526200544826598E-01
  0.1688125374397835E+01  0.1408923760305938E-01
  0.1688585834858296E+01  0.1295857134248959E-01
  0.1689046295318756E+01  0.1195862682589176E-01
  0.1689506755779217E+01  0.1106285119902066E-01
  0.1689967216239677E+01  0.1021636571990092E-01
  0.1690427676700138E+01  0.9448688782100149E-02
  0.1690888137160598E+01  0.8709127058004352E-02
  0.1691348597621058E+01  0.8073419490655641E-02
  0.1691809058081519E+01  0.7440924699035907E-02
  0.1692269518541979E+01  0.6883000123027710E-02
  0.1692729979002440E+01  0.6325075547019244E-02
  0.1693190439462900E+01  0.5872236628003309E-02
  0.1693650899923361E+01  0.5435160557535981E-02
  0.1694111360383821E+01  0.5038890007782015E-02
  0.1694571820844282E+01  0.4660289138337142E-02
  0.1695032281304742E+01  0.4310151417269882E-02
  0.1695492741765203E+01  0.3985654053005909E-02
  0.1695953202225663E+01  0.3686712764366874E-02
  0.1696413662686123E+01  0.3434336840517285E-02
  0.1696874123146584E+01  0.3186757647657597E-02
  0.1697334583607045E+01  0.2960649536372301E-02
  0.1697795044067505E+01  0.2734989381131381E-02
  0.1698255504527965E+01  0.2550093225919735E-02
  0.1698715964988426E+01  0.2365197070708091E-02
  0.1699176425448886E+01  0.2206814866131421E-02
  0.1699636885909347E+01  0.2053515646909613E-02
  0.1700097346369807E+01  0.1917630425425686E-02
  0.1700557806830268E+01  0.1790423841250917E-02
  0.1701018267290728E+01  0.1669851545808329E-02
  0.1701478727751189E+01  0.1556029930128191E-02
  0.1701939188211649E+01  0.1449146390295197E-02
  0.1702399648672110E+01  0.1356744337633123E-02
  0.1702860109132570E+01  0.1266430629190991E-02
  0.1703320569593030E+01  0.1187751981402793E-02
  0.1703781030053491E+01  0.1109073333614595E-02
  0.1704241490513951E+01  0.1040234194946231E-02
  0.1704701950974412E+01  0.9715914101183628E-03
  0.1705162411434872E+01  0.9133662738186035E-03
  0.1705622871895333E+01  0.8576055274932596E-03
  0.1706083332355793E+01  0.8063675416104901E-03
  0.1706543792816254E+01  0.7577073748196029E-03
  0.1707004253276714E+01  0.7118566662110196E-03
  0.1707464713737175E+01  0.6692355216812055E-03
  0.1707925174197635E+01  0.6284847474143049E-03
  0.1708385634658096E+01  0.5922367163729907E-03
  0.1708846095118556E+01  0.5566649708250628E-03
  0.1709306555579017E+01  0.5259721420507076E-03
  0.1709767016039477E+01  0.4952793132763671E-03
  0.1710227476499937E+01  0.4678556202130237E-03
  0.1710687936960398E+01  0.4406039869239581E-03
  0.1711148397420858E+01  0.4162175598066362E-03
  0.1711608857881319E+01  0.3926474763471895E-03
  0.1712069318341779E+01  0.3716281617540163E-03
  0.1712529778802240E+01  0.3522636470346454E-03
  0.1712990239262700E+01  0.3331046149392967E-03
  0.1713450699723161E+01  0.3142127102551553E-03
  0.1713911160183621E+01  0.2965050575154755E-03
  0.1714371620644082E+01  0.2821152676614921E-03
  0.1714832081104542E+01  0.2678049159650686E-03
  0.1715292541565002E+01  0.2542851630748405E-03
  0.1715753002025463E+01  0.2407654101846059E-03
  0.1716213462485923E+01  0.2291813401144755E-03
  0.1716673922946384E+01  0.2177665850900693E-03
  0.1717134383406844E+01  0.2069202369422184E-03
  0.1717594843867305E+01  0.1962655608806408E-03
  0.1718055304327765E+01  0.1867191031310516E-03
  0.1718515764788226E+01  0.1779881267808548E-03
  0.1718976225248686E+01  0.1696125197296398E-03
  0.1719436685709147E+01  0.1617604136887626E-03
  0.1719897146169607E+01  0.1541198540138240E-03
  0.1720357606630067E+01  0.1471771996396158E-03
  0.1720818067090528E+01  0.1402988281209777E-03
  0.1721278527550989E+01  0.1344122492311865E-03
  0.1721738988011449E+01  0.1285256703413982E-03
  0.1722199448471909E+01  0.1224678004271742E-03
  0.1722659908932370E+01  0.1163885714854535E-03
  0.1723120369392830E+01  0.1113852805017271E-03
  0.1723580829853291E+01  0.1068058438650877E-03
  0.1724041290313751E+01  0.1022763152859554E-03
  0.1724501750774212E+01  0.9778834361526728E-04
  0.1724962211234672E+01  0.9359467165770882E-04
  0.1725422671695133E+01  0.8989378061515264E-04
  0.1725883132155593E+01  0.8611576262998066E-04
  0.1726343592616054E+01  0.8203338348416553E-04
  0.1726804053076514E+01  0.7799963870834450E-04
  0.1727264513536974E+01  0.7551524600520371E-04
  0.1727724973997435E+01  0.7303085330206296E-04
  0.1728185434457895E+01  0.6968068715917804E-04
  0.1728645894918356E+01  0.6618805196924462E-04
  0.1729106355378816E+01  0.6370262175007784E-04
  0.1729566815839277E+01  0.6167617101126103E-04
  0.1730027276299737E+01  0.5951393915303905E-04
  0.1730487736760198E+01  0.5722394700102948E-04
  0.1730948197220658E+01  0.5488978183430521E-04
  0.1731408657681119E+01  0.5247118470274770E-04
  0.1731869118141579E+01  0.5022838988557254E-04
  0.1732329578602040E+01  0.4883345179979241E-04
  0.1733250499522961E+01  0.0000000000000000E+00
