  1000 NIRCAM_F070W        
  0.6021500244140625E+00  0.2294842594914250E+01  0.2191125781673280E+02  0.2634780995339128E+00  0.8112578167328017E+00  0.1719874958993506E-08  0.2848451047271741E+04  0.6991031752529527E+00  0.1157852296928402E-18  0.7046383806690864E+00
  0.7114333939565447E+00  0.7026816361685279E+00  0.7066005740797108E+00  0.7048406154219832E+00  0.7053027918456749E+00  0.1731689734490784E+00  0.1599556127427402E+00  0.1325350251843787E+00  0.6214323341193115E+00  0.7813879468620517E+00
  0.3282964549742072E+00  0.1325350251843787E+01  0.4672051154834365E-01  0.5346029607528676E-16  0.3371341645787063E-19  0.2539999961853027E+06  0.2676923526980680E+02  0.2703271489521961E+02  0.2758049308653960E+02
  0.6021500244140625E+00  0.0000000000000000E+00
  0.6038427169845627E+00  0.9524863666090268E-03
  0.6055354095550629E+00  0.6504140563817580E-02
  0.6072281021255631E+00  0.2180405516019812E-01
  0.6089207946960633E+00  0.4602883369922363E-01
  0.6106134872665635E+00  0.6837279947280184E-01
  0.6123061798370636E+00  0.8351350112126898E-01
  0.6139988724075638E+00  0.9242780340993821E-01
  0.6156915649780640E+00  0.9937466065403079E-01
  0.6173842575485642E+00  0.1070998905544272E+00
  0.6190769501190644E+00  0.1152142832815989E+00
  0.6207696426895646E+00  0.1219724853449515E+00
  0.6224623352600648E+00  0.1267750996926618E+00
  0.6241550278305650E+00  0.1302558112985513E+00
  0.6258477204010652E+00  0.1327978033216550E+00
  0.6275404129715654E+00  0.1344549418787587E+00
  0.6292331055420655E+00  0.1352887391832537E+00
  0.6309257981125657E+00  0.1356298594211231E+00
  0.6326184906830659E+00  0.1364890973655905E+00
  0.6343111832535661E+00  0.1396881350941442E+00
  0.6360038758240663E+00  0.1442348923445055E+00
  0.6376965683945665E+00  0.1481252200218018E+00
  0.6393892609650667E+00  0.1511102276292119E+00
  0.6410819535355669E+00  0.1538073226706198E+00
  0.6427746461060670E+00  0.1566031618940334E+00
  0.6444673386765672E+00  0.1586741130009727E+00
  0.6461600312470674E+00  0.1599924439695098E+00
  0.6478527238175675E+00  0.1616333541787872E+00
  0.6495454163880677E+00  0.1640529259162277E+00
  0.6512381089585679E+00  0.1664598445813229E+00
  0.6529308015290681E+00  0.1676769243321107E+00
  0.6546234940995683E+00  0.1679828978052704E+00
  0.6563161866700685E+00  0.1678794764163891E+00
  0.6580088792405687E+00  0.1675278532609082E+00
  0.6597015718110689E+00  0.1683314772936220E+00
  0.6613942643815691E+00  0.1700904025794062E+00
  0.6630869569520693E+00  0.1733274961426802E+00
  0.6647796495225695E+00  0.1775302861102743E+00
  0.6664723420930696E+00  0.1804537669072218E+00
  0.6681650346635698E+00  0.1812681814830924E+00
  0.6698577272340700E+00  0.1812478644930525E+00
  0.6715504198045702E+00  0.1806164014000067E+00
  0.6732431123750704E+00  0.1802558629325588E+00
  0.6749358049455706E+00  0.1799764574150849E+00
  0.6766284975160708E+00  0.1807151204285730E+00
  0.6783211900865710E+00  0.1823863399192709E+00
  0.6800138826570712E+00  0.1857405820683509E+00
  0.6817065752275713E+00  0.1890702078646237E+00
  0.6833992677980715E+00  0.1910170476460331E+00
  0.6850919603685717E+00  0.1928094599011385E+00
  0.6867846529390719E+00  0.1945759304712574E+00
  0.6884773455095721E+00  0.1965844254706825E+00
  0.6901700380800723E+00  0.1989196369930155E+00
  0.6918627306505725E+00  0.1986008490449283E+00
  0.6935554232210727E+00  0.1950484554866270E+00
  0.6952481157915729E+00  0.1899671492794980E+00
  0.6969408083620731E+00  0.1872522442007964E+00
  0.6986335009325733E+00  0.1890755258148306E+00
  0.7003261935030733E+00  0.1945589650882564E+00
  0.7020188860735735E+00  0.2005883864199851E+00
  0.7037115786440737E+00  0.2046121736938666E+00
  0.7054042712145739E+00  0.2062367207649791E+00
  0.7070969637850741E+00  0.2073620721831275E+00
  0.7087896563555743E+00  0.2094545340999968E+00
  0.7104823489260745E+00  0.2101177456046351E+00
  0.7121750414965747E+00  0.2079580462479992E+00
  0.7138677340670749E+00  0.2046840486588553E+00
  0.7155604266375751E+00  0.2039028816495337E+00
  0.7172531192080753E+00  0.2042354626552398E+00
  0.7189458117785754E+00  0.2023634444746575E+00
  0.7206385043490756E+00  0.1989685898398011E+00
  0.7223311969195758E+00  0.1992465500068540E+00
  0.7240238894900760E+00  0.2061924880419769E+00
  0.7257165820605762E+00  0.2161157801621275E+00
  0.7274092746310764E+00  0.2241991011101274E+00
  0.7291019672015766E+00  0.2286530389055840E+00
  0.7307946597720768E+00  0.2295699243064669E+00
  0.7324873523425770E+00  0.2278345218067749E+00
  0.7341800449130771E+00  0.2239889290815703E+00
  0.7358727374835774E+00  0.2198664266173730E+00
  0.7375654300540775E+00  0.2176931887595462E+00
  0.7392581226245777E+00  0.2183261577192082E+00
  0.7409508151950779E+00  0.2197666390903666E+00
  0.7426435077655781E+00  0.2213662823890009E+00
  0.7443362003360783E+00  0.2254792960700620E+00
  0.7460288929065785E+00  0.2318262249206987E+00
  0.7477215854770787E+00  0.2381229444574352E+00
  0.7494142780475789E+00  0.2421550811690515E+00
  0.7511069706180791E+00  0.2435282065912596E+00
  0.7527996631885792E+00  0.2423350711915793E+00
  0.7544923557590795E+00  0.2376296802703108E+00
  0.7561850483295796E+00  0.2303753508594025E+00
  0.7578777409000798E+00  0.2256809663960210E+00
  0.7595704334705800E+00  0.2245331779183458E+00
  0.7612631260410802E+00  0.2257012323927870E+00
  0.7629558186115803E+00  0.2284752988838050E+00
  0.7646485111820805E+00  0.2345962141630992E+00
  0.7663412037525807E+00  0.2426529309632984E+00
  0.7680338963230808E+00  0.2477054307097246E+00
  0.7697265888935811E+00  0.2472738812855846E+00
  0.7714192814640812E+00  0.2436809944963680E+00
  0.7731119740345814E+00  0.2382359118079898E+00
  0.7748046666050816E+00  0.2302373986325899E+00
  0.7764973591755818E+00  0.2189311559978432E+00
  0.7781900517460820E+00  0.1988226037121398E+00
  0.7798827443165822E+00  0.1631731937791588E+00
  0.7815754368870824E+00  0.1189549044215864E+00
  0.7832681294575826E+00  0.7632753457869915E-01
  0.7849608220280828E+00  0.4386122976784288E-01
  0.7866535145985829E+00  0.2309500678784853E-01
  0.7883462071690832E+00  0.1151316227798416E-01
  0.7900388997395833E+00  0.5990907665779809E-02
  0.7917315923100835E+00  0.3342877343128026E-02
  0.7934242848805837E+00  0.1881626950226953E-02
  0.7951169774510839E+00  0.1080870574096228E-02
  0.7968096700215841E+00  0.6504038314564531E-03
  0.7985023625920843E+00  0.3944391370691266E-03
  0.8001950551625845E+00  0.2434712215754787E-03
  0.8018877477330847E+00  0.1552617088686572E-03
  0.8035804403035849E+00  0.1007389665154703E-03
  0.8052731328740850E+00  0.6708519336563856E-04
  0.8069658254445853E+00  0.4654173704597518E-04
  0.8086585180150854E+00  0.3326448797963703E-04
  0.8103512105855856E+00  0.2520679403024117E-04
  0.8120439031560858E+00  0.2520691344547144E-04
  0.8137365957265860E+00  0.2520703286070172E-04
  0.8154292882970862E+00  0.2520715227593199E-04
  0.8171219808675864E+00  0.2520727169116227E-04
  0.8188146734380866E+00  0.2520739110639254E-04
  0.8205073660085868E+00  0.2520751052162282E-04
  0.8222000585790870E+00  0.2520762993685310E-04
  0.8238927511495870E+00  0.2520774935208337E-04
  0.8255854437200872E+00  0.2520786876731364E-04
  0.8272781362905874E+00  0.2520798818254392E-04
  0.8289708288610876E+00  0.2520810759777419E-04
  0.8306635214315878E+00  0.2520822701300447E-04
  0.8323562140020880E+00  0.2520834642823474E-04
  0.8340489065725882E+00  0.2520846584346502E-04
  0.8357415991430884E+00  0.2520858525869529E-04
  0.8374342917135886E+00  0.2520870467392557E-04
  0.8391269842840887E+00  0.2520882408915584E-04
  0.8408196768545890E+00  0.2520894350438612E-04
  0.8425123694250891E+00  0.2520906291961639E-04
  0.8442050619955893E+00  0.2520918233484667E-04
  0.8458977545660895E+00  0.2520930175007694E-04
  0.8475904471365897E+00  0.2520942116530721E-04
  0.8492831397070899E+00  0.2520954058053749E-04
  0.8509758322775901E+00  0.2520965999576776E-04
  0.8526685248480903E+00  0.2520977941099804E-04
  0.8543612174185904E+00  0.2520989882622831E-04
  0.8560539099890907E+00  0.2521001824145859E-04
  0.8577466025595908E+00  0.2521013765668886E-04
  0.8594392951300911E+00  0.2521025707191914E-04
  0.8611319877005912E+00  0.2521037648714942E-04
  0.8628246802710915E+00  0.2521049590237969E-04
  0.8645173728415916E+00  0.2521061531760997E-04
  0.8662100654120918E+00  0.2521073473284024E-04
  0.8679027579825920E+00  0.2521085414807051E-04
  0.8695954505530922E+00  0.2521097356330079E-04
  0.8712881431235924E+00  0.2521109297853106E-04
  0.8729808356940925E+00  0.2521121239376134E-04
  0.8746735282645928E+00  0.2521133180899161E-04
  0.8763662208350929E+00  0.2521145122422189E-04
  0.8780589134055932E+00  0.2521157063945216E-04
  0.8797516059760933E+00  0.2521169005468244E-04
  0.8814442985465935E+00  0.2521180946991272E-04
  0.8831369911170937E+00  0.2521192888514299E-04
  0.8848296836875938E+00  0.2521204830037326E-04
  0.8865223762580940E+00  0.2521216771560354E-04
  0.8882150688285942E+00  0.2521228713083382E-04
  0.8899077613990944E+00  0.2521240654606409E-04
  0.8916004539695945E+00  0.2521252596129436E-04
  0.8932931465400948E+00  0.2521264537652464E-04
  0.8949858391105949E+00  0.2521276479175491E-04
  0.8966785316810952E+00  0.2521288420698519E-04
  0.8983712242515953E+00  0.2521300362221546E-04
  0.9000639168220955E+00  0.2521312303744574E-04
  0.9017566093925957E+00  0.2521324245267601E-04
  0.9034493019630959E+00  0.2521336186790628E-04
  0.9051419945335961E+00  0.2521348128313656E-04
  0.9068346871040963E+00  0.2521360069836684E-04
  0.9085273796745965E+00  0.2521372011359711E-04
  0.9102200722450966E+00  0.2521383952882738E-04
  0.9119127648155969E+00  0.2521395894405766E-04
  0.9136054573860970E+00  0.2521407835928794E-04
  0.9152981499565973E+00  0.2521419777451821E-04
  0.9169908425270974E+00  0.2521431718974848E-04
  0.9186835350975976E+00  0.2521443660497876E-04
  0.9203762276680978E+00  0.2521455602020903E-04
  0.9220689202385980E+00  0.2521467543543931E-04
  0.9237616128090982E+00  0.2521479485066959E-04
  0.9254543053795983E+00  0.2521491426589986E-04
  0.9271469979500986E+00  0.2521503368113013E-04
  0.9288396905205987E+00  0.2521515309636041E-04
  0.9305323830910990E+00  0.2521527251159068E-04
  0.9322250756615991E+00  0.2521539192682096E-04
  0.9339177682320993E+00  0.2521551134205123E-04
  0.9356104608025995E+00  0.2521563075728151E-04
  0.9373031533730997E+00  0.2521575017251179E-04
  0.9389958459435999E+00  0.2521586958774206E-04
  0.9406885385141001E+00  0.2521598900297233E-04
  0.9423812310846003E+00  0.2521610841820260E-04
  0.9440739236551003E+00  0.2521622783343288E-04
  0.9457666162256007E+00  0.2521634724866316E-04
  0.9474593087961007E+00  0.2521646666389343E-04
  0.9491520013666011E+00  0.2521658607912371E-04
  0.9508446939371011E+00  0.2521670549435398E-04
  0.9525373865076013E+00  0.2521682490958425E-04
  0.9542300790781015E+00  0.2521694432481453E-04
  0.9559227716486017E+00  0.2521706374004481E-04
  0.9576154642191019E+00  0.2521718315527508E-04
  0.9593081567896021E+00  0.2521730257050535E-04
  0.9610008493601023E+00  0.2521742198573563E-04
  0.9626935419306024E+00  0.2521754140096590E-04
  0.9643862345011027E+00  0.2521766081619618E-04
  0.9660789270716028E+00  0.2521778023142645E-04
  0.9677716196421031E+00  0.2521789964665673E-04
  0.9694643122126032E+00  0.2521801906188701E-04
  0.9711570047831034E+00  0.2521813847711728E-04
  0.9728496973536036E+00  0.2521825789234755E-04
  0.9745423899241038E+00  0.2521837730757783E-04
  0.9762350824946040E+00  0.2521849672280810E-04
  0.9779277750651042E+00  0.2521861613803837E-04
  0.9796204676356044E+00  0.2521873555326865E-04
  0.9813131602061045E+00  0.2521885496849893E-04
  0.9830058527766048E+00  0.2521897438372920E-04
  0.9846985453471049E+00  0.2521909379895948E-04
  0.9863912379176052E+00  0.2521921321418975E-04
  0.9880839304881053E+00  0.2521933262942003E-04
  0.9897766230586055E+00  0.2521945204465030E-04
  0.9914693156291057E+00  0.2521957145988058E-04
  0.9931620081996059E+00  0.2521969087511085E-04
  0.9948547007701061E+00  0.2521981029034112E-04
  0.9965473933406062E+00  0.2521992970557140E-04
  0.9982400859111065E+00  0.2522004912080168E-04
  0.9999327784816066E+00  0.2522016853603195E-04
  0.1001625471052107E+01  0.2522028795126223E-04
  0.1003318163622607E+01  0.2522040736649250E-04
  0.1005010856193107E+01  0.2522052678172278E-04
  0.1006703548763607E+01  0.2522064619695305E-04
  0.1008396241334108E+01  0.2522076561218333E-04
  0.1010088933904608E+01  0.2522088502741360E-04
  0.1011781626475108E+01  0.2522100444264388E-04
  0.1013474319045608E+01  0.2522112385787415E-04
  0.1015167011616108E+01  0.2522124327310442E-04
  0.1016859704186609E+01  0.2522136268833470E-04
  0.1018552396757109E+01  0.2522148210356497E-04
  0.1020245089327609E+01  0.2522160151879525E-04
  0.1021937781898109E+01  0.2522172093402553E-04
  0.1023630474468609E+01  0.2522184034925580E-04
  0.1025323167039109E+01  0.2522195976448607E-04
  0.1027015859609610E+01  0.2522207917971635E-04
  0.1028708552180110E+01  0.2522219859494662E-04
  0.1030401244750610E+01  0.2522231801017690E-04
  0.1032093937321110E+01  0.2522243742540717E-04
  0.1033786629891610E+01  0.2522255684063745E-04
  0.1035479322462111E+01  0.2522267625586772E-04
  0.1037172015032611E+01  0.2522279567109800E-04
  0.1038864707603111E+01  0.2522291508632827E-04
  0.1040557400173611E+01  0.2522303450155855E-04
  0.1042250092744111E+01  0.2522315391678882E-04
  0.1043942785314611E+01  0.2522327333201910E-04
  0.1045635477885112E+01  0.2522339274724937E-04
  0.1047328170455612E+01  0.2522351216247965E-04
  0.1049020863026112E+01  0.2522363157770992E-04
  0.1050713555596612E+01  0.2522375099294020E-04
  0.1052406248167112E+01  0.2522387040817047E-04
  0.1054098940737613E+01  0.2522398982340075E-04
  0.1055791633308113E+01  0.2522410923863102E-04
  0.1057484325878613E+01  0.2522422865386130E-04
  0.1059177018449113E+01  0.2522434806909157E-04
  0.1060869711019613E+01  0.2522446748432184E-04
  0.1062562403590114E+01  0.2522458689955212E-04
  0.1064255096160614E+01  0.2522470631478240E-04
  0.1065947788731114E+01  0.2522482573001267E-04
  0.1067640481301614E+01  0.2522494514524294E-04
  0.1069333173872114E+01  0.2522506456047322E-04
  0.1071025866442614E+01  0.2522518397570350E-04
  0.1072718559013115E+01  0.2522530339093377E-04
  0.1074411251583615E+01  0.2522542280616405E-04
  0.1076103944154115E+01  0.2522554222139432E-04
  0.1077796636724615E+01  0.2522566163662460E-04
  0.1079489329295115E+01  0.2522578105185487E-04
  0.1081182021865616E+01  0.2522590046708515E-04
  0.1082874714436116E+01  0.2522601988231542E-04
  0.1084567407006616E+01  0.2522613929754570E-04
  0.1086260099577116E+01  0.2522625871277597E-04
  0.1087952792147616E+01  0.2522637812800624E-04
  0.1089645484718117E+01  0.2522649754323652E-04
  0.1091338177288617E+01  0.2522661695846680E-04
  0.1093030869859117E+01  0.2522673637369707E-04
  0.1094723562429617E+01  0.2522685578892735E-04
  0.1096416255000117E+01  0.2522697520415762E-04
  0.1098108947570617E+01  0.2522709461938789E-04
  0.1099801640141118E+01  0.2522721403461817E-04
  0.1101494332711618E+01  0.2522733344984845E-04
  0.1103187025282118E+01  0.2522745286507872E-04
  0.1104879717852618E+01  0.2522757228030899E-04
  0.1106572410423118E+01  0.2522769169553927E-04
  0.1108265102993619E+01  0.2522781111076954E-04
  0.1109957795564119E+01  0.2522793052599982E-04
  0.1111650488134619E+01  0.2522804994123009E-04
  0.1113343180705119E+01  0.2522816935646037E-04
  0.1115035873275619E+01  0.2522828877169064E-04
  0.1116728565846119E+01  0.2522840818692092E-04
  0.1118421258416620E+01  0.2522852760215119E-04
  0.1120113950987120E+01  0.2522864701738147E-04
  0.1121806643557620E+01  0.2522876643261174E-04
  0.1123499336128120E+01  0.2522888584784202E-04
  0.1125192028698621E+01  0.2522900526307229E-04
  0.1126884721269121E+01  0.2522912467830257E-04
  0.1128577413839621E+01  0.2522924409353284E-04
  0.1130270106410121E+01  0.2522936350876312E-04
  0.1131962798980621E+01  0.2522948292399339E-04
  0.1133655491551121E+01  0.2522960233922366E-04
  0.1135348184121622E+01  0.2522972175445394E-04
  0.1137040876692122E+01  0.2522984116968422E-04
  0.1138733569262622E+01  0.2522996058491449E-04
  0.1140426261833122E+01  0.2523008000014477E-04
  0.1142118954403622E+01  0.2523019941537504E-04
  0.1143811646974123E+01  0.2523031883060531E-04
  0.1145504339544623E+01  0.2523043824583559E-04
  0.1147197032115123E+01  0.2523055766106587E-04
  0.1148889724685623E+01  0.2523067707629614E-04
  0.1150582417256123E+01  0.2523079649152641E-04
  0.1152275109826624E+01  0.2523091590675669E-04
  0.1153967802397124E+01  0.2523103532198696E-04
  0.1155660494967624E+01  0.2523115473721724E-04
  0.1157353187538124E+01  0.2523127415244751E-04
  0.1159045880108624E+01  0.2523139356767779E-04
  0.1160738572679124E+01  0.2523151298290806E-04
  0.1162431265249625E+01  0.2523163239813834E-04
  0.1164123957820125E+01  0.2523175181336861E-04
  0.1165816650390625E+01  0.2523187122859889E-04
  0.1167509342961125E+01  0.2523199064382916E-04
  0.1169202035531625E+01  0.2523211005905944E-04
  0.1170894728102126E+01  0.2523222947428971E-04
  0.1172587420672626E+01  0.2523234888951999E-04
  0.1174280113243126E+01  0.2523246830475026E-04
  0.1175972805813626E+01  0.2523258771998054E-04
  0.1177665498384126E+01  0.2523270713521081E-04
  0.1179358190954626E+01  0.2523282655044109E-04
  0.1181050883525127E+01  0.2523294596567136E-04
  0.1182743576095627E+01  0.2523306538090164E-04
  0.1184436268666127E+01  0.2523318479613191E-04
  0.1186128961236627E+01  0.2523330421136219E-04
  0.1187821653807128E+01  0.2523342362659246E-04
  0.1189514346377628E+01  0.2523354304182274E-04
  0.1191207038948128E+01  0.2523366245705301E-04
  0.1192899731518628E+01  0.2523378187228328E-04
  0.1194592424089128E+01  0.2523390128751356E-04
  0.1196285116659628E+01  0.2523402070274384E-04
  0.1197977809230129E+01  0.2523414011797411E-04
  0.1199670501800629E+01  0.2523425953320439E-04
  0.1201363194371129E+01  0.2523437894843466E-04
  0.1203055886941629E+01  0.2523449836366493E-04
  0.1204748579512129E+01  0.2523461777889521E-04
  0.1206441272082630E+01  0.2523473719412548E-04
  0.1208133964653130E+01  0.2523485660935576E-04
  0.1209826657223630E+01  0.2523497602458603E-04
  0.1211519349794130E+01  0.2523509543981631E-04
  0.1213212042364630E+01  0.2523521485504658E-04
  0.1214904734935130E+01  0.2523533427027685E-04
  0.1216597427505631E+01  0.2523545368550713E-04
  0.1218290120076131E+01  0.2523557310073741E-04
  0.1219982812646631E+01  0.2523569251596768E-04
  0.1221675505217131E+01  0.2523581193119796E-04
  0.1223368197787631E+01  0.2523593134642823E-04
  0.1225060890358132E+01  0.2523605076165851E-04
  0.1226753582928632E+01  0.2523617017688878E-04
  0.1228446275499132E+01  0.2523628959211906E-04
  0.1230138968069632E+01  0.2523640900734933E-04
  0.1231831660640132E+01  0.2523652842257961E-04
  0.1233524353210632E+01  0.2523664783780988E-04
  0.1235217045781133E+01  0.2523676725304015E-04
  0.1236909738351633E+01  0.2523688666827043E-04
  0.1238602430922133E+01  0.2523700608350070E-04
  0.1240295123492633E+01  0.2523712549873098E-04
  0.1241987816063133E+01  0.2523724491396126E-04
  0.1243680508633634E+01  0.2523736432919153E-04
  0.1245373201204134E+01  0.2523748374442180E-04
  0.1247065893774634E+01  0.2523760315965208E-04
  0.1248758586345134E+01  0.2523772257488236E-04
  0.1250451278915634E+01  0.2523784199011263E-04
  0.1252143971486134E+01  0.2523796140534291E-04
  0.1253836664056635E+01  0.2523808082057318E-04
  0.1255529356627135E+01  0.2523820023580345E-04
  0.1257222049197635E+01  0.2523831965103373E-04
  0.1258914741768135E+01  0.2523843906626400E-04
  0.1260607434338636E+01  0.2523855848149428E-04
  0.1262300126909136E+01  0.2523867789672456E-04
  0.1263992819479636E+01  0.2523879731195483E-04
  0.1265685512050136E+01  0.2523891672718511E-04
  0.1267378204620636E+01  0.2523903614241538E-04
  0.1269070897191136E+01  0.2523915555764565E-04
  0.1270763589761637E+01  0.2523927497287593E-04
  0.1272456282332137E+01  0.2523939438810620E-04
  0.1274148974902637E+01  0.2523951380333648E-04
  0.1275841667473137E+01  0.2523963321856675E-04
  0.1277534360043637E+01  0.2523975263379703E-04
  0.1279227052614138E+01  0.2523987204902730E-04
  0.1280919745184638E+01  0.2523999146425758E-04
  0.1282612437755138E+01  0.2524011087948785E-04
  0.1284305130325638E+01  0.2524023029471813E-04
  0.1285997822896138E+01  0.2524034970994840E-04
  0.1287690515466638E+01  0.2524046912517867E-04
  0.1289383208037139E+01  0.2524058854040895E-04
  0.1291075900607639E+01  0.2524070795563923E-04
  0.1292768593178139E+01  0.2524082737086950E-04
  0.1294461285748639E+01  0.2524094678609978E-04
  0.1296153978319139E+01  0.2524106620133005E-04
  0.1297846670889640E+01  0.2524118561656033E-04
  0.1299539363460140E+01  0.2524130503179060E-04
  0.1301232056030640E+01  0.2524142444702088E-04
  0.1302924748601140E+01  0.2524154386225115E-04
  0.1304617441171640E+01  0.2524166327748143E-04
  0.1306310133742141E+01  0.2524178269271170E-04
  0.1308002826312641E+01  0.2524190210794197E-04
  0.1309695518883141E+01  0.2524202152317225E-04
  0.1311388211453641E+01  0.2524214093840252E-04
  0.1313080904024141E+01  0.2524226035363280E-04
  0.1314773596594641E+01  0.2524237976886308E-04
  0.1316466289165142E+01  0.2524249918409335E-04
  0.1318158981735642E+01  0.2524261859932363E-04
  0.1319851674306142E+01  0.2524273801455390E-04
  0.1321544366876642E+01  0.2524285742978418E-04
  0.1323237059447143E+01  0.2524297684501445E-04
  0.1324929752017643E+01  0.2524309626024472E-04
  0.1326622444588143E+01  0.2524321567547500E-04
  0.1328315137158643E+01  0.2524333509070527E-04
  0.1330007829729143E+01  0.2524345450593555E-04
  0.1331700522299643E+01  0.2524357392116582E-04
  0.1333393214870144E+01  0.2524369333639610E-04
  0.1335085907440644E+01  0.2524381275162637E-04
  0.1336778600011144E+01  0.2524393216685665E-04
  0.1338471292581644E+01  0.2524405158208693E-04
  0.1340163985152144E+01  0.2524417099731720E-04
  0.1341856677722645E+01  0.2524429041254747E-04
  0.1343549370293145E+01  0.2524440982777774E-04
  0.1345242062863645E+01  0.2524452924300802E-04
  0.1346934755434145E+01  0.2524464865823830E-04
  0.1348627448004645E+01  0.2524476807346857E-04
  0.1350320140575145E+01  0.2524488748869885E-04
  0.1352012833145646E+01  0.2524500690392912E-04
  0.1353705525716146E+01  0.2524512631915940E-04
  0.1355398218286646E+01  0.2524524573438967E-04
  0.1357090910857146E+01  0.2524536514961995E-04
  0.1358783603427646E+01  0.2524548456485022E-04
  0.1360476295998147E+01  0.2524560398008050E-04
  0.1362168988568647E+01  0.2524572339531077E-04
  0.1363861681139147E+01  0.2524584281054105E-04
  0.1365554373709647E+01  0.2524596222577132E-04
  0.1367247066280147E+01  0.2524608164100160E-04
  0.1368939758850648E+01  0.2524620105623187E-04
  0.1370632451421148E+01  0.2524632047146214E-04
  0.1372325143991648E+01  0.2524643988669242E-04
  0.1374017836562148E+01  0.2524655930192270E-04
  0.1375710529132648E+01  0.2524667871715297E-04
  0.1377403221703148E+01  0.2524679813238324E-04
  0.1379095914273649E+01  0.2524691754761352E-04
  0.1380788606844149E+01  0.2524703696284379E-04
  0.1382481299414649E+01  0.2524715637807407E-04
  0.1384173991985149E+01  0.2524727579330435E-04
  0.1385866684555650E+01  0.2524739520853462E-04
  0.1387559377126150E+01  0.2524751462376489E-04
  0.1389252069696650E+01  0.2524763403899517E-04
  0.1390944762267150E+01  0.2524775345422544E-04
  0.1392637454837650E+01  0.2524787286945571E-04
  0.1394330147408150E+01  0.2524799228468599E-04
  0.1396022839978651E+01  0.2524811169991627E-04
  0.1397715532549151E+01  0.2524823111514654E-04
  0.1399408225119651E+01  0.2524835053037682E-04
  0.1401100917690151E+01  0.2524846994560709E-04
  0.1402793610260651E+01  0.2524858936083737E-04
  0.1404486302831152E+01  0.2524870877606764E-04
  0.1406178995401652E+01  0.2524882819129792E-04
  0.1407871687972152E+01  0.2524894760652819E-04
  0.1409564380542652E+01  0.2524906702175847E-04
  0.1411257073113152E+01  0.2524918643698874E-04
  0.1412949765683652E+01  0.2524930585221902E-04
  0.1414642458254153E+01  0.2524942526744929E-04
  0.1416335150824653E+01  0.2524954468267957E-04
  0.1418027843395153E+01  0.2524966409790984E-04
  0.1419720535965653E+01  0.2524978351314012E-04
  0.1421413228536153E+01  0.2524990292837039E-04
  0.1423105921106654E+01  0.2525002234360067E-04
  0.1424798613677154E+01  0.2525014175883094E-04
  0.1426491306247654E+01  0.2525026117406122E-04
  0.1428183998818154E+01  0.2525038058929149E-04
  0.1429876691388654E+01  0.2525050000452177E-04
  0.1431569383959154E+01  0.2525061941975204E-04
  0.1433262076529655E+01  0.2525073883498231E-04
  0.1434954769100155E+01  0.2525085825021259E-04
  0.1436647461670655E+01  0.2525097766544286E-04
  0.1438340154241155E+01  0.2525109708067314E-04
  0.1440032846811655E+01  0.2525121649590341E-04
  0.1441725539382156E+01  0.2525133591113369E-04
  0.1443418231952656E+01  0.2525145532636396E-04
  0.1445110924523156E+01  0.2525157474159424E-04
  0.1446803617093656E+01  0.2525169415682451E-04
  0.1448496309664156E+01  0.2525181357205479E-04
  0.1450189002234656E+01  0.2525193298728506E-04
  0.1451881694805157E+01  0.2525205240251534E-04
  0.1453574387375657E+01  0.2525217181774561E-04
  0.1455267079946157E+01  0.2525229123297589E-04
  0.1456959772516657E+01  0.2525241064820616E-04
  0.1458652465087158E+01  0.2525253006343644E-04
  0.1460345157657658E+01  0.2525264947866671E-04
  0.1462037850228158E+01  0.2525276889389699E-04
  0.1463730542798658E+01  0.2525288830912726E-04
  0.1465423235369158E+01  0.2525300772435754E-04
  0.1467115927939658E+01  0.2525312713958782E-04
  0.1468808620510158E+01  0.2525324655481809E-04
  0.1470501313080659E+01  0.2525336597004836E-04
  0.1472194005651159E+01  0.2525348538527864E-04
  0.1473886698221659E+01  0.2525360480050891E-04
  0.1475579390792159E+01  0.2525372421573919E-04
  0.1477272083362660E+01  0.2525384363096946E-04
  0.1478964775933160E+01  0.2525396304619974E-04
  0.1480657468503660E+01  0.2525408246143001E-04
  0.1482350161074160E+01  0.2525420187666029E-04
  0.1484042853644660E+01  0.2525432129189056E-04
  0.1485735546215160E+01  0.2525444070712083E-04
  0.1487428238785661E+01  0.2525456012235111E-04
  0.1489120931356161E+01  0.2525467953758139E-04
  0.1490813623926661E+01  0.2525479895281166E-04
  0.1492506316497161E+01  0.2525491836804193E-04
  0.1494199009067661E+01  0.2525503778327221E-04
  0.1495891701638162E+01  0.2525515719850249E-04
  0.1497584394208662E+01  0.2525527661373276E-04
  0.1499277086779162E+01  0.2525539602896304E-04
  0.1500969779349662E+01  0.2525551544419331E-04
  0.1502662471920162E+01  0.2525563485942358E-04
  0.1504355164490663E+01  0.2525575427465386E-04
  0.1506047857061163E+01  0.2525587368988413E-04
  0.1507740549631663E+01  0.2525599310511441E-04
  0.1509433242202163E+01  0.2525611252034468E-04
  0.1511125934772663E+01  0.2525623193557496E-04
  0.1512818627343163E+01  0.2525635135080523E-04
  0.1514511319913664E+01  0.2525647076603551E-04
  0.1516204012484164E+01  0.2525659018126578E-04
  0.1517896705054664E+01  0.2525670959649606E-04
  0.1519589397625164E+01  0.2525682901172634E-04
  0.1521282090195665E+01  0.2525694842695661E-04
  0.1522974782766165E+01  0.2525706784218688E-04
  0.1524667475336665E+01  0.2525718725741716E-04
  0.1526360167907165E+01  0.2525730667264743E-04
  0.1528052860477665E+01  0.2525742608787770E-04
  0.1529745553048165E+01  0.2525754550310798E-04
  0.1531438245618665E+01  0.2525766491833826E-04
  0.1533130938189166E+01  0.2525778433356853E-04
  0.1534823630759666E+01  0.2525790374879881E-04
  0.1536516323330166E+01  0.2525802316402908E-04
  0.1538209015900666E+01  0.2525814257925935E-04
  0.1539901708471167E+01  0.2525826199448963E-04
  0.1541594401041667E+01  0.2525838140971991E-04
  0.1543287093612167E+01  0.2525850082495018E-04
  0.1544979786182667E+01  0.2525862024018046E-04
  0.1546672478753167E+01  0.2525873965541073E-04
  0.1548365171323667E+01  0.2525885907064101E-04
  0.1550057863894168E+01  0.2525897848587128E-04
  0.1551750556464668E+01  0.2525909790110155E-04
  0.1553443249035168E+01  0.2525921731633183E-04
  0.1555135941605668E+01  0.2525933673156210E-04
  0.1556828634176168E+01  0.2525945614679238E-04
  0.1558521326746669E+01  0.2525957556202265E-04
  0.1560214019317169E+01  0.2525969497725293E-04
  0.1561906711887669E+01  0.2525981439248320E-04
  0.1563599404458169E+01  0.2525993380771348E-04
  0.1565292097028669E+01  0.2526005322294375E-04
  0.1566984789599169E+01  0.2526017263817403E-04
  0.1568677482169670E+01  0.2526029205340431E-04
  0.1570370174740170E+01  0.2526041146863458E-04
  0.1572062867310670E+01  0.2526053088386485E-04
  0.1573755559881170E+01  0.2526065029909513E-04
  0.1575448252451670E+01  0.2526076971432540E-04
  0.1577140945022171E+01  0.2526088912955568E-04
  0.1578833637592671E+01  0.2526100854478595E-04
  0.1580526330163171E+01  0.2526112796001623E-04
  0.1582219022733671E+01  0.2526124737524650E-04
  0.1583911715304171E+01  0.2526136679047678E-04
  0.1585604407874671E+01  0.2526148620570705E-04
  0.1587297100445172E+01  0.2526160562093733E-04
  0.1588989793015672E+01  0.2526172503616760E-04
  0.1590682485586172E+01  0.2526184445139787E-04
  0.1592375178156672E+01  0.2526196386662815E-04
  0.1594067870727172E+01  0.2526208328185843E-04
  0.1595760563297673E+01  0.2526220269708870E-04
  0.1597453255868173E+01  0.2526232211231898E-04
  0.1599145948438673E+01  0.2526244152754925E-04
  0.1600838641009173E+01  0.2526256094277953E-04
  0.1602531333579673E+01  0.2526268035800980E-04
  0.1604224026150174E+01  0.2526279977324008E-04
  0.1605916718720674E+01  0.2526291918847035E-04
  0.1607609411291174E+01  0.2526303860370062E-04
  0.1609302103861674E+01  0.2526315801893090E-04
  0.1610994796432174E+01  0.2526327743416117E-04
  0.1612687489002675E+01  0.2526339684939145E-04
  0.1614380181573175E+01  0.2526351626462172E-04
  0.1616072874143675E+01  0.2526363567985200E-04
  0.1617765566714175E+01  0.2526375509508227E-04
  0.1619458259284675E+01  0.2526387451031255E-04
  0.1621150951855175E+01  0.2526399392554282E-04
  0.1622843644425676E+01  0.2526411334077310E-04
  0.1624536336996176E+01  0.2526423275600338E-04
  0.1626229029566676E+01  0.2526435217123365E-04
  0.1627921722137176E+01  0.2526447158646392E-04
  0.1629614414707676E+01  0.2526459100169420E-04
  0.1631307107278177E+01  0.2526471041692447E-04
  0.1632999799848677E+01  0.2526482983215475E-04
  0.1634692492419177E+01  0.2526494924738502E-04
  0.1636385184989677E+01  0.2526506866261530E-04
  0.1638077877560177E+01  0.2526518807784557E-04
  0.1639770570130678E+01  0.2526530749307585E-04
  0.1641463262701178E+01  0.2526542690830612E-04
  0.1643155955271678E+01  0.2526554632353639E-04
  0.1644848647842178E+01  0.2526566573876667E-04
  0.1646541340412678E+01  0.2526578515399695E-04
  0.1648234032983178E+01  0.2526590456922722E-04
  0.1649926725553679E+01  0.2526602398445749E-04
  0.1651619418124179E+01  0.2526614339968777E-04
  0.1653312110694679E+01  0.2526626281491805E-04
  0.1655004803265179E+01  0.2526638223014832E-04
  0.1656697495835679E+01  0.2526650164537860E-04
  0.1658390188406180E+01  0.2526662106060887E-04
  0.1660082880976680E+01  0.2526674047583914E-04
  0.1661775573547180E+01  0.2526685989106942E-04
  0.1663468266117680E+01  0.2526697930629970E-04
  0.1665160958688180E+01  0.2526709872152997E-04
  0.1666853651258680E+01  0.2526721813676024E-04
  0.1668546343829181E+01  0.2526733755199052E-04
  0.1670239036399681E+01  0.2526745696722079E-04
  0.1671931728970181E+01  0.2526757638245107E-04
  0.1673624421540681E+01  0.2526769579768134E-04
  0.1675317114111182E+01  0.2526781521291162E-04
  0.1677009806681682E+01  0.2526793462814190E-04
  0.1678702499252182E+01  0.2526805404337217E-04
  0.1680395191822682E+01  0.2526817345860244E-04
  0.1682087884393182E+01  0.2526829287383272E-04
  0.1683780576963682E+01  0.2526841228906299E-04
  0.1685473269534183E+01  0.2526853170429327E-04
  0.1687165962104683E+01  0.2526865111952354E-04
  0.1688858654675183E+01  0.2526877053475382E-04
  0.1690551347245683E+01  0.2526888994998409E-04
  0.1692244039816183E+01  0.2526900936521437E-04
  0.1693936732386684E+01  0.2526912878044464E-04
  0.1695629424957184E+01  0.2526924819567492E-04
  0.1697322117527684E+01  0.2526936761090520E-04
  0.1699014810098184E+01  0.2526948702613547E-04
  0.1700707502668684E+01  0.2526960644136574E-04
  0.1702400195239185E+01  0.2526972585659601E-04
  0.1704092887809685E+01  0.2526984527182629E-04
  0.1705785580380185E+01  0.2526996468705657E-04
  0.1707478272950685E+01  0.2527008410228684E-04
  0.1709170965521185E+01  0.2527020351751712E-04
  0.1710863658091685E+01  0.2527032293274739E-04
  0.1712556350662186E+01  0.2527044234797767E-04
  0.1714249043232686E+01  0.2527056176320794E-04
  0.1715941735803186E+01  0.2527068117843821E-04
  0.1717634428373686E+01  0.2527080059366849E-04
  0.1719327120944186E+01  0.2527092000889877E-04
  0.1721019813514687E+01  0.2527103942412904E-04
  0.1722712506085187E+01  0.2527115883935931E-04
  0.1724405198655687E+01  0.2527127825458959E-04
  0.1726097891226187E+01  0.2527139766981986E-04
  0.1727790583796687E+01  0.2527151708505014E-04
  0.1729483276367187E+01  0.2527163650028041E-04
  0.1731175968937688E+01  0.2527175591551069E-04
  0.1732868661508188E+01  0.2527187533074096E-04
  0.1734561354078688E+01  0.2527199474597124E-04
  0.1736254046649188E+01  0.2527211416120151E-04
  0.1737946739219688E+01  0.2527223357643179E-04
  0.1739639431790189E+01  0.2527235299166206E-04
  0.1741332124360689E+01  0.2527247240689234E-04
  0.1743024816931189E+01  0.2527259182212261E-04
  0.1744717509501689E+01  0.2527271123735289E-04
  0.1746410202072189E+01  0.2527283065258316E-04
  0.1748102894642690E+01  0.2527295006781344E-04
  0.1749795587213190E+01  0.2527306948304372E-04
  0.1751488279783690E+01  0.2527318889827399E-04
  0.1753180972354190E+01  0.2527330831350426E-04
  0.1754873664924690E+01  0.2527342772873454E-04
  0.1756566357495190E+01  0.2527354714396481E-04
  0.1758259050065691E+01  0.2527366655919509E-04
  0.1759951742636191E+01  0.2527378597442536E-04
  0.1761644435206691E+01  0.2527390538965564E-04
  0.1763337127777191E+01  0.2527402480488591E-04
  0.1765029820347692E+01  0.2527414422011618E-04
  0.1766722512918192E+01  0.2527426363534646E-04
  0.1768415205488692E+01  0.2527438305057673E-04
  0.1770107898059192E+01  0.2527450246580701E-04
  0.1771800590629692E+01  0.2527462188103729E-04
  0.1773493283200192E+01  0.2527474129626756E-04
  0.1775185975770692E+01  0.2527486071149783E-04
  0.1776878668341193E+01  0.2527498012672811E-04
  0.1778571360911693E+01  0.2527509954195839E-04
  0.1780264053482193E+01  0.2527521895718866E-04
  0.1781956746052693E+01  0.2527533837241894E-04
  0.1783649438623194E+01  0.2527545778764921E-04
  0.1785342131193694E+01  0.2527557720287948E-04
  0.1787034823764194E+01  0.2527569661810976E-04
  0.1788727516334694E+01  0.2527581603334003E-04
  0.1790420208905194E+01  0.2527593544857031E-04
  0.1792112901475694E+01  0.2527605486380058E-04
  0.1793805594046195E+01  0.2527617427903086E-04
  0.1795498286616695E+01  0.2527629369426113E-04
  0.1797190979187195E+01  0.2527641310949141E-04
  0.1798883671757695E+01  0.2527653252472168E-04
  0.1800576364328195E+01  0.2527665193995196E-04
  0.1802269056898696E+01  0.2527677135518224E-04
  0.1803961749469196E+01  0.2527689077041251E-04
  0.1805654442039696E+01  0.2527701018564278E-04
  0.1807347134610196E+01  0.2527712960087306E-04
  0.1809039827180696E+01  0.2527724901610333E-04
  0.1810732519751197E+01  0.2527736843133361E-04
  0.1812425212321697E+01  0.2527748784656389E-04
  0.1814117904892197E+01  0.2527760726179416E-04
  0.1815810597462697E+01  0.2527772667702443E-04
  0.1817503290033197E+01  0.2527784609225471E-04
  0.1819195982603697E+01  0.2527796550748498E-04
  0.1820888675174198E+01  0.2527808492271525E-04
  0.1822581367744698E+01  0.2527820433794553E-04
  0.1824274060315198E+01  0.2527832375317581E-04
  0.1825966752885698E+01  0.2527844316840608E-04
  0.1827659445456198E+01  0.2527856258363636E-04
  0.1829352138026699E+01  0.2527868199886663E-04
  0.1831044830597199E+01  0.2527880141409691E-04
  0.1832737523167699E+01  0.2527892082932718E-04
  0.1834430215738199E+01  0.2527904024455746E-04
  0.1836122908308699E+01  0.2527915965978773E-04
  0.1837815600879199E+01  0.2527927907501800E-04
  0.1839508293449700E+01  0.2527939849024828E-04
  0.1841200986020200E+01  0.2527951790547856E-04
  0.1842893678590700E+01  0.2527963732070883E-04
  0.1844586371161200E+01  0.2527975673593910E-04
  0.1846279063731700E+01  0.2527987615116938E-04
  0.1847971756302201E+01  0.2527999556639965E-04
  0.1849664448872701E+01  0.2528011498162993E-04
  0.1851357141443201E+01  0.2528023439686020E-04
  0.1853049834013701E+01  0.2528035381209048E-04
  0.1854742526584201E+01  0.2528047322732076E-04
  0.1856435219154702E+01  0.2528059264255103E-04
  0.1858127911725202E+01  0.2528071205778130E-04
  0.1859820604295702E+01  0.2528083147301158E-04
  0.1861513296866202E+01  0.2528095088824185E-04
  0.1863205989436702E+01  0.2528107030347213E-04
  0.1864898682007202E+01  0.2528118971870241E-04
  0.1866591374577703E+01  0.2528130913393268E-04
  0.1868284067148203E+01  0.2528142854916295E-04
  0.1869976759718703E+01  0.2528154796439323E-04
  0.1871669452289203E+01  0.2528166737962350E-04
  0.1873362144859704E+01  0.2528178679485378E-04
  0.1875054837430204E+01  0.2528190621008405E-04
  0.1876747530000704E+01  0.2528202562531433E-04
  0.1878440222571204E+01  0.2528214504054460E-04
  0.1880132915141704E+01  0.2528226445577488E-04
  0.1881825607712204E+01  0.2528238387100515E-04
  0.1883518300282705E+01  0.2528250328623543E-04
  0.1885210992853205E+01  0.2528262270146570E-04
  0.1886903685423705E+01  0.2528274211669598E-04
  0.1888596377994205E+01  0.2528286153192625E-04
  0.1890289070564705E+01  0.2528298094715652E-04
  0.1891981763135206E+01  0.2528310036238680E-04
  0.1893674455705706E+01  0.2528321977761708E-04
  0.1895367148276206E+01  0.2528333919284735E-04
  0.1897059840846706E+01  0.2528345860807763E-04
  0.1898752533417206E+01  0.2528357802330790E-04
  0.1900445225987706E+01  0.2528369743853817E-04
  0.1902137918558207E+01  0.2528381685376845E-04
  0.1903830611128707E+01  0.2528393626899872E-04
  0.1905523303699207E+01  0.2528405568422900E-04
  0.1907215996269707E+01  0.2528417509945928E-04
  0.1908908688840207E+01  0.2528429451468955E-04
  0.1910601381410708E+01  0.2528441392991982E-04
  0.1912294073981208E+01  0.2528453334515010E-04
  0.1913986766551708E+01  0.2528465276038037E-04
  0.1915679459122208E+01  0.2528477217561065E-04
  0.1917372151692708E+01  0.2528489159084093E-04
  0.1919064844263209E+01  0.2528501100607120E-04
  0.1920757536833709E+01  0.2528513042130147E-04
  0.1922450229404209E+01  0.2528524983653175E-04
  0.1924142921974709E+01  0.2528536925176202E-04
  0.1925835614545209E+01  0.2528548866699230E-04
  0.1927528307115709E+01  0.2528560808222257E-04
  0.1929220999686210E+01  0.2528572749745285E-04
  0.1930913692256710E+01  0.2528584691268312E-04
  0.1932606384827210E+01  0.2528596632791340E-04
  0.1934299077397710E+01  0.2528608574314367E-04
  0.1935991769968210E+01  0.2528620515837395E-04
  0.1937684462538711E+01  0.2528632457360422E-04
  0.1939377155109211E+01  0.2528644398883450E-04
  0.1941069847679711E+01  0.2528656340406477E-04
  0.1942762540250211E+01  0.2528668281929504E-04
  0.1944455232820711E+01  0.2528680223452532E-04
  0.1946147925391212E+01  0.2528692164975560E-04
  0.1947840617961712E+01  0.2528704106498587E-04
  0.1949533310532212E+01  0.2528716048021615E-04
  0.1951226003102712E+01  0.2528727989544642E-04
  0.1952918695673212E+01  0.2528739931067669E-04
  0.1954611388243712E+01  0.2528751872590697E-04
  0.1956304080814213E+01  0.2528763814113725E-04
  0.1957996773384713E+01  0.2528775755636752E-04
  0.1959689465955213E+01  0.2528787697159779E-04
  0.1961382158525713E+01  0.2528799638682807E-04
  0.1963074851096213E+01  0.2528811580205834E-04
  0.1964767543666714E+01  0.2528823521728862E-04
  0.1966460236237214E+01  0.2528835463251889E-04
  0.1968152928807714E+01  0.2528847404774917E-04
  0.1969845621378214E+01  0.2528859346297945E-04
  0.1971538313948714E+01  0.2528871287820972E-04
  0.1973231006519214E+01  0.2528883229343999E-04
  0.1974923699089715E+01  0.2528895170867027E-04
  0.1976616391660215E+01  0.2528907112390054E-04
  0.1978309084230715E+01  0.2528919053913082E-04
  0.1980001776801215E+01  0.2528930995436109E-04
  0.1981694469371716E+01  0.2528942936959137E-04
  0.1983387161942216E+01  0.2528954878482164E-04
  0.1985079854512716E+01  0.2528966820005192E-04
  0.1986772547083216E+01  0.2528978761528219E-04
  0.1988465239653716E+01  0.2528990703051247E-04
  0.1990157932224216E+01  0.2529002644574274E-04
  0.1991850624794717E+01  0.2529014586097302E-04
  0.1993543317365217E+01  0.2529026527620329E-04
  0.1995236009935717E+01  0.2529038469143357E-04
  0.1996928702506217E+01  0.2529050410666384E-04
  0.1998621395076717E+01  0.2529062352189411E-04
  0.2000314087647217E+01  0.2529074293712439E-04
  0.2002006780217718E+01  0.2529086235235467E-04
  0.2003699472788218E+01  0.2529098176758494E-04
  0.2005392165358718E+01  0.2529110118281522E-04
  0.2007084857929218E+01  0.2529122059804549E-04
  0.2008777550499719E+01  0.2529134001327577E-04
  0.2010470243070219E+01  0.2529145942850604E-04
  0.2012162935640719E+01  0.2529157884373632E-04
  0.2013855628211219E+01  0.2529169825896659E-04
  0.2015548320781719E+01  0.2529181767419687E-04
  0.2017241013352219E+01  0.2529193708942714E-04
  0.2018933705922719E+01  0.2529205650465741E-04
  0.2020626398493220E+01  0.2529217591988769E-04
  0.2022319091063720E+01  0.2529229533511797E-04
  0.2024011783634220E+01  0.2529241475034824E-04
  0.2025704476204720E+01  0.2529253416557851E-04
  0.2027397168775221E+01  0.2529265358080879E-04
  0.2029089861345721E+01  0.2529277299603907E-04
  0.2030782553916221E+01  0.2529289241126934E-04
  0.2032475246486721E+01  0.2529301182649962E-04
  0.2034167939057221E+01  0.2529313124172989E-04
  0.2035860631627721E+01  0.2529325065696016E-04
  0.2037553324198222E+01  0.2529337007219044E-04
  0.2039246016768722E+01  0.2529348948742071E-04
  0.2040938709339222E+01  0.2529360890265099E-04
  0.2042631401909722E+01  0.2529372831788126E-04
  0.2044324094480222E+01  0.2529384773311154E-04
  0.2046016787050723E+01  0.2529396714834181E-04
  0.2047709479621223E+01  0.2529408656357208E-04
  0.2049402172191723E+01  0.2529420597880236E-04
  0.2051094864762223E+01  0.2529432539403263E-04
  0.2052787557332723E+01  0.2529444480926291E-04
  0.2054480249903223E+01  0.2529456422449319E-04
  0.2056172942473724E+01  0.2529468363972346E-04
  0.2057865635044224E+01  0.2529480305495374E-04
  0.2059558327614724E+01  0.2529492247018401E-04
  0.2061251020185225E+01  0.2529504188541429E-04
  0.2062943712755724E+01  0.2529516130064456E-04
  0.2064636405326225E+01  0.2529528071587484E-04
  0.2066329097896725E+01  0.2529540013110511E-04
  0.2068021790467225E+01  0.2529551954633538E-04
  0.2069714483037725E+01  0.2529563896156566E-04
  0.2071407175608226E+01  0.2529575837679594E-04
  0.2073099868178725E+01  0.2529587779202621E-04
  0.2074792560749226E+01  0.2529599720725648E-04
  0.2076485253319726E+01  0.2529611662248676E-04
  0.2078177945890226E+01  0.2529623603771703E-04
  0.2079870638460727E+01  0.2529635545294731E-04
  0.2081563331031226E+01  0.2529647486817759E-04
  0.2083256023601727E+01  0.2529659428340786E-04
  0.2084948716172227E+01  0.2529671369863814E-04
  0.2086641408742727E+01  0.2529683311386841E-04
  0.2088334101313227E+01  0.2529695252909868E-04
  0.2090026793883728E+01  0.2529707194432896E-04
  0.2091719486454227E+01  0.2529719135955923E-04
  0.2093412179024728E+01  0.2529731077478951E-04
  0.2095104871595228E+01  0.2529743019001978E-04
  0.2096797564165728E+01  0.2529754960525006E-04
  0.2098490256736229E+01  0.2529766902048033E-04
  0.2100182949306729E+01  0.2529778843571061E-04
  0.2101875641877229E+01  0.2529790785094088E-04
  0.2103568334447729E+01  0.2529802726617116E-04
  0.2105261027018229E+01  0.2529814668140143E-04
  0.2106953719588729E+01  0.2529826609663171E-04
  0.2108646412159230E+01  0.2529838551186198E-04
  0.2110339104729730E+01  0.2529850492709226E-04
  0.2112031797300230E+01  0.2529862434232253E-04
  0.2113724489870730E+01  0.2529874375755280E-04
  0.2115417182441230E+01  0.2529886317278308E-04
  0.2117109875011731E+01  0.2529898258801336E-04
  0.2118802567582231E+01  0.2529910200324363E-04
  0.2120495260152731E+01  0.2529922141847391E-04
  0.2122187952723231E+01  0.2529934083370418E-04
  0.2123880645293731E+01  0.2529946024893446E-04
  0.2125573337864231E+01  0.2529957966416473E-04
  0.2127266030434732E+01  0.2644456285647763E-04
  0.2128958723005232E+01  0.2550464818677845E-04
  0.2130651415575732E+01  0.2536491817656300E-04
  0.2132344108146232E+01  0.2536300661944316E-04
  0.2134036800716732E+01  0.2538426560005484E-04
  0.2135729493287233E+01  0.2540552458066653E-04
  0.2137422185857733E+01  0.2542678356127821E-04
  0.2139114878428233E+01  0.2544804254188989E-04
  0.2140807570998733E+01  0.2622475210411128E-04
  0.2142500263569233E+01  0.2631325262376262E-04
  0.2144192956139733E+01  0.2674710984755651E-04
  0.2145885648710234E+01  0.2676827669659739E-04
  0.2147578341280734E+01  0.2735485706956190E-04
  0.2149271033851234E+01  0.2627908688592569E-04
  0.2150963726421734E+01  0.2552645283930432E-04
  0.2152656418992234E+01  0.2660805958919378E-04
  0.2154349111562735E+01  0.2730352263427038E-04
  0.2156041804133235E+01  0.2704469553824997E-04
  0.2157734496703735E+01  0.2586870262948062E-04
  0.2159427189274235E+01  0.2547142111378798E-04
  0.2161119881844735E+01  0.2704046618298895E-04
  0.2162812574415236E+01  0.2889413904930207E-04
  0.2164505266985736E+01  0.2760404962151278E-04
  0.2166197959556236E+01  0.2708354628085208E-04
  0.2167890652126736E+01  0.2847842363739968E-04
  0.2169583344697236E+01  0.2733862190505359E-04
  0.2171276037267736E+01  0.2676262271823668E-04
  0.2172968729838237E+01  0.2707874925174364E-04
  0.2174661422408737E+01  0.2513861120609805E-04
  0.2176354114979237E+01  0.2497301683402378E-04
  0.2178046807549737E+01  0.2523615181624608E-04
  0.2179739500120237E+01  0.2494399241341795E-04
  0.2181432192690738E+01  0.2497999809598584E-04
  0.2183124885261238E+01  0.2501600377855373E-04
  0.2184817577831738E+01  0.2513197830238747E-04
  0.2186510270402238E+01  0.2545745498007388E-04
  0.2188202962972738E+01  0.2539840700008228E-04
  0.2189895655543238E+01  0.2646851071943985E-04
  0.2191588348113739E+01  0.2584157955048233E-04
  0.2193281040684239E+01  0.2582104534484987E-04
  0.2194973733254739E+01  0.2755404752758903E-04
  0.2196666425825240E+01  0.2875698359484569E-04
  0.2198359118395739E+01  0.3011056519697686E-04
  0.2200051810966240E+01  0.3179266826698364E-04
  0.2201744503536740E+01  0.3160981664255884E-04
  0.2203437196107240E+01  0.3203876457008056E-04
  0.2205129888677740E+01  0.3400349600071797E-04
  0.2206822581248240E+01  0.3382631501610155E-04
  0.2208515273818740E+01  0.3427348583657347E-04
  0.2210207966389241E+01  0.3656902631191698E-04
  0.2211900658959741E+01  0.3607537356033369E-04
  0.2213593351530241E+01  0.3495601808744404E-04
  0.2215286044100742E+01  0.3510561897517138E-04
  0.2216978736671241E+01  0.3684589026901775E-04
  0.2218671429241742E+01  0.3473704451302227E-04
  0.2220364121812242E+01  0.3526818347691645E-04
  0.2222056814382742E+01  0.3692185461762962E-04
  0.2223749506953242E+01  0.3666765375827410E-04
  0.2225442199523743E+01  0.3911897790692361E-04
  0.2227134892094242E+01  0.3935856366016995E-04
  0.2228827584664743E+01  0.3785375597335180E-04
  0.2230520277235243E+01  0.3823721377284556E-04
  0.2232212969805743E+01  0.3759580401806896E-04
  0.2233905662376244E+01  0.3964978144180493E-04
  0.2235598354946744E+01  0.3800570006675653E-04
  0.2237291047517244E+01  0.3761842972461545E-04
  0.2238983740087744E+01  0.4081510802132909E-04
  0.2240676432658244E+01  0.4310681858110899E-04
  0.2242369125228744E+01  0.4558485788978650E-04
  0.2244061817799245E+01  0.4459795096839197E-04
  0.2245754510369744E+01  0.4391099861585826E-04
  0.2247447202940245E+01  0.4539332153913076E-04
  0.2249139895510745E+01  0.4367583666603701E-04
  0.2250832588081245E+01  0.4407397077042853E-04
  0.2252525280651746E+01  0.4733282917553036E-04
  0.2254217973222246E+01  0.4716075035757246E-04
  0.2255910665792746E+01  0.4738660086945829E-04
  0.2257603358363246E+01  0.4691287329573611E-04
  0.2259296050933746E+01  0.4454987351479629E-04
  0.2260988743504246E+01  0.4297268358214291E-04
  0.2262681436074747E+01  0.4534421303564154E-04
  0.2264374128645247E+01  0.4703031953569237E-04
  0.2266066821215747E+01  0.4721958057349887E-04
  0.2267759513786247E+01  0.4684068894134242E-04
  0.2269452206356747E+01  0.4449111042173980E-04
  0.2271144898927248E+01  0.4294742489500015E-04
  0.2272837591497748E+01  0.3974579808830140E-04
  0.2274530284068248E+01  0.3920175119265675E-04
  0.2276222976638748E+01  0.3824328948443758E-04
  0.2277915669209248E+01  0.3723188005651473E-04
  0.2279608361779748E+01  0.3522957992823338E-04
  0.2281301054350249E+01  0.3221426845674852E-04
  0.2282993746920749E+01  0.3248487670183832E-04
  0.2284686439491249E+01  0.3066835679371867E-04
  0.2286379132061749E+01  0.2765979090096543E-04
  0.2288071824632249E+01  0.2889007112544470E-04
  0.2289764517202750E+01  0.2765216764502289E-04
  0.2291457209773250E+01  0.2645799442790732E-04
  0.2294842594914250E+01  0.0000000000000000E+00
