  1000 NIRCAM_F460M        
  0.2357462799000000E+01  0.4942687364565565E+01  0.2904334369611944E+02  0.3308206799592583E+01  0.7943343696119442E+01  0.2413584574516762E-11  0.1724714760463358E+03  0.4622872370163972E+01  0.3303441817097452E-16  0.4628472958808897E+01
  0.4630787384523891E+01  0.4627624823686444E+01  0.4629321249374629E+01  0.4619204191205011E+01  0.4625269493746812E+01  0.2433159654932746E+00  0.2322922274057326E+00  0.2288263006281126E+00  0.4515059786398593E+01  0.4747352013804326E+01
  0.9749909373406500E+00  0.2288263006281126E+01  0.2106892789471977E-01  0.4055320729141934E-17  0.1732706665582402E-20  0.2539999961853027E+06  0.2285984368864466E+02  0.2616805201411614E+02  0.3080318738476410E+02
  0.2357462799000000E+01  0.0000000000000000E+00
  0.2360048023565565E+01  0.4335864193171957E-04
  0.2362633248131131E+01  0.4631627494216719E-04
  0.2365218472696696E+01  0.5049785869292524E-04
  0.2367803697262262E+01  0.5185369188118141E-04
  0.2370388921827828E+01  0.5208471219556494E-04
  0.2372974146393393E+01  0.5076196063515345E-04
  0.2375559370958959E+01  0.4594444863361219E-04
  0.2378144595524525E+01  0.4304772023772474E-04
  0.2380729820090090E+01  0.4304637189184936E-04
  0.2383315044655656E+01  0.4304502354597397E-04
  0.2385900269221221E+01  0.4304367520009859E-04
  0.2388485493786787E+01  0.4304232685422320E-04
  0.2391070718352352E+01  0.4304097850834782E-04
  0.2393655942917918E+01  0.4303963016247243E-04
  0.2396241167483483E+01  0.4303828181659705E-04
  0.2398826392049049E+01  0.4303693347072167E-04
  0.2401411616614614E+01  0.4303558512484627E-04
  0.2403996841180180E+01  0.4303423677897090E-04
  0.2406582065745746E+01  0.4303288843309551E-04
  0.2409167290311311E+01  0.4303154008722012E-04
  0.2411752514876877E+01  0.4303019174134474E-04
  0.2414337739442442E+01  0.4302884339546935E-04
  0.2416922964008008E+01  0.4302749504959396E-04
  0.2419508188573574E+01  0.4302614670371858E-04
  0.2422093413139139E+01  0.4302479835784319E-04
  0.2424678637704705E+01  0.4302345001196781E-04
  0.2427263862270270E+01  0.4302210166609242E-04
  0.2429849086835836E+01  0.4302075332021704E-04
  0.2432434311401401E+01  0.4301940497434165E-04
  0.2435019535966967E+01  0.4301805662846627E-04
  0.2437604760532532E+01  0.4301670828259089E-04
  0.2440189985098098E+01  0.4301535993671550E-04
  0.2442775209663663E+01  0.4301401159084011E-04
  0.2445360434229229E+01  0.4301266324496473E-04
  0.2447945658794795E+01  0.4301131489908933E-04
  0.2450530883360360E+01  0.4300996655321395E-04
  0.2453116107925926E+01  0.4300861820733857E-04
  0.2455701332491492E+01  0.4300726986146318E-04
  0.2458286557057057E+01  0.4300592151558779E-04
  0.2460871781622623E+01  0.4300457316971241E-04
  0.2463457006188188E+01  0.4300322482383703E-04
  0.2466042230753754E+01  0.4300187647796164E-04
  0.2468627455319319E+01  0.4300052813208626E-04
  0.2471212679884885E+01  0.4299917978621087E-04
  0.2473797904450450E+01  0.4299783144033548E-04
  0.2476383129016016E+01  0.4299648309446010E-04
  0.2478968353581581E+01  0.4299513474858472E-04
  0.2481553578147147E+01  0.4299378640270932E-04
  0.2484138802712712E+01  0.4299243805683395E-04
  0.2486724027278278E+01  0.4299108971095856E-04
  0.2489309251843844E+01  0.4298974136508317E-04
  0.2491894476409409E+01  0.4298839301920779E-04
  0.2494479700974975E+01  0.4298704467333240E-04
  0.2497064925540541E+01  0.4298569632745701E-04
  0.2499650150106106E+01  0.4298434798158163E-04
  0.2502235374671672E+01  0.4298299963570625E-04
  0.2504820599237237E+01  0.4298165128983086E-04
  0.2507405823802803E+01  0.4298030294395547E-04
  0.2509991048368368E+01  0.4297895459808009E-04
  0.2512576272933934E+01  0.4297760625220471E-04
  0.2515161497499499E+01  0.4297625790632931E-04
  0.2517746722065065E+01  0.4297490956045393E-04
  0.2520331946630630E+01  0.4297356121457855E-04
  0.2522917171196196E+01  0.4297221286870315E-04
  0.2525502395761761E+01  0.4297086452282778E-04
  0.2528087620327327E+01  0.4296951617695239E-04
  0.2530672844892893E+01  0.4296816783107701E-04
  0.2533258069458459E+01  0.4296681948520162E-04
  0.2535843294024024E+01  0.4296547113932623E-04
  0.2538428518589590E+01  0.4296412279345085E-04
  0.2541013743155155E+01  0.4296277444757547E-04
  0.2543598967720721E+01  0.4296142610170008E-04
  0.2546184192286286E+01  0.4296007775582469E-04
  0.2548769416851852E+01  0.4295872940994931E-04
  0.2551354641417417E+01  0.4295738106407392E-04
  0.2553939865982983E+01  0.4295603271819854E-04
  0.2556525090548548E+01  0.4295468437232315E-04
  0.2559110315114114E+01  0.4295333602644777E-04
  0.2561695539679679E+01  0.4295198768057238E-04
  0.2564280764245245E+01  0.4295063933469699E-04
  0.2566865988810811E+01  0.4294929098882161E-04
  0.2569451213376376E+01  0.4294794264294622E-04
  0.2572036437941942E+01  0.4294659429707084E-04
  0.2574621662507508E+01  0.4294524595119545E-04
  0.2577206887073073E+01  0.4294389760532007E-04
  0.2579792111638639E+01  0.4294254925944469E-04
  0.2582377336204204E+01  0.4294120091356930E-04
  0.2584962560769770E+01  0.4293985256769391E-04
  0.2587547785335335E+01  0.4293850422181853E-04
  0.2590133009900901E+01  0.4293715587594314E-04
  0.2592718234466466E+01  0.4293580753006775E-04
  0.2595303459032032E+01  0.4293445918419237E-04
  0.2597888683597597E+01  0.4293311083831699E-04
  0.2600473908163163E+01  0.4293176249244159E-04
  0.2603059132728728E+01  0.4293041414656621E-04
  0.2605644357294294E+01  0.4292906580069083E-04
  0.2608229581859860E+01  0.4292771745481544E-04
  0.2610814806425426E+01  0.4292636910894006E-04
  0.2613400030990991E+01  0.4292502076306468E-04
  0.2615985255556557E+01  0.4292367241718929E-04
  0.2618570480122122E+01  0.4292232407131390E-04
  0.2621155704687688E+01  0.4292097572543852E-04
  0.2623740929253253E+01  0.4291962737956313E-04
  0.2626326153818819E+01  0.4291827903368775E-04
  0.2628911378384384E+01  0.4291693068781236E-04
  0.2631496602949950E+01  0.4291558234193697E-04
  0.2634081827515515E+01  0.4291423399606159E-04
  0.2636667052081081E+01  0.4291288565018620E-04
  0.2639252276646646E+01  0.4291153730431082E-04
  0.2641837501212212E+01  0.4291018895843543E-04
  0.2644422725777777E+01  0.4290884061256005E-04
  0.2647007950343343E+01  0.4290749226668466E-04
  0.2649593174908909E+01  0.4290614392080928E-04
  0.2652178399474475E+01  0.4290479557493389E-04
  0.2654763624040040E+01  0.4290344722905851E-04
  0.2657348848605606E+01  0.4290209888318312E-04
  0.2659934073171171E+01  0.4290075053730773E-04
  0.2662519297736737E+01  0.4289940219143235E-04
  0.2665104522302302E+01  0.4289805384555696E-04
  0.2667689746867868E+01  0.4289670549968158E-04
  0.2670274971433433E+01  0.4289535715380619E-04
  0.2672860195998999E+01  0.4289400880793081E-04
  0.2675445420564564E+01  0.4289266046205542E-04
  0.2678030645130130E+01  0.4289131211618004E-04
  0.2680615869695695E+01  0.4288996377030465E-04
  0.2683201094261261E+01  0.4288861542442927E-04
  0.2685786318826827E+01  0.4288726707855388E-04
  0.2688371543392392E+01  0.4288591873267850E-04
  0.2690956767957958E+01  0.4288457038680312E-04
  0.2693541992523524E+01  0.4288322204092773E-04
  0.2696127217089089E+01  0.4288187369505234E-04
  0.2698712441654655E+01  0.4288052534917696E-04
  0.2701297666220220E+01  0.4287917700330158E-04
  0.2703882890785786E+01  0.4287782865742618E-04
  0.2706468115351351E+01  0.4287648031155080E-04
  0.2709053339916917E+01  0.4287513196567541E-04
  0.2711638564482482E+01  0.4287378361980002E-04
  0.2714223789048048E+01  0.4287243527392464E-04
  0.2716809013613613E+01  0.4287108692804926E-04
  0.2719394238179179E+01  0.4286973858217387E-04
  0.2721979462744744E+01  0.4286839023629849E-04
  0.2724564687310310E+01  0.4286704189042310E-04
  0.2727149911875876E+01  0.4286569354454772E-04
  0.2729735136441441E+01  0.4286434519867233E-04
  0.2732320361007007E+01  0.4286299685279695E-04
  0.2734905585572573E+01  0.4286164850692156E-04
  0.2737490810138138E+01  0.4286030016104617E-04
  0.2740076034703704E+01  0.4285895181517079E-04
  0.2742661259269269E+01  0.4285760346929540E-04
  0.2745246483834835E+01  0.4285625512342002E-04
  0.2747831708400400E+01  0.4285490677754463E-04
  0.2750416932965966E+01  0.4285355843166924E-04
  0.2753002157531531E+01  0.4285221008579386E-04
  0.2755587382097097E+01  0.4285086173991848E-04
  0.2758172606662662E+01  0.4284951339404309E-04
  0.2760757831228228E+01  0.4284816504816770E-04
  0.2763343055793793E+01  0.4284681670229232E-04
  0.2765928280359359E+01  0.4284546835641694E-04
  0.2768513504924925E+01  0.4284412001054154E-04
  0.2771098729490491E+01  0.4284277166466616E-04
  0.2773683954056056E+01  0.4284142331879078E-04
  0.2776269178621622E+01  0.4284007497291538E-04
  0.2778854403187187E+01  0.4283872662704000E-04
  0.2781439627752753E+01  0.4283737828116462E-04
  0.2784024852318318E+01  0.4283602993528923E-04
  0.2786610076883884E+01  0.4283468158941385E-04
  0.2789195301449449E+01  0.4283333324353846E-04
  0.2791780526015015E+01  0.4283198489766308E-04
  0.2794365750580580E+01  0.4283063655178770E-04
  0.2796950975146146E+01  0.4282928820591231E-04
  0.2799536199711711E+01  0.4282793986003693E-04
  0.2802121424277277E+01  0.4282659151416154E-04
  0.2804706648842843E+01  0.4282524316828615E-04
  0.2807291873408408E+01  0.4282389482241077E-04
  0.2809877097973974E+01  0.4282254647653539E-04
  0.2812462322539540E+01  0.4282119813065999E-04
  0.2815047547105105E+01  0.4281984978478461E-04
  0.2817632771670671E+01  0.4281850143890923E-04
  0.2820217996236236E+01  0.4281715309303384E-04
  0.2822803220801802E+01  0.4281580474715845E-04
  0.2825388445367367E+01  0.4281445640128307E-04
  0.2827973669932933E+01  0.4281310805540768E-04
  0.2830558894498498E+01  0.4281175970953230E-04
  0.2833144119064064E+01  0.4281041136365692E-04
  0.2835729343629629E+01  0.4280906301778153E-04
  0.2838314568195195E+01  0.4280771467190614E-04
  0.2840899792760760E+01  0.4280636632603076E-04
  0.2843485017326326E+01  0.4280501798015537E-04
  0.2846070241891892E+01  0.4280366963427998E-04
  0.2848655466457457E+01  0.4280232128840460E-04
  0.2851240691023023E+01  0.4280097294252921E-04
  0.2853825915588589E+01  0.4279962459665382E-04
  0.2856411140154154E+01  0.4279827625077844E-04
  0.2858996364719720E+01  0.4279692790490306E-04
  0.2861581589285285E+01  0.4279557955902767E-04
  0.2864166813850851E+01  0.4279423121315229E-04
  0.2866752038416416E+01  0.4279288286727690E-04
  0.2869337262981982E+01  0.4279153452140152E-04
  0.2871922487547547E+01  0.4279018617552613E-04
  0.2874507712113113E+01  0.4278883782965075E-04
  0.2877092936678678E+01  0.4278748948377536E-04
  0.2879678161244244E+01  0.4278614113789997E-04
  0.2882263385809810E+01  0.4278479279202459E-04
  0.2884848610375375E+01  0.4278344444614920E-04
  0.2887433834940941E+01  0.4278209610027382E-04
  0.2890019059506507E+01  0.4278074775439843E-04
  0.2892604284072072E+01  0.4277939940852305E-04
  0.2895189508637638E+01  0.4277805106264766E-04
  0.2897774733203203E+01  0.4277670271677228E-04
  0.2900359957768769E+01  0.4277535437089689E-04
  0.2902945182334334E+01  0.4277400602502151E-04
  0.2905530406899900E+01  0.4277265767914612E-04
  0.2908115631465465E+01  0.4277130933327074E-04
  0.2910700856031031E+01  0.4276996098739535E-04
  0.2913286080596596E+01  0.4276861264151996E-04
  0.2915871305162162E+01  0.4276726429564458E-04
  0.2918456529727727E+01  0.4276591594976919E-04
  0.2921041754293293E+01  0.4276456760389380E-04
  0.2923626978858858E+01  0.4276321925801842E-04
  0.2926212203424424E+01  0.4276187091214304E-04
  0.2928797427989990E+01  0.4276052256626765E-04
  0.2931382652555556E+01  0.4275917422039226E-04
  0.2933967877121121E+01  0.4275782587451688E-04
  0.2936553101686687E+01  0.4275647752864150E-04
  0.2939138326252252E+01  0.4275512918276611E-04
  0.2941723550817818E+01  0.4275378083689073E-04
  0.2944308775383383E+01  0.4275243249101534E-04
  0.2946893999948949E+01  0.4275108414513996E-04
  0.2949479224514514E+01  0.4274973579926457E-04
  0.2952064449080080E+01  0.4274838745338918E-04
  0.2954649673645645E+01  0.4274703910751380E-04
  0.2957234898211211E+01  0.4274569076163841E-04
  0.2959820122776777E+01  0.4274434241576303E-04
  0.2962405347342342E+01  0.4274299406988765E-04
  0.2964990571907908E+01  0.4274164572401225E-04
  0.2967575796473473E+01  0.4274029737813687E-04
  0.2970161021039039E+01  0.4273894903226149E-04
  0.2972746245604605E+01  0.4273760068638610E-04
  0.2975331470170170E+01  0.4273625234051072E-04
  0.2977916694735736E+01  0.4273490399463533E-04
  0.2980501919301301E+01  0.4273355564875995E-04
  0.2983087143866867E+01  0.4273220730288456E-04
  0.2985672368432432E+01  0.4273085895700917E-04
  0.2988257592997998E+01  0.4272951061113379E-04
  0.2990842817563563E+01  0.4272816226525840E-04
  0.2993428042129129E+01  0.4272681391938301E-04
  0.2996013266694694E+01  0.4272546557350763E-04
  0.2998598491260260E+01  0.4272411722763224E-04
  0.3001183715825825E+01  0.4272276888175686E-04
  0.3003768940391391E+01  0.4272142053588147E-04
  0.3006354164956957E+01  0.4272007219000609E-04
  0.3008939389522522E+01  0.4271872384413071E-04
  0.3011524614088088E+01  0.4271737549825532E-04
  0.3014109838653654E+01  0.4271602715237994E-04
  0.3016695063219219E+01  0.4271467880650455E-04
  0.3019280287784785E+01  0.4271333046062916E-04
  0.3021865512350350E+01  0.4271198211475378E-04
  0.3024450736915916E+01  0.4271063376887839E-04
  0.3027035961481481E+01  0.4270928542300300E-04
  0.3029621186047047E+01  0.4270793707712762E-04
  0.3032206410612612E+01  0.4270658873125223E-04
  0.3034791635178178E+01  0.4270524038537685E-04
  0.3037376859743744E+01  0.4270389203950146E-04
  0.3039962084309309E+01  0.4270254369362608E-04
  0.3042547308874875E+01  0.4270119534775069E-04
  0.3045132533440440E+01  0.4269984700187531E-04
  0.3047717758006006E+01  0.4269849865599993E-04
  0.3050302982571572E+01  0.4269715031012454E-04
  0.3052888207137137E+01  0.4269580196424915E-04
  0.3055473431702703E+01  0.4269445361837377E-04
  0.3058058656268268E+01  0.4269310527249838E-04
  0.3060643880833834E+01  0.4269175692662299E-04
  0.3063229105399399E+01  0.4269040858074761E-04
  0.3065814329964965E+01  0.4268906023487222E-04
  0.3068399554530530E+01  0.4268771188899683E-04
  0.3070984779096096E+01  0.4268636354312145E-04
  0.3073570003661661E+01  0.4268501519724607E-04
  0.3076155228227227E+01  0.4268366685137068E-04
  0.3078740452792792E+01  0.4268231850549530E-04
  0.3081325677358358E+01  0.4268097015961991E-04
  0.3083910901923924E+01  0.4267962181374453E-04
  0.3086496126489489E+01  0.4267827346786914E-04
  0.3089081351055055E+01  0.4267692512199376E-04
  0.3091666575620621E+01  0.4267557677611837E-04
  0.3094251800186186E+01  0.4267422843024298E-04
  0.3096837024751752E+01  0.4267288008436760E-04
  0.3099422249317317E+01  0.4357870464498297E-04
  0.3102007473882883E+01  0.5048225055160145E-04
  0.3104592698448448E+01  0.6466049723622447E-04
  0.3107177923014014E+01  0.5809899325346197E-04
  0.3109763147579579E+01  0.5084257449387124E-04
  0.3112348372145145E+01  0.6200915268716326E-04
  0.3114933596710711E+01  0.6653185046450447E-04
  0.3117518821276276E+01  0.5716468566400325E-04
  0.3120104045841842E+01  0.4922300812126882E-04
  0.3122689270407407E+01  0.5929469283555337E-04
  0.3125274494972973E+01  0.5236448467373562E-04
  0.3127859719538538E+01  0.5193776528435619E-04
  0.3130444944104104E+01  0.6618689510827764E-04
  0.3133030168669670E+01  0.6690465625288304E-04
  0.3135615393235235E+01  0.6440556620261884E-04
  0.3138200617800801E+01  0.7043632956222002E-04
  0.3140785842366366E+01  0.7391121651252700E-04
  0.3143371066931932E+01  0.5982299016840192E-04
  0.3145956291497497E+01  0.5316458182455040E-04
  0.3148541516063063E+01  0.5107113635024843E-04
  0.3151126740628628E+01  0.4639796489015811E-04
  0.3153711965194194E+01  0.4638324106847880E-04
  0.3156297189759759E+01  0.4636851724679951E-04
  0.3158882414325325E+01  0.4635379342512020E-04
  0.3161467638890891E+01  0.4633906960344090E-04
  0.3164052863456456E+01  0.4632434578176160E-04
  0.3166638088022022E+01  0.4630962196008229E-04
  0.3169223312587587E+01  0.4629489813840299E-04
  0.3171808537153153E+01  0.4628017431672370E-04
  0.3174393761718719E+01  0.4626545049504439E-04
  0.3176978986284284E+01  0.4625072667336510E-04
  0.3179564210849850E+01  0.4623600285168580E-04
  0.3182149435415415E+01  0.4622127903000649E-04
  0.3184734659980981E+01  0.4620655520832719E-04
  0.3187319884546546E+01  0.4619183138664789E-04
  0.3189905109112112E+01  0.4617710756496859E-04
  0.3192490333677678E+01  0.4616238374328928E-04
  0.3195075558243243E+01  0.4614765992160998E-04
  0.3197660782808809E+01  0.4613293609993068E-04
  0.3200246007374374E+01  0.4611821227825138E-04
  0.3202831231939940E+01  0.4610348845657209E-04
  0.3205416456505505E+01  0.4608876463489278E-04
  0.3208001681071071E+01  0.4607404081321348E-04
  0.3210586905636637E+01  0.4605931699153418E-04
  0.3213172130202202E+01  0.4604459316985488E-04
  0.3215757354767768E+01  0.4602986934817558E-04
  0.3218342579333333E+01  0.4601514552649628E-04
  0.3220927803898899E+01  0.4600042170481697E-04
  0.3223513028464464E+01  0.4598569788313767E-04
  0.3226098253030030E+01  0.4597097406145837E-04
  0.3228683477595595E+01  0.4595625023977907E-04
  0.3231268702161161E+01  0.4594152641809976E-04
  0.3233853926726726E+01  0.4592680259642047E-04
  0.3236439151292292E+01  0.4591207877474117E-04
  0.3239024375857858E+01  0.4589735495306187E-04
  0.3241609600423423E+01  0.4588263113138257E-04
  0.3244194824988989E+01  0.4586790730970326E-04
  0.3246780049554554E+01  0.4585318348802396E-04
  0.3249365274120120E+01  0.4583845966634466E-04
  0.3251950498685686E+01  0.4582373584466536E-04
  0.3254535723251251E+01  0.4580901202298606E-04
  0.3257120947816817E+01  0.4579428820130676E-04
  0.3259706172382382E+01  0.4577956437962745E-04
  0.3262291396947948E+01  0.4576484055794816E-04
  0.3264876621513513E+01  0.4575011673626885E-04
  0.3267461846079079E+01  0.4573539291458956E-04
  0.3270047070644645E+01  0.4572066909291026E-04
  0.3272632295210210E+01  0.4570594527123095E-04
  0.3275217519775776E+01  0.4569122144955166E-04
  0.3277802744341341E+01  0.4567649762787235E-04
  0.3280387968906907E+01  0.4566177380619305E-04
  0.3282973193472472E+01  0.4564704998451375E-04
  0.3285558418038038E+01  0.4563232616283445E-04
  0.3288143642603603E+01  0.4561760234115514E-04
  0.3290728867169169E+01  0.4560287851947584E-04
  0.3293314091734735E+01  0.4558815469779655E-04
  0.3295899316300300E+01  0.4557343087611725E-04
  0.3298484540865866E+01  0.4555870705443794E-04
  0.3301069765431431E+01  0.4554398323275864E-04
  0.3303654989996997E+01  0.4552925941107933E-04
  0.3306240214562562E+01  0.4551453558940004E-04
  0.3308825439128128E+01  0.4549981176772073E-04
  0.3311410663693693E+01  0.4548508794604144E-04
  0.3313995888259259E+01  0.4547036412436214E-04
  0.3316581112824825E+01  0.4545564030268283E-04
  0.3319166337390390E+01  0.4544091648100353E-04
  0.3321751561955956E+01  0.4542619265932423E-04
  0.3324336786521521E+01  0.4541146883764492E-04
  0.3326922011087087E+01  0.4539674501596562E-04
  0.3329507235652652E+01  0.4538202119428633E-04
  0.3332092460218218E+01  0.4536729737260702E-04
  0.3334677684783784E+01  0.4535257355092772E-04
  0.3337262909349349E+01  0.4533784972924843E-04
  0.3339848133914915E+01  0.4532312590756912E-04
  0.3342433358480480E+01  0.4530840208588982E-04
  0.3345018583046046E+01  0.4529367826421052E-04
  0.3347603807611612E+01  0.4527895444253122E-04
  0.3350189032177177E+01  0.4526423062085192E-04
  0.3352774256742743E+01  0.4524950679917262E-04
  0.3355359481308308E+01  0.4523478297749331E-04
  0.3357944705873874E+01  0.4522005915581401E-04
  0.3360529930439439E+01  0.4520533533413471E-04
  0.3363115155005005E+01  0.4519061151245541E-04
  0.3365700379570570E+01  0.4517588769077611E-04
  0.3368285604136136E+01  0.4516116386909681E-04
  0.3370870828701702E+01  0.4514644004741751E-04
  0.3373456053267267E+01  0.4513171622573821E-04
  0.3376041277832833E+01  0.4511699240405891E-04
  0.3378626502398398E+01  0.4510226858237961E-04
  0.3381211726963964E+01  0.4508754476070031E-04
  0.3383796951529529E+01  0.4507282093902100E-04
  0.3386382176095095E+01  0.4505809711734170E-04
  0.3388967400660660E+01  0.4504337329566240E-04
  0.3391552625226226E+01  0.4502864947398310E-04
  0.3394137849791791E+01  0.4501392565230381E-04
  0.3396723074357357E+01  0.4499920183062450E-04
  0.3399308298922923E+01  0.4498447800894520E-04
  0.3401893523488488E+01  0.4496975418726590E-04
  0.3404478748054054E+01  0.4495503036558660E-04
  0.3407063972619619E+01  0.4494030654390730E-04
  0.3409649197185185E+01  0.4492558272222799E-04
  0.3412234421750751E+01  0.4491085890054869E-04
  0.3414819646316316E+01  0.4489613507886939E-04
  0.3417404870881882E+01  0.4488141125719009E-04
  0.3419990095447448E+01  0.4486668743551079E-04
  0.3422575320013013E+01  0.4485196361383149E-04
  0.3425160544578579E+01  0.4483723979215218E-04
  0.3427745769144144E+01  0.4482251597047289E-04
  0.3430330993709710E+01  0.4480779214879359E-04
  0.3432916218275275E+01  0.4479306832711428E-04
  0.3435501442840841E+01  0.4477834450543498E-04
  0.3438086667406406E+01  0.4476362068375569E-04
  0.3440671891971972E+01  0.4474889686207638E-04
  0.3443257116537537E+01  0.4473417304039708E-04
  0.3445842341103103E+01  0.4471944921871778E-04
  0.3448427565668668E+01  0.4470472539703848E-04
  0.3451012790234234E+01  0.4469000157535917E-04
  0.3453598014799800E+01  0.4467527775367988E-04
  0.3456183239365365E+01  0.4466055393200057E-04
  0.3458768463930931E+01  0.4464583011032126E-04
  0.3461353688496496E+01  0.4463110628864198E-04
  0.3463938913062062E+01  0.4461638246696267E-04
  0.3466524137627627E+01  0.4460165864528337E-04
  0.3469109362193193E+01  0.4458693482360407E-04
  0.3471694586758758E+01  0.4457221100192477E-04
  0.3474279811324324E+01  0.4455748718024547E-04
  0.3476865035889890E+01  0.4454276335856617E-04
  0.3479450260455455E+01  0.4452803953688686E-04
  0.3482035485021021E+01  0.4451331571520756E-04
  0.3484620709586586E+01  0.4449859189352826E-04
  0.3487205934152152E+01  0.4448386807184896E-04
  0.3489791158717718E+01  0.4446914425016966E-04
  0.3492376383283283E+01  0.4445442042849036E-04
  0.3494961607848849E+01  0.4443969660681105E-04
  0.3497546832414415E+01  0.4442497278513175E-04
  0.3500132056979980E+01  0.4560989937736532E-04
  0.3502717281545546E+01  0.4909088958774237E-04
  0.3505302506111111E+01  0.4269753369283723E-04
  0.3507887730676677E+01  0.4270161361445589E-04
  0.3510472955242242E+01  0.4270569353607454E-04
  0.3513058179807808E+01  0.4270977345769320E-04
  0.3515643404373373E+01  0.4271385337931185E-04
  0.3518228628938939E+01  0.4271793330093051E-04
  0.3520813853504504E+01  0.4272201322254916E-04
  0.3523399078070070E+01  0.4272609314416782E-04
  0.3525984302635635E+01  0.4273017306578647E-04
  0.3528569527201201E+01  0.4273425298740513E-04
  0.3531154751766767E+01  0.4273833290902378E-04
  0.3533739976332332E+01  0.4274241283064242E-04
  0.3536325200897898E+01  0.4274649275226108E-04
  0.3538910425463463E+01  0.4275057267387973E-04
  0.3541495650029029E+01  0.4275465259549839E-04
  0.3544080874594594E+01  0.4275873251711704E-04
  0.3546666099160160E+01  0.4276281243873570E-04
  0.3549251323725725E+01  0.4276689236035435E-04
  0.3551836548291291E+01  0.4277097228197301E-04
  0.3554421772856856E+01  0.4277505220359166E-04
  0.3557006997422422E+01  0.4277913212521031E-04
  0.3559592221987988E+01  0.4278321204682897E-04
  0.3562177446553553E+01  0.4278729196844762E-04
  0.3564762671119119E+01  0.4279137189006627E-04
  0.3567347895684684E+01  0.4279545181168493E-04
  0.3569933120250250E+01  0.4279953173330358E-04
  0.3572518344815816E+01  0.4280361165492223E-04
  0.3575103569381382E+01  0.4280769157654089E-04
  0.3577688793946947E+01  0.4281177149815954E-04
  0.3580274018512513E+01  0.4281585141977820E-04
  0.3582859243078078E+01  0.4281993134139685E-04
  0.3585444467643644E+01  0.4282401126301550E-04
  0.3588029692209209E+01  0.4282809118463416E-04
  0.3590614916774775E+01  0.4283217110625282E-04
  0.3593200141340340E+01  0.4283625102787147E-04
  0.3595785365905906E+01  0.4284033094949012E-04
  0.3598370590471471E+01  0.4284441087110877E-04
  0.3600955815037037E+01  0.4284849079272743E-04
  0.3603541039602602E+01  0.4285257071434608E-04
  0.3606126264168168E+01  0.4285665063596473E-04
  0.3608711488733733E+01  0.4286073055758339E-04
  0.3611296713299299E+01  0.4286481047920204E-04
  0.3613881937864865E+01  0.4286889040082071E-04
  0.3616467162430430E+01  0.4287297032243935E-04
  0.3619052386995996E+01  0.4287705024405801E-04
  0.3621637611561561E+01  0.4288113016567666E-04
  0.3624222836127127E+01  0.4288521008729532E-04
  0.3626808060692692E+01  0.4288929000891397E-04
  0.3629393285258258E+01  0.4289336993053263E-04
  0.3631978509823823E+01  0.4289744985215128E-04
  0.3634563734389389E+01  0.4290152977376993E-04
  0.3637148958954955E+01  0.4290560969538859E-04
  0.3639734183520520E+01  0.4290968961700724E-04
  0.3642319408086086E+01  0.4291376953862589E-04
  0.3644904632651651E+01  0.4291784946024455E-04
  0.3647489857217217E+01  0.4292192938186320E-04
  0.3650075081782783E+01  0.4292600930348186E-04
  0.3652660306348348E+01  0.4293008922510051E-04
  0.3655245530913914E+01  0.4293416914671917E-04
  0.3657830755479480E+01  0.4293824906833782E-04
  0.3660415980045045E+01  0.4294232898995647E-04
  0.3663001204610611E+01  0.4294640891157512E-04
  0.3665586429176176E+01  0.4295048883319378E-04
  0.3668171653741742E+01  0.4295456875481243E-04
  0.3670756878307307E+01  0.4295864867643109E-04
  0.3673342102872873E+01  0.4296272859804974E-04
  0.3675927327438438E+01  0.4296680851966840E-04
  0.3678512552004004E+01  0.4297088844128705E-04
  0.3681097776569569E+01  0.4297496836290570E-04
  0.3683683001135135E+01  0.4324711273608512E-04
  0.3686268225700700E+01  0.4384884021255458E-04
  0.3688853450266266E+01  0.4320615912184850E-04
  0.3691438674831832E+01  0.4418904136109651E-04
  0.3694023899397397E+01  0.4338537731122505E-04
  0.3696609123962963E+01  0.4339041413854707E-04
  0.3699194348528528E+01  0.4339545096586908E-04
  0.3701779573094094E+01  0.4340048779319109E-04
  0.3704364797659659E+01  0.4340552462051310E-04
  0.3706950022225225E+01  0.4341056144783512E-04
  0.3709535246790790E+01  0.4341559827515713E-04
  0.3712120471356356E+01  0.4342063510247915E-04
  0.3714705695921922E+01  0.4342567192980116E-04
  0.3717290920487487E+01  0.4343070875712316E-04
  0.3719876145053053E+01  0.4343574558444518E-04
  0.3722461369618618E+01  0.4344078241176719E-04
  0.3725046594184184E+01  0.4344581923908921E-04
  0.3727631818749749E+01  0.4345085606641123E-04
  0.3730217043315315E+01  0.4345589289373323E-04
  0.3732802267880881E+01  0.4346092972105524E-04
  0.3735387492446447E+01  0.4346596654837726E-04
  0.3737972717012012E+01  0.4347100337569927E-04
  0.3740557941577578E+01  0.4347604020302129E-04
  0.3743143166143143E+01  0.4348107703034330E-04
  0.3745728390708709E+01  0.4348611385766531E-04
  0.3748313615274274E+01  0.4349115068498732E-04
  0.3750898839839840E+01  0.4349618751230933E-04
  0.3753484064405405E+01  0.4350122433963135E-04
  0.3756069288970971E+01  0.4350626116695336E-04
  0.3758654513536536E+01  0.4351129799427537E-04
  0.3761239738102102E+01  0.4351633482159738E-04
  0.3763824962667667E+01  0.4352137164891940E-04
  0.3766410187233233E+01  0.4352640847624141E-04
  0.3768995411798799E+01  0.4353144530356343E-04
  0.3771580636364364E+01  0.4353648213088544E-04
  0.3774165860929930E+01  0.4354151895820745E-04
  0.3776751085495495E+01  0.4354655578552946E-04
  0.3779336310061061E+01  0.4355159261285147E-04
  0.3781921534626626E+01  0.4355662944017349E-04
  0.3784506759192192E+01  0.4356166626749551E-04
  0.3787091983757757E+01  0.4356670309481751E-04
  0.3789677208323323E+01  0.4357173992213953E-04
  0.3792262432888889E+01  0.4357677674946154E-04
  0.3794847657454454E+01  0.4358181357678355E-04
  0.3797432882020020E+01  0.4358685040410556E-04
  0.3800018106585585E+01  0.4359188723142758E-04
  0.3802603331151151E+01  0.4359692405874959E-04
  0.3805188555716716E+01  0.4360196088607161E-04
  0.3807773780282282E+01  0.4360699771339361E-04
  0.3810359004847848E+01  0.4361203454071563E-04
  0.3812944229413413E+01  0.4361707136803765E-04
  0.3815529453978979E+01  0.4362210819535965E-04
  0.3818114678544545E+01  0.4362714502268167E-04
  0.3820699903110110E+01  0.4363218185000368E-04
  0.3823285127675676E+01  0.4363721867732569E-04
  0.3825870352241241E+01  0.4364225550464771E-04
  0.3828455576806807E+01  0.4364729233196972E-04
  0.3831040801372372E+01  0.4365232915929174E-04
  0.3833626025937938E+01  0.4365736598661375E-04
  0.3836211250503503E+01  0.4366240281393575E-04
  0.3838796475069069E+01  0.4366743964125777E-04
  0.3841381699634634E+01  0.4367247646857978E-04
  0.3843966924200200E+01  0.4367751329590179E-04
  0.3846552148765765E+01  0.4368255012322381E-04
  0.3849137373331331E+01  0.4368758695054582E-04
  0.3851722597896897E+01  0.4369262377786783E-04
  0.3854307822462462E+01  0.4369766060518985E-04
  0.3856893047028028E+01  0.4370269743251186E-04
  0.3859478271593593E+01  0.4370773425983388E-04
  0.3862063496159159E+01  0.4371277108715589E-04
  0.3864648720724724E+01  0.4371780791447790E-04
  0.3867233945290290E+01  0.4372284474179991E-04
  0.3869819169855856E+01  0.4372788156912193E-04
  0.3872404394421421E+01  0.4373291839644394E-04
  0.3874989618986987E+01  0.4373795522376595E-04
  0.3877574843552552E+01  0.4374299205108795E-04
  0.3880160068118118E+01  0.4374802887840997E-04
  0.3882745292683683E+01  0.4375306570573199E-04
  0.3885330517249249E+01  0.4375810253305400E-04
  0.3887915741814814E+01  0.4376313936037601E-04
  0.3890500966380380E+01  0.4376817618769803E-04
  0.3893086190945946E+01  0.4377321301502004E-04
  0.3895671415511512E+01  0.4377824984234205E-04
  0.3898256640077077E+01  0.4378328666966406E-04
  0.3900841864642643E+01  0.4378832349698608E-04
  0.3903427089208208E+01  0.4379336032430809E-04
  0.3906012313773774E+01  0.4379839715163010E-04
  0.3908597538339339E+01  0.4380343397895211E-04
  0.3911182762904905E+01  0.4380847080627413E-04
  0.3913767987470470E+01  0.4381350763359614E-04
  0.3916353212036036E+01  0.4381854446091815E-04
  0.3918938436601601E+01  0.4382358128824016E-04
  0.3921523661167167E+01  0.4382861811556218E-04
  0.3924108885732732E+01  0.4383365494288419E-04
  0.3926694110298298E+01  0.4383869177020620E-04
  0.3929279334863864E+01  0.4384372859752822E-04
  0.3931864559429429E+01  0.4384876542485023E-04
  0.3934449783994995E+01  0.4385380225217225E-04
  0.3937035008560560E+01  0.4385883907949425E-04
  0.3939620233126126E+01  0.4386387590681627E-04
  0.3942205457691691E+01  0.4386891273413828E-04
  0.3944790682257257E+01  0.4387394956146030E-04
  0.3947375906822823E+01  0.4387898638878231E-04
  0.3949961131388388E+01  0.4388402321610432E-04
  0.3952546355953954E+01  0.4388906004342634E-04
  0.3955131580519519E+01  0.4389409687074834E-04
  0.3957716805085085E+01  0.4389913369807036E-04
  0.3960302029650650E+01  0.4390417052539237E-04
  0.3962887254216216E+01  0.4390920735271438E-04
  0.3965472478781781E+01  0.4391424418003639E-04
  0.3968057703347347E+01  0.4391928100735841E-04
  0.3970642927912913E+01  0.4392431783468042E-04
  0.3973228152478478E+01  0.4392935466200244E-04
  0.3975813377044044E+01  0.4393439148932445E-04
  0.3978398601609610E+01  0.4393942831664646E-04
  0.3980983826175175E+01  0.4394446514396847E-04
  0.3983569050740741E+01  0.4394950197129048E-04
  0.3986154275306306E+01  0.4395453879861250E-04
  0.3988739499871872E+01  0.4395957562593451E-04
  0.3991324724437437E+01  0.4396461245325653E-04
  0.3993909949003003E+01  0.4396964928057854E-04
  0.3996495173568568E+01  0.4397468610790055E-04
  0.3999080398134134E+01  0.4397972293522256E-04
  0.4001665622699699E+01  0.4398475976254458E-04
  0.4004250847265265E+01  0.4398979658986659E-04
  0.4006836071830831E+01  0.4399483341718860E-04
  0.4009421296396396E+01  0.4399987024451061E-04
  0.4012006520961962E+01  0.4400490707183262E-04
  0.4014591745527527E+01  0.4400994389915464E-04
  0.4017176970093093E+01  0.4401498072647665E-04
  0.4019762194658658E+01  0.4402001755379866E-04
  0.4022347419224224E+01  0.4402505438112067E-04
  0.4024932643789789E+01  0.4403009120844269E-04
  0.4027517868355355E+01  0.4403512803576470E-04
  0.4030103092920921E+01  0.4404016486308672E-04
  0.4032688317486486E+01  0.4404520169040873E-04
  0.4035273542052051E+01  0.4405023851773074E-04
  0.4037858766617617E+01  0.4405527534505276E-04
  0.4040443991183183E+01  0.4406031217237476E-04
  0.4043029215748748E+01  0.4406534899969678E-04
  0.4045614440314314E+01  0.4407038582701879E-04
  0.4048199664879879E+01  0.4407542265434081E-04
  0.4050784889445445E+01  0.4408045948166282E-04
  0.4053370114011011E+01  0.4408549630898483E-04
  0.4055955338576577E+01  0.4409053313630684E-04
  0.4058540563142142E+01  0.4409556996362886E-04
  0.4061125787707708E+01  0.4410060679095087E-04
  0.4063711012273274E+01  0.4410564361827289E-04
  0.4066296236838839E+01  0.4411068044559490E-04
  0.4068881461404404E+01  0.4411571727291690E-04
  0.4071466685969970E+01  0.4412075410023892E-04
  0.4074051910535536E+01  0.4412579092756093E-04
  0.4076637135101101E+01  0.4413082775488295E-04
  0.4079222359666666E+01  0.4413586458220496E-04
  0.4081807584232232E+01  0.4414090140952697E-04
  0.4084392808797798E+01  0.4414593823684898E-04
  0.4086978033363363E+01  0.4415097506417100E-04
  0.4089563257928929E+01  0.4415601189149301E-04
  0.4092148482494494E+01  0.4416104871881502E-04
  0.4094733707060060E+01  0.4416608554613704E-04
  0.4097318931625625E+01  0.4417112237345904E-04
  0.4099904156191191E+01  0.4417615920078106E-04
  0.4102489380756756E+01  0.4418119602810307E-04
  0.4105074605322322E+01  0.4418623285542509E-04
  0.4107659829887888E+01  0.4419126968274711E-04
  0.4110245054453453E+01  0.4419630651006911E-04
  0.4112830279019018E+01  0.4420134333739113E-04
  0.4115415503584584E+01  0.4420638016471314E-04
  0.4118000728150150E+01  0.4421141699203515E-04
  0.4120585952715715E+01  0.4421645381935717E-04
  0.4123171177281281E+01  0.4422149064667918E-04
  0.4125756401846846E+01  0.4422652747400118E-04
  0.4128341626412412E+01  0.4423156430132320E-04
  0.4130926850977978E+01  0.4423660112864521E-04
  0.4133512075543543E+01  0.4424163795596723E-04
  0.4136097300109109E+01  0.4424667478328924E-04
  0.4138682524674675E+01  0.4425171161061125E-04
  0.4141267749240241E+01  0.4425674843793326E-04
  0.4143852973805806E+01  0.4426178526525528E-04
  0.4146438198371371E+01  0.4426682209257729E-04
  0.4149023422936937E+01  0.4427185891989930E-04
  0.4151608647502503E+01  0.4427689574722132E-04
  0.4154193872068068E+01  0.4428193257454333E-04
  0.4156779096633633E+01  0.4428696940186534E-04
  0.4159364321199199E+01  0.4429200622918735E-04
  0.4161949545764765E+01  0.4429704305650937E-04
  0.4164534770330330E+01  0.4430207988383137E-04
  0.4167119994895896E+01  0.4430711671115339E-04
  0.4169705219461461E+01  0.4431215353847540E-04
  0.4172290444027027E+01  0.4431719036579742E-04
  0.4174875668592592E+01  0.4432222719311943E-04
  0.4177460893158158E+01  0.4432726402044145E-04
  0.4180046117723723E+01  0.4433230084776346E-04
  0.4182631342289289E+01  0.4433733767508547E-04
  0.4185216566854855E+01  0.4434237450240749E-04
  0.4187801791420420E+01  0.4434741132972949E-04
  0.4190387015985985E+01  0.4435244815705151E-04
  0.4192972240551551E+01  0.4435748498437352E-04
  0.4195557465117117E+01  0.4436252181169553E-04
  0.4198142689682682E+01  0.4436755863901755E-04
  0.4200727914248248E+01  0.4437259546633955E-04
  0.4203313138813813E+01  0.4437763229366157E-04
  0.4205898363379379E+01  0.4438266912098358E-04
  0.4208483587944944E+01  0.4438770594830560E-04
  0.4211068812510510E+01  0.4439274277562761E-04
  0.4213654037076076E+01  0.4439777960294962E-04
  0.4216239261641642E+01  0.4440281643027163E-04
  0.4218824486207208E+01  0.4440785325759365E-04
  0.4221409710772773E+01  0.4441289008491567E-04
  0.4223994935338338E+01  0.4441792691223768E-04
  0.4226580159903904E+01  0.4442296373955969E-04
  0.4229165384469470E+01  0.4442800056688169E-04
  0.4231750609035035E+01  0.4443303739420371E-04
  0.4234335833600600E+01  0.4443807422152573E-04
  0.4236921058166166E+01  0.4444311104884774E-04
  0.4239506282731732E+01  0.4444814787616975E-04
  0.4242091507297297E+01  0.4445318470349176E-04
  0.4244676731862863E+01  0.4445822153081377E-04
  0.4247261956428428E+01  0.4446325835813579E-04
  0.4249847180993994E+01  0.4446829518545780E-04
  0.4252432405559559E+01  0.4447333201277981E-04
  0.4255017630125125E+01  0.4447836884010183E-04
  0.4257602854690690E+01  0.4448340566742383E-04
  0.4260188079256256E+01  0.4448844249474586E-04
  0.4262773303821822E+01  0.4449347932206787E-04
  0.4265358528387387E+01  0.4449851614938988E-04
  0.4267943752952952E+01  0.4450355297671189E-04
  0.4270528977518518E+01  0.4450858980403391E-04
  0.4273114202084084E+01  0.4451362663135591E-04
  0.4275699426649649E+01  0.4451866345867793E-04
  0.4278284651215215E+01  0.4452370028599994E-04
  0.4280869875780780E+01  0.4452873711332195E-04
  0.4283455100346346E+01  0.4453377394064397E-04
  0.4286040324911911E+01  0.4453881076796598E-04
  0.4288625549477477E+01  0.4454384759528799E-04
  0.4291210774043043E+01  0.4454888442261001E-04
  0.4293795998608608E+01  0.4455392124993202E-04
  0.4296381223174174E+01  0.4455895807725404E-04
  0.4298966447739740E+01  0.4456399490457605E-04
  0.4301551672305305E+01  0.4456903173189806E-04
  0.4304136896870871E+01  0.4457406855922007E-04
  0.4306722121436437E+01  0.4457910538654208E-04
  0.4309307346002002E+01  0.4458414221386410E-04
  0.4311892570567567E+01  0.4458917904118612E-04
  0.4314477795133133E+01  0.4459421586850813E-04
  0.4317063019698699E+01  0.4459925269583013E-04
  0.4319648244264264E+01  0.4460428952315215E-04
  0.4322233468829830E+01  0.4460932635047416E-04
  0.4324818693395395E+01  0.4461436317779617E-04
  0.4327403917960961E+01  0.4461940000511819E-04
  0.4329989142526526E+01  0.4462443683244020E-04
  0.4332574367092092E+01  0.4462947365976221E-04
  0.4335159591657657E+01  0.4463451048708422E-04
  0.4337744816223223E+01  0.4463954731440624E-04
  0.4340330040788789E+01  0.4464458414172825E-04
  0.4342915265354354E+01  0.4464962096905027E-04
  0.4345500489919919E+01  0.4465465779637227E-04
  0.4348085714485485E+01  0.4465969462369429E-04
  0.4350670939051051E+01  0.4466473145101630E-04
  0.4353256163616616E+01  0.4466976827833832E-04
  0.4355841388182182E+01  0.4467480510566033E-04
  0.4358426612747747E+01  0.4467984193298234E-04
  0.4361011837313313E+01  0.4468487876030435E-04
  0.4363597061878879E+01  0.4468991558762636E-04
  0.4366182286444444E+01  0.4469495241494838E-04
  0.4368767511010009E+01  0.4469998924227039E-04
  0.4371352735575575E+01  0.4470502606959241E-04
  0.4373937960141141E+01  0.4471681880594184E-04
  0.4376523184706707E+01  0.5268743875979902E-04
  0.4379108409272272E+01  0.5846541150116248E-04
  0.4381693633837838E+01  0.6614039780642611E-04
  0.4384278858403404E+01  0.7278422551011537E-04
  0.4386864082968969E+01  0.8085794834031414E-04
  0.4389449307534534E+01  0.9114460091784899E-04
  0.4392034532100100E+01  0.9787150715134440E-04
  0.4394619756665666E+01  0.1083704695262267E-03
  0.4397204981231231E+01  0.1236576808311490E-03
  0.4399790205796796E+01  0.1414860518078737E-03
  0.4402375430362362E+01  0.1614277363091895E-03
  0.4404960654927928E+01  0.1783505487905044E-03
  0.4407545879493494E+01  0.1988534712550912E-03
  0.4410131104059059E+01  0.2221211292412913E-03
  0.4412716328624624E+01  0.2494071297361966E-03
  0.4415301553190190E+01  0.2805710442201976E-03
  0.4417886777755756E+01  0.3213515732548161E-03
  0.4420472002321321E+01  0.3693006580528410E-03
  0.4423057226886886E+01  0.4208699801766466E-03
  0.4425642451452452E+01  0.4758491843384597E-03
  0.4428227676018018E+01  0.5391672189492459E-03
  0.4430812900583583E+01  0.6133222237400986E-03
  0.4433398125149148E+01  0.6997528930939255E-03
  0.4435983349714714E+01  0.8010293539805088E-03
  0.4438568574280280E+01  0.9191998798693565E-03
  0.4441153798845846E+01  0.1056939670471521E-02
  0.4443739023411411E+01  0.1215598007622626E-02
  0.4446324247976976E+01  0.1400023824368885E-02
  0.4448909472542542E+01  0.1616845525793998E-02
  0.4451494697108108E+01  0.1875191642852839E-02
  0.4454079921673674E+01  0.2179601423463695E-02
  0.4456665146239239E+01  0.2544254516538629E-02
  0.4459250370804805E+01  0.2981700513375105E-02
  0.4461835595370371E+01  0.3504707251290749E-02
  0.4464420819935936E+01  0.4137825711644912E-02
  0.4467006044501501E+01  0.4903133734944881E-02
  0.4469591269067067E+01  0.5840156092549551E-02
  0.4472176493632633E+01  0.6988585561592950E-02
  0.4474761718198198E+01  0.8396134125503964E-02
  0.4477346942763763E+01  0.1015241218544776E-01
  0.4479932167329329E+01  0.1232053211285228E-01
  0.4482517391894895E+01  0.1502004280079757E-01
  0.4485102616460461E+01  0.1841018754309781E-01
  0.4487687841026026E+01  0.2266754794508144E-01
  0.4490273065591591E+01  0.2803048223133078E-01
  0.4492858290157157E+01  0.3480194574689946E-01
  0.4495443514722723E+01  0.4343596138624344E-01
  0.4498028739288288E+01  0.5435480392027804E-01
  0.4500613963853853E+01  0.6810254892916941E-01
  0.4503199188419419E+01  0.8523524214340580E-01
  0.4505784412984985E+01  0.1062659754610766E+00
  0.4508369637550550E+01  0.1313573332764164E+00
  0.4510954862116115E+01  0.1605479926236653E+00
  0.4513540086681681E+01  0.1928505170552323E+00
  0.4516125311247247E+01  0.2271986010510765E+00
  0.4518710535812813E+01  0.2616447206462433E+00
  0.4521295760378378E+01  0.2942152584175538E+00
  0.4523880984943943E+01  0.3241095601342516E+00
  0.4526466209509509E+01  0.3490920667886049E+00
  0.4529051434075075E+01  0.3699205981279982E+00
  0.4531636658640640E+01  0.3862680055103097E+00
  0.4534221883206206E+01  0.3982150346081301E+00
  0.4536807107771772E+01  0.4068644589173376E+00
  0.4539392332337338E+01  0.4125522588428451E+00
  0.4541977556902903E+01  0.4161402782770826E+00
  0.4544562781468468E+01  0.4182906479669291E+00
  0.4547148006034034E+01  0.4194198675051847E+00
  0.4549733230599600E+01  0.4200531433476656E+00
  0.4552318455165165E+01  0.4204206993209290E+00
  0.4554903679730730E+01  0.4207311828603477E+00
  0.4557488904296296E+01  0.4210993139980220E+00
  0.4560074128861862E+01  0.4215321093188396E+00
  0.4562659353427428E+01  0.4224838823129193E+00
  0.4565244577992993E+01  0.4230745499090237E+00
  0.4567829802558558E+01  0.4236909708415657E+00
  0.4570415027124124E+01  0.4243027327500624E+00
  0.4573000251689690E+01  0.4252570373881337E+00
  0.4575585476255255E+01  0.4256509291051435E+00
  0.4578170700820820E+01  0.4259317347236534E+00
  0.4580755925386386E+01  0.4260834242673882E+00
  0.4583341149951952E+01  0.4260726001578913E+00
  0.4585926374517517E+01  0.4259480801720758E+00
  0.4588511599083082E+01  0.4256354684379599E+00
  0.4591096823648648E+01  0.4252381788496745E+00
  0.4593682048214214E+01  0.4246964094093847E+00
  0.4596267272779780E+01  0.4240989200770795E+00
  0.4598852497345345E+01  0.4234359065852090E+00
  0.4601437721910910E+01  0.4227308965378307E+00
  0.4604022946476476E+01  0.4220337965943579E+00
  0.4606608171042042E+01  0.4213194608142337E+00
  0.4609193395607607E+01  0.4206547584237998E+00
  0.4611778620173173E+01  0.4200433295941940E+00
  0.4614363844738739E+01  0.4195333071197179E+00
  0.4616949069304304E+01  0.4190419319190011E+00
  0.4619534293869870E+01  0.4185961664959669E+00
  0.4622119518435435E+01  0.4180642935209619E+00
  0.4624704743001001E+01  0.4175156148166936E+00
  0.4627289967566567E+01  0.4170027562723409E+00
  0.4629875192132132E+01  0.4164671555607029E+00
  0.4632460416697697E+01  0.4159528135216068E+00
  0.4635045641263263E+01  0.4153829383416448E+00
  0.4637630865828829E+01  0.4148060999541821E+00
  0.4640216090394395E+01  0.4141937774804693E+00
  0.4642801314959960E+01  0.4135303271036491E+00
  0.4645386539525525E+01  0.4128332773327123E+00
  0.4647971764091091E+01  0.4120616110363653E+00
  0.4650556988656657E+01  0.4112812335787908E+00
  0.4653142213222222E+01  0.4108553334059678E+00
  0.4655727437787787E+01  0.4099420723509039E+00
  0.4658312662353353E+01  0.4089662492992351E+00
  0.4660897886918919E+01  0.4079494745952408E+00
  0.4663483111484484E+01  0.4069258459487415E+00
  0.4666068336050049E+01  0.4058423509327098E+00
  0.4668653560615615E+01  0.4047592551109616E+00
  0.4671238785181181E+01  0.4036083726349926E+00
  0.4673824009746747E+01  0.4024689047003210E+00
  0.4676409234312312E+01  0.4013024313382381E+00
  0.4678994458877877E+01  0.4001024433713369E+00
  0.4681579683443443E+01  0.3988789262291640E+00
  0.4684164908009009E+01  0.3975913700910123E+00
  0.4686750132574574E+01  0.3962975674906390E+00
  0.4689335357140139E+01  0.3949371691556487E+00
  0.4691920581705705E+01  0.3935404528163460E+00
  0.4694505806271271E+01  0.3920648641281416E+00
  0.4697091030836837E+01  0.3905393910493673E+00
  0.4699676255402402E+01  0.3892115184313403E+00
  0.4702261479967968E+01  0.3873109352195800E+00
  0.4704846704533534E+01  0.3851871482679861E+00
  0.4707431929099099E+01  0.3827155998459466E+00
  0.4710017153664664E+01  0.3798856419339218E+00
  0.4712602378230230E+01  0.3766292149471687E+00
  0.4715187602795796E+01  0.3726780884625257E+00
  0.4717772827361362E+01  0.3679739206032061E+00
  0.4720358051926927E+01  0.3622713216429314E+00
  0.4722943276492492E+01  0.3553031825786371E+00
  0.4725528501058058E+01  0.3469275011694396E+00
  0.4728113725623624E+01  0.3371072783189837E+00
  0.4730698950189189E+01  0.3256063345082821E+00
  0.4733284174754754E+01  0.3121468934405938E+00
  0.4735869399320320E+01  0.2973565206205331E+00
  0.4738454623885886E+01  0.2805846437600182E+00
  0.4741039848451451E+01  0.2622311493447562E+00
  0.4743625073017016E+01  0.2426038832288281E+00
  0.4746210297582582E+01  0.2222477461977210E+00
  0.4748795522148148E+01  0.2014022287560932E+00
  0.4751380746713713E+01  0.1805897298922469E+00
  0.4753965971279279E+01  0.1602946926597112E+00
  0.4756551195844844E+01  0.1409693265941518E+00
  0.4759136420410410E+01  0.1227887645932854E+00
  0.4761721644975976E+01  0.1061212400454623E+00
  0.4764306869541541E+01  0.9114201208762418E-01
  0.4766892094107106E+01  0.7785845482779521E-01
  0.4769477318672672E+01  0.6621055510825916E-01
  0.4772062543238238E+01  0.5611927841857304E-01
  0.4774647767803804E+01  0.4746629960742289E-01
  0.4777232992369369E+01  0.4008956501312497E-01
  0.4779818216934935E+01  0.3384487209895243E-01
  0.4782403441500501E+01  0.2857540250204627E-01
  0.4784988666066066E+01  0.2414463742820869E-01
  0.4787573890631631E+01  0.2042964937907255E-01
  0.4790159115197197E+01  0.1731218357190167E-01
  0.4792744339762763E+01  0.1470352159428884E-01
  0.4795329564328329E+01  0.1251756356676951E-01
  0.4797914788893894E+01  0.1068117436181273E-01
  0.4800500013459459E+01  0.9136977090444018E-02
  0.4803085238025025E+01  0.7834242396916540E-02
  0.4805670462590591E+01  0.6732012653436073E-02
  0.4808255687156156E+01  0.5797570831484206E-02
  0.4810840911721721E+01  0.5006477796633739E-02
  0.4813426136287287E+01  0.4336271898909907E-02
  0.4816011360852853E+01  0.3766129785465261E-02
  0.4818596585418418E+01  0.3277696880062884E-02
  0.4821181809983983E+01  0.2857840645518903E-02
  0.4823767034549549E+01  0.2499500018348595E-02
  0.4826352259115115E+01  0.2192352091121949E-02
  0.4828937483680680E+01  0.1926164311790586E-02
  0.4831522708246246E+01  0.1698285865513795E-02
  0.4834107932811811E+01  0.1501214431470479E-02
  0.4836693157377377E+01  0.1327534773382358E-02
  0.4839278381942943E+01  0.1177066504715117E-02
  0.4841863606508508E+01  0.1047162444207498E-02
  0.4844448831074073E+01  0.9338557436671555E-03
  0.4847034055639639E+01  0.8344462250597540E-03
  0.4849619280205205E+01  0.7469966518463194E-03
  0.4852204504770770E+01  0.6700305166480733E-03
  0.4854789729336336E+01  0.6001372476970558E-03
  0.4857374953901902E+01  0.5392587970463573E-03
  0.4859960178467468E+01  0.4844886748535937E-03
  0.4862545403033033E+01  0.4343498783834279E-03
  0.4865130627598598E+01  0.3944479908754376E-03
  0.4867715852164164E+01  0.3596954008126144E-03
  0.4870301076729730E+01  0.3263364299118203E-03
  0.4872886301295296E+01  0.2973665110714170E-03
  0.4875471525860861E+01  0.2718416222823534E-03
  0.4878056750426426E+01  0.2495832359689859E-03
  0.4880641974991992E+01  0.2284967835575167E-03
  0.4883227199557558E+01  0.2087706931924627E-03
  0.4885812424123123E+01  0.1933601915270628E-03
  0.4888397648688688E+01  0.1785768974411478E-03
  0.4890982873254254E+01  0.1625332423044181E-03
  0.4893568097819820E+01  0.1490578618939965E-03
  0.4896153322385385E+01  0.1380314151673916E-03
  0.4898738546950950E+01  0.1273475570729327E-03
  0.4901323771516516E+01  0.1163454774122497E-03
  0.4903908996082082E+01  0.1067716703327101E-03
  0.4906494220647647E+01  0.9719355233750661E-04
  0.4909079445213213E+01  0.8671908649330157E-04
  0.4911664669778778E+01  0.7899633567033444E-04
  0.4914249894344344E+01  0.7475696155543165E-04
  0.4916835118909910E+01  0.7175416841823906E-04
  0.4919420343475475E+01  0.6834897057738367E-04
  0.4922005568041040E+01  0.6502791525204670E-04
  0.4924590792606606E+01  0.6415239394148431E-04
  0.4927176017172172E+01  0.6349005855918219E-04
  0.4929761241737737E+01  0.6068079911388217E-04
  0.4932346466303303E+01  0.5705317184753883E-04
  0.4934931690868869E+01  0.5246282639467974E-04
  0.4937516915434434E+01  0.4781965230593516E-04
  0.4942687364565565E+01  0.0000000000000000E+00
