  1000 NIRCAM_F300M        
  0.2679491943000000E+01  0.3761559161218218E+01  0.2721516054905182E+02  0.2429442115770811E+01  0.6115160549051822E+01  0.1299977334687785E-10  0.3874566807891883E+03  0.2981880602062670E+01  0.8887459263759768E-17  0.2989193561313839E+01
  0.2994139282518046E+01  0.2987548267836057E+01  0.2990839760882632E+01  0.2985232031082245E+01  0.2986242772524710E+01  0.2352650287072110E+00  0.3264031336106190E+00  0.3152887588426808E+00  0.2828814865259440E+01  0.3155217998870059E+01
  0.1237222715264192E+01  0.3152887588426808E+01  0.4141264355739893E-01  0.7114125588489004E-17  0.2113498353553656E-20  0.2539999961853027E+06  0.2447233466633974E+02  0.2690177830798946E+02  0.3058749521539156E+02
  0.2679491943000000E+01  0.0000000000000000E+00
  0.2680574010218218E+01  0.4152529110408658E-04
  0.2681656077436436E+01  0.4259010923472544E-04
  0.2682738144654655E+01  0.4504607487518444E-04
  0.2683820211872873E+01  0.4904188014307553E-04
  0.2684902279091091E+01  0.5350004131778242E-04
  0.2685984346309309E+01  0.5484635326657979E-04
  0.2687066413527528E+01  0.5928754916390336E-04
  0.2688148480745746E+01  0.6285249079287807E-04
  0.2689230547963964E+01  0.6470462812343946E-04
  0.2690312615182182E+01  0.6687319334004113E-04
  0.2691394682400400E+01  0.7042084244625172E-04
  0.2692476749618618E+01  0.7569932320845877E-04
  0.2693558816836837E+01  0.7957953927455793E-04
  0.2694640884055055E+01  0.8170539033885620E-04
  0.2695722951273273E+01  0.8409969856520581E-04
  0.2696805018491491E+01  0.8724966652300534E-04
  0.2697887085709710E+01  0.9050178494951489E-04
  0.2698969152927928E+01  0.9489311794511057E-04
  0.2700051220146146E+01  0.9995019702076237E-04
  0.2701133287364364E+01  0.1039824484049919E-03
  0.2702215354582583E+01  0.1067772160504453E-03
  0.2703297421800801E+01  0.1105044404005140E-03
  0.2704379489019019E+01  0.1149194891638053E-03
  0.2705461556237237E+01  0.1198360978608708E-03
  0.2706543623455455E+01  0.1250466253055324E-03
  0.2707625690673674E+01  0.1287125125688091E-03
  0.2708707757891892E+01  0.1331540929377548E-03
  0.2709789825110110E+01  0.1376289766197165E-03
  0.2710871892328328E+01  0.1429627261395026E-03
  0.2711953959546546E+01  0.1509214140360133E-03
  0.2713036026764765E+01  0.1576402392627965E-03
  0.2714118093982983E+01  0.1624142586791371E-03
  0.2715200161201201E+01  0.1673377430386161E-03
  0.2716282228419419E+01  0.1736032608421350E-03
  0.2717364295637637E+01  0.1817454594589141E-03
  0.2718446362855856E+01  0.1906342697425942E-03
  0.2719528430074074E+01  0.1984306436456871E-03
  0.2720610497292292E+01  0.2073704987235980E-03
  0.2721692564510510E+01  0.2176421155916130E-03
  0.2722774631728729E+01  0.2281591313053000E-03
  0.2723856698946947E+01  0.2391100094097018E-03
  0.2724938766165165E+01  0.2504514325919076E-03
  0.2726020833383383E+01  0.2613285592210265E-03
  0.2727102900601602E+01  0.2728627020190368E-03
  0.2728184967819820E+01  0.2872577696830414E-03
  0.2729267035038038E+01  0.3044329846055901E-03
  0.2730349102256256E+01  0.3222821409192308E-03
  0.2731431169474474E+01  0.3411102177020451E-03
  0.2732513236692693E+01  0.3607421975764174E-03
  0.2733595303910911E+01  0.3808311950484418E-03
  0.2734677371129129E+01  0.4034770543027523E-03
  0.2735759438347347E+01  0.4313554275285151E-03
  0.2736841505565565E+01  0.4586196022216085E-03
  0.2737923572783784E+01  0.4861475126197582E-03
  0.2739005640002002E+01  0.5181256732309797E-03
  0.2740087707220220E+01  0.5551852636561211E-03
  0.2741169774438438E+01  0.5966488947421507E-03
  0.2742251841656656E+01  0.6404445362604008E-03
  0.2743333908874875E+01  0.6862961684762330E-03
  0.2744415976093093E+01  0.7349114173030825E-03
  0.2745498043311311E+01  0.7901675749067266E-03
  0.2746580110529529E+01  0.8509175836452299E-03
  0.2747662177747748E+01  0.9166050778127319E-03
  0.2748744244965966E+01  0.9864028292131688E-03
  0.2749826312184184E+01  0.1059599794188293E-02
  0.2750908379402402E+01  0.1141919062017007E-02
  0.2751990446620621E+01  0.1228873774630549E-02
  0.2753072513838839E+01  0.1320729348882123E-02
  0.2754154581057057E+01  0.1420633884368369E-02
  0.2755236648275275E+01  0.1531916878610153E-02
  0.2756318715493494E+01  0.1649295027593691E-02
  0.2757400782711712E+01  0.1774313601596058E-02
  0.2758482849929930E+01  0.1908035023234471E-02
  0.2759564917148148E+01  0.2051606646622617E-02
  0.2760646984366366E+01  0.2205579157261053E-02
  0.2761729051584584E+01  0.2369495230156532E-02
  0.2762811118802803E+01  0.2544692711087347E-02
  0.2763893186021021E+01  0.2730973746967876E-02
  0.2764975253239239E+01  0.2929102042600697E-02
  0.2766057320457457E+01  0.3139462333480135E-02
  0.2767139387675676E+01  0.3361952469394987E-02
  0.2768221454893894E+01  0.3598236884533307E-02
  0.2769303522112112E+01  0.3847467146795191E-02
  0.2770385589330330E+01  0.4109184532652631E-02
  0.2771467656548548E+01  0.4382999749634303E-02
  0.2772549723766767E+01  0.4674969594555504E-02
  0.2773631790984985E+01  0.4981897474400642E-02
  0.2774713858203203E+01  0.5303295558610373E-02
  0.2775795925421421E+01  0.5642978245238465E-02
  0.2776877992639640E+01  0.6004865904973770E-02
  0.2777960059857858E+01  0.6390322377911671E-02
  0.2779042127076076E+01  0.6801010716422076E-02
  0.2780124194294294E+01  0.7230078909491788E-02
  0.2781206261512513E+01  0.7681645462366188E-02
  0.2782288328730731E+01  0.8161906292530521E-02
  0.2783370395948949E+01  0.8676688956472786E-02
  0.2784452463167167E+01  0.9228488179824712E-02
  0.2785534530385385E+01  0.9811721223767672E-02
  0.2786616597603603E+01  0.1043425194181751E-01
  0.2787698664821822E+01  0.1110500031385101E-01
  0.2788780732040040E+01  0.1182898956973516E-01
  0.2789862799258258E+01  0.1260973945246678E-01
  0.2790944866476476E+01  0.1344733078889703E-01
  0.2792026933694695E+01  0.1435040454671196E-01
  0.2793109000912913E+01  0.1532670928190575E-01
  0.2794191068131131E+01  0.1638960767340896E-01
  0.2795273135349349E+01  0.1754701661363418E-01
  0.2796355202567567E+01  0.1880756551869974E-01
  0.2797437269785786E+01  0.2018135282780346E-01
  0.2798519337004004E+01  0.2167466970881673E-01
  0.2799601404222222E+01  0.2331288843654360E-01
  0.2800683471440440E+01  0.2511213711240386E-01
  0.2801765538658659E+01  0.2707594733001895E-01
  0.2802847605876877E+01  0.2921664193268225E-01
  0.2803929673095095E+01  0.3154126469598120E-01
  0.2805011740313313E+01  0.3408081058863242E-01
  0.2806093807531532E+01  0.3692270479688783E-01
  0.2807175874749750E+01  0.4003189917817446E-01
  0.2808257941967968E+01  0.4342243929692447E-01
  0.2809340009186186E+01  0.4711000018235055E-01
  0.2810422076404404E+01  0.5115934158272380E-01
  0.2811504143622622E+01  0.5566722667206293E-01
  0.2812586210840841E+01  0.6057970473321522E-01
  0.2813668278059059E+01  0.6590528483277532E-01
  0.2814750345277277E+01  0.7166123972722527E-01
  0.2815832412495495E+01  0.7798033258597871E-01
  0.2816914479713714E+01  0.8491259167727838E-01
  0.2817996546931932E+01  0.9242165144800020E-01
  0.2819078614150150E+01  0.1004542407563352E+00
  0.2820160681368368E+01  0.1089686816914362E+00
  0.2821242748586586E+01  0.1181552997455539E+00
  0.2822324815804805E+01  0.1279718930577060E+00
  0.2823406883023023E+01  0.1382988786126269E+00
  0.2824488950241241E+01  0.1491073761809456E+00
  0.2825571017459459E+01  0.1603586159868598E+00
  0.2826653084677678E+01  0.1720360367431979E+00
  0.2827735151895896E+01  0.1840380548567060E+00
  0.2828817219114114E+01  0.1962312223426426E+00
  0.2829899286332332E+01  0.2085364790434059E+00
  0.2830981353550551E+01  0.2208646667324206E+00
  0.2832063420768768E+01  0.2330720934041179E+00
  0.2833145487986987E+01  0.2450297242790233E+00
  0.2834227555205205E+01  0.2566950530475014E+00
  0.2835309622423424E+01  0.2679854216610076E+00
  0.2836391689641641E+01  0.2787983309967291E+00
  0.2837473756859860E+01  0.2888774363899825E+00
  0.2838555824078078E+01  0.2984908936855519E+00
  0.2839637891296296E+01  0.3076187436535658E+00
  0.2840719958514514E+01  0.3162652761627535E+00
  0.2841802025732733E+01  0.3243885722229309E+00
  0.2842884092950951E+01  0.3316513194535952E+00
  0.2843966160169169E+01  0.3382690889915597E+00
  0.2845048227387387E+01  0.3443849097467399E+00
  0.2846130294605605E+01  0.3500138599362010E+00
  0.2847212361823824E+01  0.3551653085996125E+00
  0.2848294429042042E+01  0.3597841695961863E+00
  0.2849376496260260E+01  0.3639426607091438E+00
  0.2850458563478478E+01  0.3676214889843411E+00
  0.2851540630696697E+01  0.3708837326628951E+00
  0.2852622697914915E+01  0.3738072171416938E+00
  0.2853704765133133E+01  0.3764067088423214E+00
  0.2854786832351351E+01  0.3786813408389688E+00
  0.2855868899569570E+01  0.3807176339378596E+00
  0.2856950966787787E+01  0.3825187656690455E+00
  0.2858033034006006E+01  0.3840960635118193E+00
  0.2859115101224224E+01  0.3854717916801258E+00
  0.2860197168442443E+01  0.3864958650673735E+00
  0.2861279235660660E+01  0.3874063932627196E+00
  0.2862361302878879E+01  0.3882682646536761E+00
  0.2863443370097097E+01  0.3891262303262484E+00
  0.2864525437315315E+01  0.3900200753600422E+00
  0.2865607504533533E+01  0.3907111471220250E+00
  0.2866689571751752E+01  0.3912019686483931E+00
  0.2867771638969970E+01  0.3915575249168924E+00
  0.2868853706188188E+01  0.3918352833200529E+00
  0.2869935773406406E+01  0.3920423794742866E+00
  0.2871017840624624E+01  0.3922038953989553E+00
  0.2872099907842843E+01  0.3923186381902566E+00
  0.2873181975061061E+01  0.3923861543881085E+00
  0.2874264042279279E+01  0.3924093963278683E+00
  0.2875346109497497E+01  0.3923929402960417E+00
  0.2876428176715716E+01  0.3923595622202000E+00
  0.2877510243933934E+01  0.3923058315622560E+00
  0.2878592311152152E+01  0.3922412498373992E+00
  0.2879674378370370E+01  0.3921708115427706E+00
  0.2880756445588589E+01  0.3920858689431389E+00
  0.2881838512806807E+01  0.3919996480185601E+00
  0.2882920580025025E+01  0.3919107874065325E+00
  0.2884002647243243E+01  0.3918198869441503E+00
  0.2885084714461462E+01  0.3916608198248474E+00
  0.2886166781679679E+01  0.3912159435536964E+00
  0.2887248848897898E+01  0.3911278152943534E+00
  0.2888330916116116E+01  0.3910659531155825E+00
  0.2889412983334334E+01  0.3910149879284102E+00
  0.2890495050552552E+01  0.3909899074460454E+00
  0.2891577117770771E+01  0.3910244834915098E+00
  0.2892659184988989E+01  0.3913947179577402E+00
  0.2893741252207207E+01  0.3915432994421900E+00
  0.2894823319425425E+01  0.3915880838138317E+00
  0.2895905386643644E+01  0.3916312989136577E+00
  0.2896987453861862E+01  0.3916652848348559E+00
  0.2898069521080080E+01  0.3916876696470443E+00
  0.2899151588298298E+01  0.3917019192984162E+00
  0.2900233655516516E+01  0.3916752584531522E+00
  0.2901315722734735E+01  0.3915965742396337E+00
  0.2902397789952953E+01  0.3914922273320366E+00
  0.2903479857171171E+01  0.3913674758507720E+00
  0.2904561924389389E+01  0.3912381430064684E+00
  0.2905643991607608E+01  0.3910969872899820E+00
  0.2906726058825826E+01  0.3909379671189118E+00
  0.2907808126044044E+01  0.3907575238491584E+00
  0.2908890193262262E+01  0.3905600092003772E+00
  0.2909972260480481E+01  0.3902177748073332E+00
  0.2911054327698698E+01  0.3898481563412668E+00
  0.2912136394916917E+01  0.3895451428584885E+00
  0.2913218462135135E+01  0.3893555578397550E+00
  0.2914300529353353E+01  0.3891639898649998E+00
  0.2915382596571571E+01  0.3889635719093909E+00
  0.2916464663789790E+01  0.3887512068826089E+00
  0.2917546731008008E+01  0.3885296491526847E+00
  0.2918628798226226E+01  0.3883096129384460E+00
  0.2919710865444444E+01  0.3880859299255182E+00
  0.2920792932662663E+01  0.3877746592038099E+00
  0.2921874999880881E+01  0.3874279971921200E+00
  0.2922957067099099E+01  0.3870787088620711E+00
  0.2924039134317317E+01  0.3867272300571146E+00
  0.2925121201535535E+01  0.3863715726726766E+00
  0.2926203268753754E+01  0.3862114456719672E+00
  0.2927285335971972E+01  0.3860401153184220E+00
  0.2928367403190190E+01  0.3857584360890443E+00
  0.2929449470408408E+01  0.3854152641067009E+00
  0.2930531537626627E+01  0.3850290393676252E+00
  0.2931613604844845E+01  0.3846110028260027E+00
  0.2932695672063063E+01  0.3841840701957230E+00
  0.2933777739281281E+01  0.3837589266267346E+00
  0.2934859806499500E+01  0.3833311973459064E+00
  0.2935941873717717E+01  0.3829018409250992E+00
  0.2937023940935936E+01  0.3823190840681058E+00
  0.2938106008154154E+01  0.3817082781408045E+00
  0.2939188075372372E+01  0.3811668046526221E+00
  0.2940270142590590E+01  0.3807569616683806E+00
  0.2941352209808809E+01  0.3803765291868149E+00
  0.2942434277027027E+01  0.3799958021297546E+00
  0.2943516344245245E+01  0.3797924584889496E+00
  0.2944598411463463E+01  0.3796808765805494E+00
  0.2945680478681682E+01  0.3792909952214737E+00
  0.2946762545899900E+01  0.3789031205189113E+00
  0.2947844613118118E+01  0.3785112237757898E+00
  0.2948926680336336E+01  0.3781156713185706E+00
  0.2950008747554555E+01  0.3777705427242298E+00
  0.2951090814772773E+01  0.3775831918413826E+00
  0.2952172881990991E+01  0.3770665330412246E+00
  0.2953254949209209E+01  0.3765477569662202E+00
  0.2954337016427427E+01  0.3760345086028307E+00
  0.2955419083645646E+01  0.3755280814907472E+00
  0.2956501150863864E+01  0.3750237459560330E+00
  0.2957583218082082E+01  0.3745315272467464E+00
  0.2958665285300300E+01  0.3740506529740749E+00
  0.2959747352518519E+01  0.3735781091258009E+00
  0.2960829419736736E+01  0.3731145627439774E+00
  0.2961911486954955E+01  0.3726639044809392E+00
  0.2962993554173173E+01  0.3722302284061768E+00
  0.2964075621391391E+01  0.3718158859218077E+00
  0.2965157688609609E+01  0.3714195817367398E+00
  0.2966239755827828E+01  0.3710439612175617E+00
  0.2967321823046046E+01  0.3706943746549116E+00
  0.2968403890264264E+01  0.3703575247598382E+00
  0.2969485957482482E+01  0.3700394223766773E+00
  0.2970568024700701E+01  0.3697542828573263E+00
  0.2971650091918919E+01  0.3695034736341182E+00
  0.2972732159137137E+01  0.3692777753879533E+00
  0.2973814226355355E+01  0.3690855279039406E+00
  0.2974896293573574E+01  0.3691289523366574E+00
  0.2975978360791792E+01  0.3693212785576055E+00
  0.2977060428010010E+01  0.3694788719916900E+00
  0.2978142495228228E+01  0.3693549982600610E+00
  0.2979224562446446E+01  0.3692561639961937E+00
  0.2980306629664665E+01  0.3690892178457585E+00
  0.2981388696882883E+01  0.3688766945660030E+00
  0.2982470764101101E+01  0.3686452319817465E+00
  0.2983552831319319E+01  0.3684252789306262E+00
  0.2984634898537537E+01  0.3682186051920618E+00
  0.2985716965755755E+01  0.3680151666446911E+00
  0.2986799032973974E+01  0.3678136081349181E+00
  0.2987881100192192E+01  0.3676955509252967E+00
  0.2988963167410410E+01  0.3677760951737957E+00
  0.2990045234628628E+01  0.3676244169904631E+00
  0.2991127301846847E+01  0.3675367199539553E+00
  0.2992209369065065E+01  0.3674609656414174E+00
  0.2993291436283283E+01  0.3673792501618202E+00
  0.2994373503501501E+01  0.3672931789525309E+00
  0.2995455570719720E+01  0.3671858040983355E+00
  0.2996537637937938E+01  0.3670703707404762E+00
  0.2997619705156156E+01  0.3669424160158944E+00
  0.2998701772374374E+01  0.3667999220034607E+00
  0.2999783839592593E+01  0.3666357306377707E+00
  0.3000865906810811E+01  0.3663101023391906E+00
  0.3001947974029029E+01  0.3661376762352838E+00
  0.3003030041247247E+01  0.3658425174109518E+00
  0.3004112108465465E+01  0.3654057416924648E+00
  0.3005194175683684E+01  0.3649563992944878E+00
  0.3006276242901902E+01  0.3646502959609579E+00
  0.3007358310120120E+01  0.3643285174581622E+00
  0.3008440377338338E+01  0.3638970726401494E+00
  0.3009522444556556E+01  0.3634008385258350E+00
  0.3010604511774774E+01  0.3629584290417885E+00
  0.3011686578992993E+01  0.3626361614900051E+00
  0.3012768646211211E+01  0.3622988740182052E+00
  0.3013850713429429E+01  0.3619480375289180E+00
  0.3014932780647647E+01  0.3615846635301038E+00
  0.3016014847865866E+01  0.3612106858992841E+00
  0.3017096915084084E+01  0.3608333454783181E+00
  0.3018178982302302E+01  0.3604454381411014E+00
  0.3019261049520520E+01  0.3600487123251699E+00
  0.3020343116738739E+01  0.3595997434339235E+00
  0.3021425183956957E+01  0.3590475510379361E+00
  0.3022507251175175E+01  0.3584903989801715E+00
  0.3023589318393393E+01  0.3579278022106759E+00
  0.3024671385611612E+01  0.3573575555141399E+00
  0.3025753452829830E+01  0.3567804669161189E+00
  0.3026835520048048E+01  0.3561984440036919E+00
  0.3027917587266266E+01  0.3556064769703903E+00
  0.3028999654484484E+01  0.3550150016666241E+00
  0.3030081721702703E+01  0.3545182972973407E+00
  0.3031163788920921E+01  0.3541270317635031E+00
  0.3032245856139139E+01  0.3538075114330541E+00
  0.3033327923357357E+01  0.3534737394476899E+00
  0.3034409990575575E+01  0.3531354731249142E+00
  0.3035492057793793E+01  0.3528306099632846E+00
  0.3036574125012012E+01  0.3526109507915114E+00
  0.3037656192230230E+01  0.3524910211163200E+00
  0.3038738259448448E+01  0.3521165159877988E+00
  0.3039820326666666E+01  0.3517657006409342E+00
  0.3040902393884885E+01  0.3515021356731748E+00
  0.3041984461103103E+01  0.3512932795777811E+00
  0.3043066528321321E+01  0.3510751533075138E+00
  0.3044148595539539E+01  0.3508451939509081E+00
  0.3045230662757758E+01  0.3506043712979915E+00
  0.3046312729975976E+01  0.3503548550662299E+00
  0.3047394797194194E+01  0.3501346725113179E+00
  0.3048476864412412E+01  0.3499862785828524E+00
  0.3049558931630631E+01  0.3498968112041048E+00
  0.3050640998848849E+01  0.3495743694858173E+00
  0.3051723066067067E+01  0.3491934489850289E+00
  0.3052805133285285E+01  0.3488000447822198E+00
  0.3053887200503503E+01  0.3484026056130482E+00
  0.3054969267721722E+01  0.3480077695281645E+00
  0.3056051334939940E+01  0.3476131569796254E+00
  0.3057133402158158E+01  0.3472231125874856E+00
  0.3058215469376376E+01  0.3468381511483334E+00
  0.3059297536594594E+01  0.3464717471441531E+00
  0.3060379603812813E+01  0.3462362977337348E+00
  0.3061461671031031E+01  0.3461773564024215E+00
  0.3062543738249249E+01  0.3461607739883151E+00
  0.3063625805467467E+01  0.3461580303913437E+00
  0.3064707872685685E+01  0.3462019864081631E+00
  0.3065789939903904E+01  0.3465458211960571E+00
  0.3066872007122122E+01  0.3466558280629991E+00
  0.3067954074340340E+01  0.3468525801471749E+00
  0.3069036141558558E+01  0.3471052229644997E+00
  0.3070118208776777E+01  0.3472829435944517E+00
  0.3071200275994995E+01  0.3472148476477125E+00
  0.3072282343213213E+01  0.3471614314505976E+00
  0.3073364410431431E+01  0.3471252911410398E+00
  0.3074446477649650E+01  0.3471077981923247E+00
  0.3075528544867868E+01  0.3471084837894945E+00
  0.3076610612086086E+01  0.3471250553993691E+00
  0.3077692679304304E+01  0.3471568108428111E+00
  0.3078774746522522E+01  0.3472026463800862E+00
  0.3079856813740740E+01  0.3473233409415336E+00
  0.3080938880958959E+01  0.3475737343372297E+00
  0.3082020948177177E+01  0.3479297584470998E+00
  0.3083103015395395E+01  0.3482869440563886E+00
  0.3084185082613613E+01  0.3486448515761620E+00
  0.3085267149831832E+01  0.3490031825745996E+00
  0.3086349217050050E+01  0.3493605218169867E+00
  0.3087431284268268E+01  0.3497099545784895E+00
  0.3088513351486486E+01  0.3500496501144696E+00
  0.3089595418704705E+01  0.3503864329637278E+00
  0.3090677485922923E+01  0.3507452750213203E+00
  0.3091759553141141E+01  0.3511380312590735E+00
  0.3092841620359359E+01  0.3515071337583743E+00
  0.3093923687577577E+01  0.3521578880628756E+00
  0.3095005754795796E+01  0.3526157207331013E+00
  0.3096087822014014E+01  0.3529320446407944E+00
  0.3097169889232232E+01  0.3532313166308613E+00
  0.3098251956450450E+01  0.3535070022315457E+00
  0.3099334023668669E+01  0.3537691830946225E+00
  0.3100416090886887E+01  0.3539394320749367E+00
  0.3101498158105105E+01  0.3540428054479393E+00
  0.3102580225323323E+01  0.3541203995721104E+00
  0.3103662292541541E+01  0.3541919959295505E+00
  0.3104744359759759E+01  0.3542608167364185E+00
  0.3105826426977978E+01  0.3543299906649687E+00
  0.3106908494196196E+01  0.3544051712988264E+00
  0.3107990561414414E+01  0.3544898479013626E+00
  0.3109072628632632E+01  0.3545796527635360E+00
  0.3110154695850851E+01  0.3547240772583306E+00
  0.3111236763069069E+01  0.3549258470521900E+00
  0.3112318830287287E+01  0.3551671972650250E+00
  0.3113400897505505E+01  0.3554297526958496E+00
  0.3114482964723724E+01  0.3557110561289454E+00
  0.3115565031941942E+01  0.3560128264291056E+00
  0.3116647099160160E+01  0.3563291167075251E+00
  0.3117729166378378E+01  0.3566526899604316E+00
  0.3118811233596596E+01  0.3569743908906191E+00
  0.3119893300814815E+01  0.3572799224182409E+00
  0.3120975368033033E+01  0.3580850959632041E+00
  0.3122057435251251E+01  0.3586714029439907E+00
  0.3123139502469469E+01  0.3590832296107108E+00
  0.3124221569687688E+01  0.3594204073505036E+00
  0.3125303636905906E+01  0.3596291800038020E+00
  0.3126385704124124E+01  0.3596706023624807E+00
  0.3127467771342342E+01  0.3595238442255566E+00
  0.3128549838560561E+01  0.3591543835110703E+00
  0.3129631905778778E+01  0.3585228028717677E+00
  0.3130713972996997E+01  0.3575345953324051E+00
  0.3131796040215215E+01  0.3560308205946919E+00
  0.3132878107433433E+01  0.3541436065811918E+00
  0.3133960174651651E+01  0.3518084702166556E+00
  0.3135042241869870E+01  0.3489706339801334E+00
  0.3136124309088088E+01  0.3455776578644892E+00
  0.3137206376306306E+01  0.3414887048359644E+00
  0.3138288443524524E+01  0.3367763565206348E+00
  0.3139370510742743E+01  0.3314744415100325E+00
  0.3140452577960961E+01  0.3255890575732960E+00
  0.3141534645179179E+01  0.3189749291792808E+00
  0.3142616712397397E+01  0.3116761000747894E+00
  0.3143698779615615E+01  0.3037559749732690E+00
  0.3144780846833834E+01  0.2952669969351187E+00
  0.3145862914052052E+01  0.2862718004302974E+00
  0.3146944981270270E+01  0.2767870499010860E+00
  0.3148027048488488E+01  0.2669836956168590E+00
  0.3149109115706707E+01  0.2567632421910498E+00
  0.3150191182924925E+01  0.2462111515728407E+00
  0.3151273250143143E+01  0.2354485377947188E+00
  0.3152355317361361E+01  0.2246138673080481E+00
  0.3153437384579580E+01  0.2137899490911855E+00
  0.3154519451797797E+01  0.2030423865848951E+00
  0.3155601519016016E+01  0.1924506329543899E+00
  0.3156683586234234E+01  0.1820686073167971E+00
  0.3157765653452452E+01  0.1719188673354983E+00
  0.3158847720670670E+01  0.1621761259107318E+00
  0.3159929787888889E+01  0.1527744877139136E+00
  0.3161011855107107E+01  0.1437338946378564E+00
  0.3162093922325325E+01  0.1350760788894328E+00
  0.3163175989543543E+01  0.1268549012465638E+00
  0.3164258056761762E+01  0.1191386705756474E+00
  0.3165340123979980E+01  0.1118331503156692E+00
  0.3166422191198198E+01  0.1049314405843108E+00
  0.3167504258416416E+01  0.9842442497658310E-01
  0.3168586325634634E+01  0.9232550110765071E-01
  0.3169668392852853E+01  0.8668615456834312E-01
  0.3170750460071071E+01  0.8142455499016794E-01
  0.3171832527289289E+01  0.7652580041163821E-01
  0.3172914594507507E+01  0.7195795228178074E-01
  0.3173996661725726E+01  0.6767952156928443E-01
  0.3175078728943944E+01  0.6373228938063086E-01
  0.3176160796162162E+01  0.6003576034493203E-01
  0.3177242863380380E+01  0.5658069386137275E-01
  0.3178324930598599E+01  0.5335435804846290E-01
  0.3179406997816816E+01  0.5034877143706499E-01
  0.3180489065035035E+01  0.4758179180513937E-01
  0.3181571132253253E+01  0.4499083833317617E-01
  0.3182653199471472E+01  0.4256540856744426E-01
  0.3183735266689689E+01  0.4029649264227808E-01
  0.3184817333907908E+01  0.3818344240076502E-01
  0.3185899401126126E+01  0.3624002574014561E-01
  0.3186981468344344E+01  0.3441672365868778E-01
  0.3188063535562562E+01  0.3270811951661638E-01
  0.3189145602780781E+01  0.3110690656287304E-01
  0.3190227669998999E+01  0.2960614052323235E-01
  0.3191309737217217E+01  0.2822296689898204E-01
  0.3192391804435435E+01  0.2692311253531174E-01
  0.3193473871653653E+01  0.2569936335652746E-01
  0.3194555938871872E+01  0.2454680740145070E-01
  0.3195638006090090E+01  0.2346546717022792E-01
  0.3196720073308308E+01  0.2246478093971056E-01
  0.3197802140526526E+01  0.2153106396963621E-01
  0.3198884207744745E+01  0.2064382143157664E-01
  0.3199966274962962E+01  0.1979455451042366E-01
  0.3201048342181181E+01  0.1899144194093352E-01
  0.3202130409399399E+01  0.1824336630357625E-01
  0.3203212476617618E+01  0.1753492699105141E-01
  0.3204294543835836E+01  0.1686256258278342E-01
  0.3205376611054054E+01  0.1622308689963935E-01
  0.3206458678272272E+01  0.1561424811702954E-01
  0.3207540745490491E+01  0.1504218251734675E-01
  0.3208622812708708E+01  0.1449583390881623E-01
  0.3209704879926927E+01  0.1397564074562641E-01
  0.3210786947145145E+01  0.1348044661067488E-01
  0.3211869014363363E+01  0.1300748927662212E-01
  0.3212951081581581E+01  0.1254674224160028E-01
  0.3214033148799800E+01  0.1211435826071583E-01
  0.3215115216018018E+01  0.1170262116957624E-01
  0.3216197283236236E+01  0.1130668232681708E-01
  0.3217279350454454E+01  0.1092504208020085E-01
  0.3218361417672672E+01  0.1056277563850897E-01
  0.3219443484890891E+01  0.1021363829970558E-01
  0.3220525552109109E+01  0.9878461941748679E-02
  0.3221607619327327E+01  0.9556441871587803E-02
  0.3222689686545545E+01  0.9245119862173475E-02
  0.3223771753763764E+01  0.8939987837940542E-02
  0.3224853820981982E+01  0.8644239008052976E-02
  0.3225935888200200E+01  0.8357773467927772E-02
  0.3227017955418418E+01  0.8079990283197275E-02
  0.3228100022636637E+01  0.7809800275959268E-02
  0.3229182089854855E+01  0.7550535893054249E-02
  0.3230264157073073E+01  0.7295926206988513E-02
  0.3231346224291291E+01  0.7047012658291142E-02
  0.3232428291509509E+01  0.6804806446929810E-02
  0.3233510358727727E+01  0.6570190380127582E-02
  0.3234592425945946E+01  0.6341748778756874E-02
  0.3235674493164164E+01  0.6118201152165917E-02
  0.3236756560382382E+01  0.5898037379164632E-02
  0.3237838627600600E+01  0.5680891362789297E-02
  0.3238920694818819E+01  0.5467347937697547E-02
  0.3240002762037037E+01  0.5261628209611617E-02
  0.3241084829255255E+01  0.5061043550128570E-02
  0.3242166896473473E+01  0.4865306259431861E-02
  0.3243248963691691E+01  0.4674271164667912E-02
  0.3244331030909910E+01  0.4487820901776381E-02
  0.3245413098128128E+01  0.4307551138176970E-02
  0.3246495165346346E+01  0.4130927970283900E-02
  0.3247577232564564E+01  0.3958025905491556E-02
  0.3248659299782783E+01  0.3788616326522857E-02
  0.3249741367001001E+01  0.3622240429354019E-02
  0.3250823434219219E+01  0.3462110612152047E-02
  0.3251905501437437E+01  0.3307291244968429E-02
  0.3252987568655656E+01  0.3157944480461560E-02
  0.3254069635873874E+01  0.3014182065059165E-02
  0.3255151703092092E+01  0.2875799077396144E-02
  0.3256233770310310E+01  0.2740137334861332E-02
  0.3257315837528528E+01  0.2606803192992332E-02
  0.3258397904746746E+01  0.2477873219384552E-02
  0.3259479971964965E+01  0.2353986695193551E-02
  0.3260562039183183E+01  0.2234813103631191E-02
  0.3261644106401401E+01  0.2123089518750387E-02
  0.3262726173619619E+01  0.2016465575303147E-02
  0.3263808240837838E+01  0.1912180064131970E-02
  0.3264890308056056E+01  0.1809557012723918E-02
  0.3265972375274274E+01  0.1709281958756812E-02
  0.3267054442492492E+01  0.1616184773510176E-02
  0.3268136509710710E+01  0.1528125763698096E-02
  0.3269218576928929E+01  0.1443446551232847E-02
  0.3270300644147147E+01  0.1362194926720875E-02
  0.3271382711365365E+01  0.1285268595694043E-02
  0.3272464778583583E+01  0.1214148999815785E-02
  0.3273546845801802E+01  0.1145497609721482E-02
  0.3274628913020020E+01  0.1079149933057267E-02
  0.3275710980238238E+01  0.1016031054021843E-02
  0.3276793047456456E+01  0.9574262904216454E-03
  0.3277875114674675E+01  0.9027318454619574E-03
  0.3278957181892893E+01  0.8494876832827276E-03
  0.3280039249111111E+01  0.7989890062662962E-03
  0.3281121316329329E+01  0.7518282645062931E-03
  0.3282203383547547E+01  0.7079358324690882E-03
  0.3283285450765765E+01  0.6648692964526455E-03
  0.3284367517983984E+01  0.6243570247464567E-03
  0.3285449585202202E+01  0.5868989525495104E-03
  0.3286531652420420E+01  0.5520404498431073E-03
  0.3287613719638638E+01  0.5187632162743685E-03
  0.3288695786856857E+01  0.4868186781373732E-03
  0.3289777854075075E+01  0.4573984942982800E-03
  0.3290859921293293E+01  0.4295414834033825E-03
  0.3291941988511511E+01  0.4028640890258772E-03
  0.3293024055729730E+01  0.3772791665560195E-03
  0.3294106122947948E+01  0.3542135606037092E-03
  0.3295188190166166E+01  0.3327475168391013E-03
  0.3296270257384384E+01  0.3119639632741283E-03
  0.3297352324602603E+01  0.2921035163573767E-03
  0.3298434391820821E+01  0.2738959250362743E-03
  0.3299516459039039E+01  0.2585783159582057E-03
  0.3300598526257257E+01  0.2429058285696786E-03
  0.3301680593475475E+01  0.2279788566331685E-03
  0.3302762660693694E+01  0.2143474428155704E-03
  0.3303844727911912E+01  0.2020745030673513E-03
  0.3304926795130130E+01  0.1890496581751538E-03
  0.3306008862348348E+01  0.1761067428753725E-03
  0.3307090929566566E+01  0.1639103047449821E-03
  0.3308172996784784E+01  0.1530947175576073E-03
  0.3309255064003003E+01  0.1440701254748887E-03
  0.3310337131221221E+01  0.1358216907041725E-03
  0.3311419198439439E+01  0.1270673765864410E-03
  0.3312501265657657E+01  0.1184362794682537E-03
  0.3313583332875876E+01  0.1106859746502858E-03
  0.3314665400094094E+01  0.1044134177224559E-03
  0.3315747467312312E+01  0.9869236489530222E-04
  0.3316829534530530E+01  0.9186609360668172E-04
  0.3317911601748749E+01  0.8581986188370557E-04
  0.3318993668966967E+01  0.8120341917547397E-04
  0.3320075736185185E+01  0.7809268090265766E-04
  0.3321157803403403E+01  0.7573804986196860E-04
  0.3322239870621622E+01  0.7193147222760337E-04
  0.3323321937839840E+01  0.6854543434468439E-04
  0.3324404005058058E+01  0.6582021458801771E-04
  0.3325486072276276E+01  0.6341962045473856E-04
  0.3326568139494494E+01  0.6067619357280533E-04
  0.3327650206712712E+01  0.5888994974470778E-04
  0.3328732273930931E+01  0.5707308124541640E-04
  0.3329814341149149E+01  0.5494968425622734E-04
  0.3330896408367367E+01  0.5246200482585595E-04
  0.3331978475585585E+01  0.4957269040215259E-04
  0.3333060542803803E+01  0.4636288274000743E-04
  0.3334142610022022E+01  0.4389527730007418E-04
  0.3335224677240240E+01  0.4282420194555787E-04
  0.3336306744458458E+01  0.4318286073122281E-04
  0.3337388811676676E+01  0.4226786955907312E-04
  0.3338470878894895E+01  0.4211864977114287E-04
  0.3339552946113113E+01  0.4209538687281183E-04
  0.3340635013331331E+01  0.4207212397448079E-04
  0.3341717080549549E+01  0.4204886107614976E-04
  0.3342799147767768E+01  0.4202559817781871E-04
  0.3343881214985986E+01  0.4200233527948767E-04
  0.3344963282204204E+01  0.4197907238115664E-04
  0.3346045349422422E+01  0.4195580948282559E-04
  0.3347127416640641E+01  0.4193254658449455E-04
  0.3348209483858859E+01  0.4190928368616352E-04
  0.3349291551077077E+01  0.4188602078783248E-04
  0.3350373618295295E+01  0.4186275788950144E-04
  0.3351455685513513E+01  0.4183949499117041E-04
  0.3352537752731731E+01  0.4181623209283937E-04
  0.3353619819949950E+01  0.4179296919450832E-04
  0.3354701887168168E+01  0.4176970629617729E-04
  0.3355783954386386E+01  0.4174644339784625E-04
  0.3356866021604604E+01  0.4172318049951521E-04
  0.3357948088822822E+01  0.4169991760118418E-04
  0.3359030156041041E+01  0.4167665470285314E-04
  0.3360112223259259E+01  0.4165339180452210E-04
  0.3361194290477477E+01  0.4163012890619107E-04
  0.3362276357695695E+01  0.4160686600786002E-04
  0.3363358424913914E+01  0.4158360310952898E-04
  0.3364440492132132E+01  0.4156034021119794E-04
  0.3365522559350350E+01  0.4153707731286690E-04
  0.3366604626568568E+01  0.4151381441453587E-04
  0.3367686693786787E+01  0.4149055151620483E-04
  0.3368768761005005E+01  0.4146728861787378E-04
  0.3369850828223223E+01  0.4144402571954275E-04
  0.3370932895441441E+01  0.4142076282121171E-04
  0.3372014962659660E+01  0.4139749992288067E-04
  0.3373097029877878E+01  0.4137423702454964E-04
  0.3374179097096096E+01  0.4135097412621860E-04
  0.3375261164314314E+01  0.4132771122788756E-04
  0.3376343231532532E+01  0.4130444832955653E-04
  0.3377425298750750E+01  0.4128118543122548E-04
  0.3378507365968969E+01  0.4125792253289444E-04
  0.3379589433187187E+01  0.4123465963456341E-04
  0.3380671500405405E+01  0.4121139673623236E-04
  0.3381753567623623E+01  0.4118813383790133E-04
  0.3382835634841841E+01  0.4116487093957030E-04
  0.3383917702060060E+01  0.4114160804123926E-04
  0.3384999769278278E+01  0.4111834514290821E-04
  0.3386081836496496E+01  0.4109508224457717E-04
  0.3387163903714714E+01  0.4107181934624614E-04
  0.3388245970932933E+01  0.4104855644791509E-04
  0.3389328038151151E+01  0.4102529354958406E-04
  0.3390410105369369E+01  0.4100203065125302E-04
  0.3391492172587587E+01  0.4097876775292199E-04
  0.3392574239805806E+01  0.4095550485459094E-04
  0.3393656307024024E+01  0.4093224195625990E-04
  0.3394738374242242E+01  0.4090897905792887E-04
  0.3395820441460460E+01  0.4088571615959782E-04
  0.3396902508678679E+01  0.4086245326126679E-04
  0.3397984575896897E+01  0.4083919036293575E-04
  0.3399066643115115E+01  0.4081592746460471E-04
  0.3400148710333333E+01  0.4079266456627367E-04
  0.3401230777551551E+01  0.4076940166794264E-04
  0.3402312844769769E+01  0.4074613876961160E-04
  0.3403394911987988E+01  0.4072287587128055E-04
  0.3404476979206206E+01  0.4069961297294952E-04
  0.3405559046424424E+01  0.4067635007461849E-04
  0.3406641113642642E+01  0.4065308717628745E-04
  0.3407723180860860E+01  0.4062982427795641E-04
  0.3408805248079079E+01  0.4060656137962537E-04
  0.3409887315297297E+01  0.4058329848129433E-04
  0.3410969382515515E+01  0.4056003558296328E-04
  0.3412051449733734E+01  0.4053677268463224E-04
  0.3413133516951952E+01  0.4051350978630121E-04
  0.3414215584170170E+01  0.4049024688797017E-04
  0.3415297651388388E+01  0.4046698398963913E-04
  0.3416379718606606E+01  0.4044372109130810E-04
  0.3417461785824825E+01  0.4042045819297706E-04
  0.3418543853043043E+01  0.4039719529464601E-04
  0.3419625920261261E+01  0.4037393239631498E-04
  0.3420707987479479E+01  0.4035066949798395E-04
  0.3421790054697698E+01  0.4032740659965290E-04
  0.3422872121915915E+01  0.4030414370132187E-04
  0.3423954189134134E+01  0.4028088080299083E-04
  0.3425036256352352E+01  0.4025761790465979E-04
  0.3426118323570570E+01  0.4023435500632875E-04
  0.3427200390788788E+01  0.4021109210799771E-04
  0.3428282458007007E+01  0.4018782920966667E-04
  0.3429364525225225E+01  0.4016456631133564E-04
  0.3430446592443443E+01  0.4014130341300460E-04
  0.3431528659661661E+01  0.4011804051467356E-04
  0.3432610726879880E+01  0.4009477761634252E-04
  0.3433692794098098E+01  0.4007151471801148E-04
  0.3434774861316316E+01  0.4004825181968044E-04
  0.3435856928534534E+01  0.4002498892134940E-04
  0.3436938995752753E+01  0.4000172602301836E-04
  0.3438021062970971E+01  0.3997846312468732E-04
  0.3439103130189189E+01  0.3995520022635629E-04
  0.3440185197407407E+01  0.3993193732802524E-04
  0.3441267264625625E+01  0.3990867442969422E-04
  0.3442349331843844E+01  0.3988541153136317E-04
  0.3443431399062062E+01  0.3986214863303214E-04
  0.3444513466280280E+01  0.3983888573470110E-04
  0.3445595533498498E+01  0.3981562283637006E-04
  0.3446677600716717E+01  0.3979235993803902E-04
  0.3447759667934934E+01  0.3976909703970798E-04
  0.3448841735153153E+01  0.3974583414137694E-04
  0.3449923802371371E+01  0.3972257124304590E-04
  0.3451005869589589E+01  0.3969930834471487E-04
  0.3452087936807807E+01  0.3967604544638383E-04
  0.3453170004026026E+01  0.3965278254805279E-04
  0.3454252071244244E+01  0.3962951964972175E-04
  0.3455334138462462E+01  0.3960625675139072E-04
  0.3456416205680680E+01  0.3958299385305967E-04
  0.3457498272898899E+01  0.3955973095472863E-04
  0.3458580340117117E+01  0.3954292255604994E-04
  0.3459662407335335E+01  0.3953763597110116E-04
  0.3460744474553553E+01  0.3954246068166347E-04
  0.3461826541771772E+01  0.3954728539222579E-04
  0.3462908608989990E+01  0.3955211010278810E-04
  0.3463990676208208E+01  0.3955693481335042E-04
  0.3465072743426426E+01  0.3956175952391273E-04
  0.3466154810644644E+01  0.3956658423447506E-04
  0.3467236877862863E+01  0.3957140894503737E-04
  0.3468318945081081E+01  0.3957623365559969E-04
  0.3469401012299299E+01  0.3958105836616200E-04
  0.3470483079517517E+01  0.3958588307672432E-04
  0.3471565146735736E+01  0.3959070778728664E-04
  0.3472647213953953E+01  0.3959553249784895E-04
  0.3473729281172172E+01  0.3960035720841127E-04
  0.3474811348390390E+01  0.3960518191897358E-04
  0.3475893415608608E+01  0.3961000662953589E-04
  0.3476975482826826E+01  0.3961483134009821E-04
  0.3478057550045045E+01  0.3961965605066052E-04
  0.3479139617263263E+01  0.3962448076122284E-04
  0.3480221684481481E+01  0.3962930547178515E-04
  0.3481303751699699E+01  0.3963413018234747E-04
  0.3482385818917918E+01  0.3963895489290979E-04
  0.3483467886136136E+01  0.3964377960347210E-04
  0.3484549953354354E+01  0.3964860431403443E-04
  0.3485632020572572E+01  0.3965342902459673E-04
  0.3486714087790791E+01  0.3965825373515906E-04
  0.3487796155009009E+01  0.3966307844572137E-04
  0.3488878222227227E+01  0.3966790315628369E-04
  0.3489960289445445E+01  0.3967272786684600E-04
  0.3491042356663663E+01  0.3967755257740832E-04
  0.3492124423881882E+01  0.3968237728797063E-04
  0.3493206491100100E+01  0.3968720199853295E-04
  0.3494288558318318E+01  0.3969202670909526E-04
  0.3495370625536536E+01  0.3969685141965758E-04
  0.3496452692754755E+01  0.3970167613021990E-04
  0.3497534759972972E+01  0.3970650084078221E-04
  0.3498616827191191E+01  0.3971132555134454E-04
  0.3499698894409409E+01  0.3971615026190684E-04
  0.3500780961627627E+01  0.3972097497246915E-04
  0.3501863028845845E+01  0.3972579968303147E-04
  0.3502945096064064E+01  0.3973062439359380E-04
  0.3504027163282282E+01  0.3973544910415611E-04
  0.3505109230500500E+01  0.3974027381471843E-04
  0.3506191297718718E+01  0.3974509852528073E-04
  0.3507273364936937E+01  0.3974992323584306E-04
  0.3508355432155155E+01  0.3975474794640537E-04
  0.3509437499373373E+01  0.3975957265696769E-04
  0.3510519566591591E+01  0.3976439736753000E-04
  0.3511601633809810E+01  0.3976922207809232E-04
  0.3512683701028028E+01  0.3977404678865463E-04
  0.3513765768246246E+01  0.3977887149921695E-04
  0.3514847835464464E+01  0.3978369620977926E-04
  0.3515929902682682E+01  0.3978852092034158E-04
  0.3517011969900901E+01  0.3979334563090390E-04
  0.3518094037119119E+01  0.3979817034146621E-04
  0.3519176104337337E+01  0.3980299505202853E-04
  0.3520258171555555E+01  0.3980781976259084E-04
  0.3521340238773774E+01  0.3981264447315317E-04
  0.3522422305991991E+01  0.3981746918371548E-04
  0.3523504373210210E+01  0.3982229389427780E-04
  0.3524586440428428E+01  0.3982711860484011E-04
  0.3525668507646647E+01  0.3983194331540243E-04
  0.3526750574864864E+01  0.3983676802596474E-04
  0.3527832642083083E+01  0.3984159273652706E-04
  0.3528914709301301E+01  0.3984641744708937E-04
  0.3529996776519519E+01  0.3985124215765169E-04
  0.3531078843737737E+01  0.3985606686821400E-04
  0.3532160910955956E+01  0.3986089157877632E-04
  0.3533242978174174E+01  0.3986571628933864E-04
  0.3534325045392392E+01  0.3987054099990095E-04
  0.3535407112610610E+01  0.3987536571046326E-04
  0.3536489179828829E+01  0.3988019042102559E-04
  0.3537571247047047E+01  0.3988501513158789E-04
  0.3538653314265265E+01  0.3988983984215021E-04
  0.3539735381483483E+01  0.3989466455271253E-04
  0.3540817448701701E+01  0.3989948926327484E-04
  0.3541899515919920E+01  0.3990431397383717E-04
  0.3542981583138138E+01  0.3990913868439947E-04
  0.3544063650356356E+01  0.3991396339496180E-04
  0.3545145717574574E+01  0.3991878810552411E-04
  0.3546227784792793E+01  0.3992361281608643E-04
  0.3547309852011010E+01  0.3992843752664874E-04
  0.3548391919229229E+01  0.3993326223721106E-04
  0.3549473986447447E+01  0.3993808694777337E-04
  0.3550556053665666E+01  0.3994291165833569E-04
  0.3551638120883884E+01  0.3994773636889800E-04
  0.3552720188102102E+01  0.3995256107946032E-04
  0.3553802255320320E+01  0.3995738579002263E-04
  0.3554884322538538E+01  0.3996221050058495E-04
  0.3555966389756756E+01  0.3996703521114727E-04
  0.3557048456974975E+01  0.3997185992170958E-04
  0.3558130524193193E+01  0.3997668463227190E-04
  0.3559212591411411E+01  0.3998150934283422E-04
  0.3560294658629629E+01  0.3998633405339654E-04
  0.3561376725847848E+01  0.3999115876395885E-04
  0.3562458793066066E+01  0.3999598347452117E-04
  0.3563540860284284E+01  0.4000080818508348E-04
  0.3564622927502502E+01  0.4000563289564580E-04
  0.3565704994720720E+01  0.4001045760620811E-04
  0.3566787061938939E+01  0.4001528231677043E-04
  0.3567869129157157E+01  0.4002010702733274E-04
  0.3568951196375375E+01  0.4002493173789506E-04
  0.3570033263593593E+01  0.4002975644845737E-04
  0.3571115330811812E+01  0.4003458115901969E-04
  0.3572197398030030E+01  0.4003940586958201E-04
  0.3573279465248248E+01  0.4004423058014432E-04
  0.3574361532466466E+01  0.4004905529070663E-04
  0.3575443599684685E+01  0.4005388000126896E-04
  0.3576525666902903E+01  0.4005870471183128E-04
  0.3577607734121121E+01  0.4006352942239359E-04
  0.3578689801339339E+01  0.4006835413295590E-04
  0.3579771868557557E+01  0.4007317884351822E-04
  0.3580853935775775E+01  0.4007800355408054E-04
  0.3581936002993994E+01  0.4008282826464285E-04
  0.3583018070212212E+01  0.4008765297520517E-04
  0.3584100137430430E+01  0.4009247768576748E-04
  0.3585182204648648E+01  0.4009730239632980E-04
  0.3586264271866867E+01  0.4010212710689211E-04
  0.3587346339085085E+01  0.4010695181745443E-04
  0.3588428406303303E+01  0.4011177652801674E-04
  0.3589510473521521E+01  0.4011660123857906E-04
  0.3590592540739739E+01  0.4012142594914138E-04
  0.3591674607957958E+01  0.4012625065970370E-04
  0.3592756675176176E+01  0.4013107537026600E-04
  0.3593838742394394E+01  0.4013590008082833E-04
  0.3594920809612612E+01  0.4014072479139064E-04
  0.3596002876830831E+01  0.4014554950195296E-04
  0.3597084944049049E+01  0.4015037421251528E-04
  0.3598167011267267E+01  0.4015519892307759E-04
  0.3599249078485485E+01  0.4016002363363991E-04
  0.3600331145703703E+01  0.4016484834420222E-04
  0.3601413212921922E+01  0.4016967305476454E-04
  0.3602495280140140E+01  0.4017449776532685E-04
  0.3603577347358358E+01  0.4017932247588917E-04
  0.3604659414576576E+01  0.4018414718645148E-04
  0.3605741481794794E+01  0.4018897189701380E-04
  0.3606823549013013E+01  0.4019379660757611E-04
  0.3607905616231231E+01  0.4019862131813843E-04
  0.3608987683449449E+01  0.4020344602870074E-04
  0.3610069750667667E+01  0.4020827073926306E-04
  0.3611151817885886E+01  0.4021309544982538E-04
  0.3612233885104104E+01  0.4021792016038769E-04
  0.3613315952322322E+01  0.4022274487095000E-04
  0.3614398019540540E+01  0.4022756958151233E-04
  0.3615480086758758E+01  0.4023239429207463E-04
  0.3616562153976977E+01  0.4023721900263696E-04
  0.3617644221195195E+01  0.4024204371319928E-04
  0.3618726288413413E+01  0.4024686842376159E-04
  0.3619808355631631E+01  0.4025169313432390E-04
  0.3620890422849850E+01  0.4025651784488622E-04
  0.3621972490068068E+01  0.4026134255544854E-04
  0.3623054557286286E+01  0.4026616726601085E-04
  0.3624136624504504E+01  0.4027099197657317E-04
  0.3625218691722722E+01  0.4027581668713548E-04
  0.3626300758940941E+01  0.4028064139769780E-04
  0.3627382826159159E+01  0.4028546610826011E-04
  0.3628464893377377E+01  0.4029029081882243E-04
  0.3629546960595595E+01  0.4029511552938475E-04
  0.3630629027813813E+01  0.4029994023994706E-04
  0.3631711095032032E+01  0.4030476495050938E-04
  0.3632793162250250E+01  0.4030958966107170E-04
  0.3633875229468468E+01  0.4031441437163401E-04
  0.3634957296686686E+01  0.4031923908219633E-04
  0.3636039363904905E+01  0.4032406379275864E-04
  0.3637121431123123E+01  0.4032888850332095E-04
  0.3638203498341341E+01  0.4033371321388327E-04
  0.3639285565559559E+01  0.4033853792444559E-04
  0.3640367632777777E+01  0.4034336263500790E-04
  0.3641449699995996E+01  0.4034818734557022E-04
  0.3642531767214214E+01  0.4035301205613253E-04
  0.3643613834432432E+01  0.4035783676669485E-04
  0.3644695901650651E+01  0.4036266147725717E-04
  0.3645777968868869E+01  0.4036748618781948E-04
  0.3646860036087087E+01  0.4037231089838180E-04
  0.3647942103305305E+01  0.4037713560894411E-04
  0.3649024170523523E+01  0.4038196031950643E-04
  0.3650106237741741E+01  0.4038678503006874E-04
  0.3651188304959960E+01  0.4039160974063107E-04
  0.3652270372178178E+01  0.4039643445119338E-04
  0.3653352439396396E+01  0.4040125916175570E-04
  0.3654434506614614E+01  0.4040608387231801E-04
  0.3655516573832832E+01  0.4041090858288033E-04
  0.3656598641051051E+01  0.4041573329344264E-04
  0.3657680708269269E+01  0.4042055800400496E-04
  0.3658762775487487E+01  0.4042538271456728E-04
  0.3659844842705705E+01  0.4043020742512959E-04
  0.3660926909923924E+01  0.4043503213569191E-04
  0.3662008977142142E+01  0.4043985684625422E-04
  0.3663091044360360E+01  0.4044468155681654E-04
  0.3664173111578578E+01  0.4084371047705061E-04
  0.3665255178796797E+01  0.4091855057654333E-04
  0.3666337246015015E+01  0.4105218027061617E-04
  0.3667419313233233E+01  0.4147925454160829E-04
  0.3668501380451451E+01  0.4162408836884998E-04
  0.3669583447669670E+01  0.4177597772565262E-04
  0.3670665514887888E+01  0.4226746908721152E-04
  0.3671747582106106E+01  0.4315279197745772E-04
  0.3672829649324324E+01  0.4427285562958027E-04
  0.3673911716542542E+01  0.4500947200150820E-04
  0.3674993783760760E+01  0.4443665178833966E-04
  0.3676075850978979E+01  0.4351750660583205E-04
  0.3677157918197197E+01  0.4269586964886926E-04
  0.3678239985415415E+01  0.4206511249482636E-04
  0.3679322052633633E+01  0.4096824426055134E-04
  0.3680404119851851E+01  0.4145817490602918E-04
  0.3681486187070070E+01  0.4207676547715240E-04
  0.3682568254288288E+01  0.4269535604827562E-04
  0.3683650321506506E+01  0.4331394661939859E-04
  0.3684732388724724E+01  0.4393253719052180E-04
  0.3685814455942943E+01  0.4575555135512005E-04
  0.3686896523161161E+01  0.4615443302347382E-04
  0.3687978590379379E+01  0.4605321771856200E-04
  0.3689060657597597E+01  0.4598163564704144E-04
  0.3690142724815815E+01  0.4482547822301047E-04
  0.3691224792034034E+01  0.4358795369053308E-04
  0.3692306859252252E+01  0.4372331074118435E-04
  0.3693388926470470E+01  0.4472734836618255E-04
  0.3694470993688689E+01  0.4606855170555585E-04
  0.3695553060906906E+01  0.4754137544644018E-04
  0.3696635128125125E+01  0.4825251783369380E-04
  0.3697717195343343E+01  0.4732197931264995E-04
  0.3698799262561561E+01  0.4560073813294593E-04
  0.3699881329779779E+01  0.4390861622413441E-04
  0.3700963396997998E+01  0.4275265750343511E-04
  0.3702045464216216E+01  0.4196170256762690E-04
  0.3703127531434434E+01  0.4242883388325216E-04
  0.3704209598652652E+01  0.4380337040682567E-04
  0.3705291665870870E+01  0.4548853615644054E-04
  0.3706373733089089E+01  0.4659524596470493E-04
  0.3707455800307307E+01  0.4727887345579590E-04
  0.3708537867525525E+01  0.4743281695527456E-04
  0.3709619934743744E+01  0.4719319599218419E-04
  0.3710702001961962E+01  0.4671977496432321E-04
  0.3711784069180180E+01  0.4617145518709024E-04
  0.3712866136398398E+01  0.4497063692048126E-04
  0.3713948203616616E+01  0.4379514302674627E-04
  0.3715030270834835E+01  0.4262148581543641E-04
  0.3716112338053053E+01  0.4137155581367966E-04
  0.3717194405271271E+01  0.3992908580953557E-04
  0.3718276472489489E+01  0.4071882024893367E-04
  0.3719358539707708E+01  0.4288100528050844E-04
  0.3720440606925925E+01  0.4490681463877864E-04
  0.3721522674144144E+01  0.4592024047023367E-04
  0.3722604741362362E+01  0.4601319076345944E-04
  0.3723686808580580E+01  0.4439385854886033E-04
  0.3724768875798798E+01  0.4190366156084847E-04
  0.3725850943017017E+01  0.4022521478364436E-04
  0.3726933010235235E+01  0.4023732382511943E-04
  0.3728015077453453E+01  0.4168156991266216E-04
  0.3729097144671671E+01  0.4263838192322188E-04
  0.3730179211889889E+01  0.4378055790923510E-04
  0.3731261279108108E+01  0.4514667240781552E-04
  0.3732343346326326E+01  0.4651613801658885E-04
  0.3733425413544544E+01  0.4732992656138160E-04
  0.3734507480762763E+01  0.4769825692341468E-04
  0.3735589547980981E+01  0.4717743455809446E-04
  0.3736671615199199E+01  0.4587385676291249E-04
  0.3737753682417417E+01  0.4411336556731507E-04
  0.3738835749635635E+01  0.4247958629913414E-04
  0.3739917816853854E+01  0.4104450542185420E-04
  0.3740999884072072E+01  0.4047845921537670E-04
  0.3742081951290290E+01  0.4048018702771258E-04
  0.3743164018508508E+01  0.4064084981580832E-04
  0.3744246085726727E+01  0.4044398317023024E-04
  0.3745328152944944E+01  0.4198212981626957E-04
  0.3746410220163163E+01  0.4455020272388503E-04
  0.3747492287381381E+01  0.4637909082765159E-04
  0.3748574354599599E+01  0.4655727822914146E-04
  0.3749656421817817E+01  0.4515497747266760E-04
  0.3750738489036036E+01  0.4397523233184039E-04
  0.3751820556254254E+01  0.4363337567799520E-04
  0.3752902623472472E+01  0.4417777854710991E-04
  0.3753984690690690E+01  0.4517068885387303E-04
  0.3755066757908908E+01  0.4565428037820596E-04
  0.3756148825127127E+01  0.4462735590734223E-04
  0.3757230892345345E+01  0.4352717016497931E-04
  0.3758312959563563E+01  0.4228174795963197E-04
  0.3759395026781782E+01  0.4087732590225968E-04
  0.3761559161218218E+01  0.0000000000000000E+00
