  1000 NIRCAM_F356W        
  0.2980816554000000E+01  0.4295528223669670E+01  0.2793341883623477E+02  0.2763122408036715E+01  0.6833418836234770E+01  0.6708608768548425E-11  0.2849384364030094E+03  0.3528744278981250E+01  0.1498782999588366E-16  0.3568368008256388E+01
  0.3593457062468988E+01  0.3559961846708662E+01  0.3576794019329196E+01  0.3553219525688344E+01  0.3555260082786974E+01  0.3765583377025894E+00  0.8407000793023629E+00  0.7811126236626181E+00  0.3139698388067875E+01  0.3980398467370238E+01
  0.4079340880925417E+01  0.7811126236626182E+01  0.1145894550723049E+00  0.4385931076057426E-17  0.5359928743658453E-21  0.2539999961853027E+06  0.2524368362350795E+02  0.2800680755742357E+02  0.3207710245974272E+02
  0.2980816554000000E+01  0.0000000000000000E+00
  0.2982131265669670E+01  0.5643755700054105E-04
  0.2983445977339339E+01  0.6001311973759240E-04
  0.2984760689009009E+01  0.6458707194889959E-04
  0.2986075400678679E+01  0.6950216559191647E-04
  0.2987390112348348E+01  0.7474493391388958E-04
  0.2988704824018018E+01  0.8049840486796076E-04
  0.2990019535687688E+01  0.8615491052310197E-04
  0.2991334247357357E+01  0.9211514927982686E-04
  0.2992648959027027E+01  0.9882614003940041E-04
  0.2993963670696697E+01  0.1060783157514537E-03
  0.2995278382366366E+01  0.1133904535662663E-03
  0.2996593094036036E+01  0.1207719874041993E-03
  0.2997907805705706E+01  0.1288910307293273E-03
  0.2999222517375375E+01  0.1377143063493777E-03
  0.3000537229045045E+01  0.1472392992225776E-03
  0.3001851940714715E+01  0.1574482074089492E-03
  0.3003166652384385E+01  0.1680087774053875E-03
  0.3004481364054054E+01  0.1789043114779451E-03
  0.3005796075723724E+01  0.1906931303546216E-03
  0.3007110787393394E+01  0.2037108775332352E-03
  0.3008425499063063E+01  0.2175964323900261E-03
  0.3009740210732733E+01  0.2320589539983251E-03
  0.3011054922402403E+01  0.2473513804515690E-03
  0.3012369634072072E+01  0.2637138998402085E-03
  0.3013684345741742E+01  0.2812019134595142E-03
  0.3014999057411412E+01  0.3000190024564298E-03
  0.3016313769081081E+01  0.3201522559967587E-03
  0.3017628480750751E+01  0.3410634199195711E-03
  0.3018943192420421E+01  0.3631990122064008E-03
  0.3020257904090090E+01  0.3866496689404882E-03
  0.3021572615759760E+01  0.4115375104810678E-03
  0.3022887327429430E+01  0.4376981107844639E-03
  0.3024202039099099E+01  0.4655866677818481E-03
  0.3025516750768769E+01  0.4953001158308235E-03
  0.3026831462438438E+01  0.5263520376124376E-03
  0.3028146174108108E+01  0.5596966086278809E-03
  0.3029460885777778E+01  0.5959541105444130E-03
  0.3030775597447447E+01  0.6349102376864552E-03
  0.3032090309117117E+01  0.6765582640312838E-03
  0.3033405020786787E+01  0.7213409214243906E-03
  0.3034719732456456E+01  0.7691358957399793E-03
  0.3036034444126126E+01  0.8203059406566420E-03
  0.3037349155795796E+01  0.8760314418807988E-03
  0.3038663867465465E+01  0.9354584190255375E-03
  0.3039978579135135E+01  0.9991505418470365E-03
  0.3041293290804805E+01  0.1068258438250681E-02
  0.3042608002474474E+01  0.1142800081591613E-02
  0.3043922714144144E+01  0.1223468373560065E-02
  0.3045237425813814E+01  0.1310591873279915E-02
  0.3046552137483483E+01  0.1404759976114182E-02
  0.3047866849153153E+01  0.1506798236313071E-02
  0.3049181560822823E+01  0.1617570328351920E-02
  0.3050496272492492E+01  0.1736365365996000E-02
  0.3051810984162162E+01  0.1864088760010113E-02
  0.3053125695831832E+01  0.2002497833719027E-02
  0.3054440407501501E+01  0.2152552702910680E-02
  0.3055755119171171E+01  0.2315384108970117E-02
  0.3057069830840841E+01  0.2492147138305791E-02
  0.3058384542510511E+01  0.2684012152382711E-02
  0.3059699254180180E+01  0.2892953709064673E-02
  0.3061013965849850E+01  0.3121685085587143E-02
  0.3062328677519520E+01  0.3371932957673632E-02
  0.3063643389189189E+01  0.3644342216004621E-02
  0.3064958100858859E+01  0.3942099975230304E-02
  0.3066272812528529E+01  0.4268276664413744E-02
  0.3067587524198198E+01  0.4621261766590227E-02
  0.3068902235867868E+01  0.5008444605048736E-02
  0.3070216947537538E+01  0.5428504838058271E-02
  0.3071531659207207E+01  0.5881822945942917E-02
  0.3072846370876877E+01  0.6376576931043794E-02
  0.3074161082546547E+01  0.6916160681955845E-02
  0.3075475794216216E+01  0.7504915955040062E-02
  0.3076790505885886E+01  0.8147027573718362E-02
  0.3078105217555556E+01  0.8847919948818055E-02
  0.3079419929225225E+01  0.9614597880914627E-02
  0.3080734640894895E+01  0.1045729995713757E-01
  0.3082049352564565E+01  0.1138147091511040E-01
  0.3083364064234234E+01  0.1239078785715591E-01
  0.3084678775903904E+01  0.1349259118475797E-01
  0.3085993487573574E+01  0.1469514732196289E-01
  0.3087308199243243E+01  0.1600679648215468E-01
  0.3088622910912913E+01  0.1743621034187823E-01
  0.3089937622582583E+01  0.1899432383874263E-01
  0.3091252334252252E+01  0.2069558451659595E-01
  0.3092567045921922E+01  0.2254894697494287E-01
  0.3093881757591592E+01  0.2458505771492153E-01
  0.3095196469261261E+01  0.2678698637465715E-01
  0.3096511180930931E+01  0.2916769706636478E-01
  0.3097825892600601E+01  0.3175065286887524E-01
  0.3099140604270270E+01  0.3455016448636114E-01
  0.3100455315939940E+01  0.3757120000946502E-01
  0.3101770027609610E+01  0.4082604189290838E-01
  0.3103084739279280E+01  0.4433509386765419E-01
  0.3104399450948949E+01  0.4811510145134248E-01
  0.3105714162618619E+01  0.5218053269978598E-01
  0.3107028874288289E+01  0.5654518062877699E-01
  0.3108343585957958E+01  0.6122200218031511E-01
  0.3109658297627628E+01  0.6622615212314030E-01
  0.3110973009297298E+01  0.7157775861740862E-01
  0.3112287720966967E+01  0.7728735217434383E-01
  0.3113602432636637E+01  0.8335352275316359E-01
  0.3114917144306306E+01  0.8978099881305696E-01
  0.3116231855975976E+01  0.9657004822102518E-01
  0.3117546567645646E+01  0.1037209822589980E+00
  0.3118861279315315E+01  0.1112251721382489E+00
  0.3120175990984985E+01  0.1191110352880134E+00
  0.3121490702654655E+01  0.1275278205045930E+00
  0.3122805414324324E+01  0.1361522346218017E+00
  0.3124120125993994E+01  0.1450826962609717E+00
  0.3125434837663664E+01  0.1542910502302758E+00
  0.3126749549333333E+01  0.1637522157079787E+00
  0.3128064261003003E+01  0.1734300752345145E+00
  0.3129378972672673E+01  0.1832897080946590E+00
  0.3130693684342342E+01  0.1932445942042685E+00
  0.3132008396012012E+01  0.2032615650404924E+00
  0.3133323107681682E+01  0.2133190797989823E+00
  0.3134637819351351E+01  0.2233695877791934E+00
  0.3135952531021021E+01  0.2333724328374562E+00
  0.3137267242690691E+01  0.2432663688214303E+00
  0.3138581954360360E+01  0.2530109590060655E+00
  0.3139896666030030E+01  0.2625645566261114E+00
  0.3141211377699700E+01  0.2719316435979247E+00
  0.3142526089369369E+01  0.2810324239587604E+00
  0.3143840801039039E+01  0.2897979569731122E+00
  0.3145155512708709E+01  0.2981927840863529E+00
  0.3146470224378378E+01  0.3061822183708440E+00
  0.3147784936048048E+01  0.3139471342303233E+00
  0.3149099647717718E+01  0.3212118971710992E+00
  0.3150414359387387E+01  0.3278473472916291E+00
  0.3151729071057057E+01  0.3340023738162259E+00
  0.3153043782726727E+01  0.3396760640837049E+00
  0.3154358494396396E+01  0.3448761533778118E+00
  0.3155673206066066E+01  0.3496181656571477E+00
  0.3156987917735736E+01  0.3539176383938994E+00
  0.3158302629405406E+01  0.3577998434664349E+00
  0.3159617341075075E+01  0.3612812171182525E+00
  0.3160932052744745E+01  0.3643714257679842E+00
  0.3162246764414415E+01  0.3671045284243244E+00
  0.3163561476084084E+01  0.3695317435637649E+00
  0.3164876187753754E+01  0.3716896661723347E+00
  0.3166190899423424E+01  0.3736048271437827E+00
  0.3167505611093093E+01  0.3753082951326563E+00
  0.3168820322762763E+01  0.3768262091608058E+00
  0.3170135034432433E+01  0.3782081806364564E+00
  0.3171449746102102E+01  0.3796858694209982E+00
  0.3172764457771772E+01  0.3813232563255560E+00
  0.3174079169441442E+01  0.3827028720612178E+00
  0.3175393881111111E+01  0.3838740106003737E+00
  0.3176708592780781E+01  0.3849782660642750E+00
  0.3178023304450451E+01  0.3860346885949325E+00
  0.3179338016120120E+01  0.3870519472492026E+00
  0.3180652727789790E+01  0.3879752075609467E+00
  0.3181967439459460E+01  0.3888234743476074E+00
  0.3183282151129129E+01  0.3896492388866866E+00
  0.3184596862798799E+01  0.3904609643831028E+00
  0.3185911574468469E+01  0.3912652364744813E+00
  0.3187226286138138E+01  0.3920653946783147E+00
  0.3188540997807808E+01  0.3928604668136056E+00
  0.3189855709477478E+01  0.3936503945251649E+00
  0.3191170421147147E+01  0.3944417579822642E+00
  0.3192485132816817E+01  0.3952355127828506E+00
  0.3193799844486487E+01  0.3960296425695011E+00
  0.3195114556156156E+01  0.3968234456800927E+00
  0.3196429267825826E+01  0.3976183988060276E+00
  0.3197743979495495E+01  0.3986621504234990E+00
  0.3199058691165165E+01  0.3996638859589131E+00
  0.3200373402834835E+01  0.4004311558407720E+00
  0.3201688114504504E+01  0.4011707782444571E+00
  0.3203002826174174E+01  0.4018997908099188E+00
  0.3204317537843844E+01  0.4026239843494710E+00
  0.3205632249513513E+01  0.4033427659018671E+00
  0.3206946961183183E+01  0.4040561628793351E+00
  0.3208261672852853E+01  0.4047616771748360E+00
  0.3209576384522522E+01  0.4054604917704549E+00
  0.3210891096192192E+01  0.4061497037311108E+00
  0.3212205807861862E+01  0.4067214227805790E+00
  0.3213520519531532E+01  0.4070537905193632E+00
  0.3214835231201201E+01  0.4077284587740087E+00
  0.3216149942870871E+01  0.4083993034433888E+00
  0.3217464654540541E+01  0.4090709449368817E+00
  0.3218779366210210E+01  0.4097460546943958E+00
  0.3220094077879880E+01  0.4104448751817266E+00
  0.3221408789549550E+01  0.4114025770798972E+00
  0.3222723501219219E+01  0.4124966676486063E+00
  0.3224038212888889E+01  0.4132878792246049E+00
  0.3225352924558559E+01  0.4140798395035239E+00
  0.3226667636228228E+01  0.4148781323575302E+00
  0.3227982347897898E+01  0.4156743515272349E+00
  0.3229297059567568E+01  0.4164726446591773E+00
  0.3230611771237237E+01  0.4171520441964212E+00
  0.3231926482906907E+01  0.4177415422488156E+00
  0.3233241194576577E+01  0.4183214508883252E+00
  0.3234555906246246E+01  0.4189063825095711E+00
  0.3235870617915916E+01  0.4194927153564323E+00
  0.3237185329585586E+01  0.4200822894227165E+00
  0.3238500041255255E+01  0.4206771597309583E+00
  0.3239814752924925E+01  0.4212680245157926E+00
  0.3241129464594595E+01  0.4218269012327575E+00
  0.3242444176264264E+01  0.4223705634505273E+00
  0.3243758887933934E+01  0.4230069550764035E+00
  0.3245073599603604E+01  0.4238098556312232E+00
  0.3246388311273273E+01  0.4245025088929283E+00
  0.3247703022942943E+01  0.4250416889132784E+00
  0.3249017734612613E+01  0.4255779193049696E+00
  0.3250332446282282E+01  0.4261558698937626E+00
  0.3251647157951952E+01  0.4267898496416422E+00
  0.3252961869621622E+01  0.4274349238238959E+00
  0.3254276581291291E+01  0.4280782058284551E+00
  0.3255591292960961E+01  0.4287226129421756E+00
  0.3256906004630631E+01  0.4293681101215234E+00
  0.3258220716300301E+01  0.4300139351178638E+00
  0.3259535427969970E+01  0.4306521239181197E+00
  0.3260850139639640E+01  0.4312549746867127E+00
  0.3262164851309310E+01  0.4318224925218508E+00
  0.3263479562978979E+01  0.4323856521921531E+00
  0.3264794274648649E+01  0.4329494496843883E+00
  0.3266108986318319E+01  0.4335274910336726E+00
  0.3267423697987988E+01  0.4342509216595534E+00
  0.3268738409657658E+01  0.4351396369563624E+00
  0.3270053121327328E+01  0.4356907409908649E+00
  0.3271367832996997E+01  0.4361354609039337E+00
  0.3272682544666667E+01  0.4365822149626508E+00
  0.3273997256336337E+01  0.4370340261019362E+00
  0.3275311968006006E+01  0.4374858827843508E+00
  0.3276626679675676E+01  0.4379424198519810E+00
  0.3277941391345346E+01  0.4383972869639069E+00
  0.3279256103015015E+01  0.4388599080516026E+00
  0.3280570814684685E+01  0.4393273670829394E+00
  0.3281885526354355E+01  0.4398039829947558E+00
  0.3283200238024024E+01  0.4402850534471011E+00
  0.3284514949693694E+01  0.4407711321579509E+00
  0.3285829661363364E+01  0.4412638741723901E+00
  0.3287144373033033E+01  0.4417643154067309E+00
  0.3288459084702703E+01  0.4422759833241157E+00
  0.3289773796372373E+01  0.4431353892169522E+00
  0.3291088508042042E+01  0.4438510985585662E+00
  0.3292403219711712E+01  0.4443917983347317E+00
  0.3293717931381381E+01  0.4449439944566575E+00
  0.3295032643051051E+01  0.4455070270555934E+00
  0.3296347354720721E+01  0.4460784079628434E+00
  0.3297662066390390E+01  0.4466580990715669E+00
  0.3298976778060060E+01  0.4472448714518513E+00
  0.3300291489729730E+01  0.4477939514846360E+00
  0.3301606201399399E+01  0.4482817582589760E+00
  0.3302920913069069E+01  0.4487602626922418E+00
  0.3304235624738739E+01  0.4492463806666113E+00
  0.3305550336408408E+01  0.4497388011037621E+00
  0.3306865048078078E+01  0.4502421045998524E+00
  0.3308179759747748E+01  0.4507540584306222E+00
  0.3309494471417417E+01  0.4512712925541745E+00
  0.3310809183087087E+01  0.4518697738867024E+00
  0.3312123894756757E+01  0.4527219844593272E+00
  0.3313438606426427E+01  0.4532645009988488E+00
  0.3314753318096096E+01  0.4537535742195746E+00
  0.3316068029765766E+01  0.4542473243865329E+00
  0.3317382741435436E+01  0.4547388328845416E+00
  0.3318697453105105E+01  0.4552321209610981E+00
  0.3320012164774775E+01  0.4557201327380929E+00
  0.3321326876444445E+01  0.4561661058740038E+00
  0.3322641588114114E+01  0.4566088152117106E+00
  0.3323956299783784E+01  0.4570476343557101E+00
  0.3325271011453454E+01  0.4574853780769224E+00
  0.3326585723123123E+01  0.4579170131258790E+00
  0.3327900434792793E+01  0.4583486904534405E+00
  0.3329215146462463E+01  0.4587763301446410E+00
  0.3330529858132132E+01  0.4589289707860166E+00
  0.3331844569801802E+01  0.4588295217018485E+00
  0.3333159281471472E+01  0.4586781862132001E+00
  0.3334473993141141E+01  0.4588515597385808E+00
  0.3335788704810811E+01  0.4588719249197719E+00
  0.3337103416480481E+01  0.4587318928247250E+00
  0.3338418128150150E+01  0.4585589189615804E+00
  0.3339732839819820E+01  0.4582439131552703E+00
  0.3341047551489490E+01  0.4572511460800539E+00
  0.3342362263159159E+01  0.4558736809929709E+00
  0.3343676974828829E+01  0.4544895259993199E+00
  0.3344991686498499E+01  0.4530974195870402E+00
  0.3346306398168168E+01  0.4516978136468656E+00
  0.3347621109837838E+01  0.4502894731028206E+00
  0.3348935821507508E+01  0.4488748029393239E+00
  0.3350250533177177E+01  0.4468067947451828E+00
  0.3351565244846847E+01  0.4436514683675916E+00
  0.3352879956516517E+01  0.4402197437724813E+00
  0.3354194668186187E+01  0.4367784009287777E+00
  0.3355509379855856E+01  0.4333294051336561E+00
  0.3356824091525526E+01  0.4298740711847146E+00
  0.3358138803195196E+01  0.4264122100341279E+00
  0.3359453514864865E+01  0.4232781784539817E+00
  0.3360768226534535E+01  0.4217801897916844E+00
  0.3362082938204205E+01  0.4222600061312764E+00
  0.3363397649873874E+01  0.4227372563822549E+00
  0.3364712361543544E+01  0.4232144631378227E+00
  0.3366027073213214E+01  0.4236924056975217E+00
  0.3367341784882883E+01  0.4241680141551956E+00
  0.3368656496552553E+01  0.4246458048839717E+00
  0.3369971208222222E+01  0.4251225712260145E+00
  0.3371285919891892E+01  0.4290053912401721E+00
  0.3372600631561562E+01  0.4332745776905849E+00
  0.3373915343231231E+01  0.4378804466492142E+00
  0.3375230054900901E+01  0.4419143066189699E+00
  0.3376544766570571E+01  0.4458971061302495E+00
  0.3377859478240240E+01  0.4498883804930325E+00
  0.3379174189909910E+01  0.4538840032782274E+00
  0.3380488901579580E+01  0.4566145213589163E+00
  0.3381803613249249E+01  0.4581437081427387E+00
  0.3383118324918919E+01  0.4594192963954545E+00
  0.3384433036588589E+01  0.4606979165737032E+00
  0.3385747748258258E+01  0.4619769708497538E+00
  0.3387062459927928E+01  0.4632590365841403E+00
  0.3388377171597598E+01  0.4645400076322700E+00
  0.3389691883267267E+01  0.4656592605931136E+00
  0.3391006594936937E+01  0.4659677960158258E+00
  0.3392321306606607E+01  0.4657658127946354E+00
  0.3393636018276276E+01  0.4655566749181591E+00
  0.3394950729945946E+01  0.4653386101323528E+00
  0.3396265441615616E+01  0.4651126094952533E+00
  0.3397580153285285E+01  0.4648784212758044E+00
  0.3398894864954955E+01  0.4646344160257830E+00
  0.3400209576624625E+01  0.4643651274189221E+00
  0.3401524288294294E+01  0.4640544907089336E+00
  0.3402838999963964E+01  0.4637282817607576E+00
  0.3404153711633634E+01  0.4633966593894336E+00
  0.3405468423303303E+01  0.4630586260342683E+00
  0.3406783134972973E+01  0.4627165595544486E+00
  0.3408097846642643E+01  0.4623851523986021E+00
  0.3409412558312312E+01  0.4621963901271001E+00
  0.3410727269981982E+01  0.4622956073677535E+00
  0.3412041981651652E+01  0.4621146855534005E+00
  0.3413356693321322E+01  0.4619289864350661E+00
  0.3414671404990991E+01  0.4617730790312867E+00
  0.3415986116660661E+01  0.4620124929083536E+00
  0.3417300828330331E+01  0.4618507271895664E+00
  0.3418615540000000E+01  0.4616406055967005E+00
  0.3419930251669670E+01  0.4614269496247199E+00
  0.3421244963339340E+01  0.4615635289225766E+00
  0.3422559675009009E+01  0.4617176806025396E+00
  0.3423874386678679E+01  0.4618668863835950E+00
  0.3425189098348349E+01  0.4620143450342086E+00
  0.3426503810018018E+01  0.4621615186046482E+00
  0.3427818521687688E+01  0.4623080251009992E+00
  0.3429133233357358E+01  0.4624574855274911E+00
  0.3430447945027027E+01  0.4625268388218071E+00
  0.3431762656696697E+01  0.4625146817174267E+00
  0.3433077368366367E+01  0.4624763100615727E+00
  0.3434392080036036E+01  0.4624300857857452E+00
  0.3435706791705706E+01  0.4623792197472747E+00
  0.3437021503375376E+01  0.4623216749185690E+00
  0.3438336215045045E+01  0.4622589035859017E+00
  0.3439650926714715E+01  0.4621713164202550E+00
  0.3440965638384385E+01  0.4619758549527343E+00
  0.3442280350054054E+01  0.4617092708956723E+00
  0.3443595061723724E+01  0.4617088088629115E+00
  0.3444909773393394E+01  0.4617278541831906E+00
  0.3446224485063063E+01  0.4614737370654515E+00
  0.3447539196732733E+01  0.4612938351088602E+00
  0.3448853908402403E+01  0.4612786708804243E+00
  0.3450168620072072E+01  0.4613148525595722E+00
  0.3451483331741742E+01  0.4612910727994365E+00
  0.3452798043411412E+01  0.4613113501944601E+00
  0.3454112755081082E+01  0.4613345719736033E+00
  0.3455427466750751E+01  0.4613629079457608E+00
  0.3456742178420421E+01  0.4613938700910473E+00
  0.3458056890090091E+01  0.4614272248292094E+00
  0.3459371601759760E+01  0.4614886833923658E+00
  0.3460686313429430E+01  0.4617027586228670E+00
  0.3462001025099100E+01  0.4621263216839555E+00
  0.3463315736768769E+01  0.4625519285597821E+00
  0.3464630448438438E+01  0.4629800342455317E+00
  0.3465945160108108E+01  0.4634114595571162E+00
  0.3467259871777778E+01  0.4638428491568296E+00
  0.3468574583447448E+01  0.4642780235925173E+00
  0.3469889295117117E+01  0.4647138787594164E+00
  0.3471204006786787E+01  0.4648628143572894E+00
  0.3472518718456457E+01  0.4649893843934697E+00
  0.3473833430126126E+01  0.4651156103420927E+00
  0.3475148141795796E+01  0.4652464203258008E+00
  0.3476462853465466E+01  0.4656976776682551E+00
  0.3477777565135135E+01  0.4660280881431461E+00
  0.3479092276804805E+01  0.4663666506321663E+00
  0.3480406988474475E+01  0.4669171417626108E+00
  0.3481721700144144E+01  0.4674210605945259E+00
  0.3483036411813814E+01  0.4678813229465321E+00
  0.3484351123483484E+01  0.4683405679449935E+00
  0.3485665835153153E+01  0.4687987274313562E+00
  0.3486980546822823E+01  0.4692539327377223E+00
  0.3488295258492493E+01  0.4697072846988273E+00
  0.3489609970162162E+01  0.4701714528927084E+00
  0.3490924681831832E+01  0.4707029089777923E+00
  0.3492239393501502E+01  0.4712859381604141E+00
  0.3493554105171171E+01  0.4718659664125717E+00
  0.3494868816840841E+01  0.4724428295568169E+00
  0.3496183528510511E+01  0.4730168799046814E+00
  0.3497498240180180E+01  0.4735871318181864E+00
  0.3498812951849850E+01  0.4741558019868877E+00
  0.3500127663519520E+01  0.4747054099075104E+00
  0.3501442375189189E+01  0.4752114734463838E+00
  0.3502757086858859E+01  0.4757047714507231E+00
  0.3504071798528529E+01  0.4761945459898222E+00
  0.3505386510198198E+01  0.4766809366493553E+00
  0.3506701221867868E+01  0.4772490805951797E+00
  0.3508015933537538E+01  0.4781096106853824E+00
  0.3509330645207207E+01  0.4787267896301776E+00
  0.3510645356876877E+01  0.4795003293653432E+00
  0.3511960068546547E+01  0.4802890004959013E+00
  0.3513274780216217E+01  0.4808329906233133E+00
  0.3514589491885886E+01  0.4813680541217170E+00
  0.3515904203555556E+01  0.4818995968219381E+00
  0.3517218915225226E+01  0.4824276969278089E+00
  0.3518533626894895E+01  0.4829524791068601E+00
  0.3519848338564565E+01  0.4834714035220559E+00
  0.3521163050234235E+01  0.4839157938418743E+00
  0.3522477761903904E+01  0.4843439150988716E+00
  0.3523792473573574E+01  0.4847686741935511E+00
  0.3525107185243244E+01  0.4851931246994921E+00
  0.3526421896912913E+01  0.4856191432267564E+00
  0.3527736608582583E+01  0.4860439678302737E+00
  0.3529051320252253E+01  0.4864675087374867E+00
  0.3530366031921922E+01  0.4868658566876092E+00
  0.3531680743591592E+01  0.4872361857369168E+00
  0.3532995455261262E+01  0.4875990484873223E+00
  0.3534310166930931E+01  0.4882528553961955E+00
  0.3535624878600601E+01  0.4888533733841177E+00
  0.3536939590270270E+01  0.4892579296450582E+00
  0.3538254301939940E+01  0.4896209141828308E+00
  0.3539569013609610E+01  0.4899710869395759E+00
  0.3540883725279279E+01  0.4902492306311939E+00
  0.3542198436948949E+01  0.4907014375336037E+00
  0.3543513148618619E+01  0.4912143560464779E+00
  0.3544827860288288E+01  0.4914600163786474E+00
  0.3546142571957958E+01  0.4916860359829905E+00
  0.3547457283627628E+01  0.4919144745277719E+00
  0.3548771995297297E+01  0.4921442177814196E+00
  0.3550086706966967E+01  0.4923699342585611E+00
  0.3551401418636637E+01  0.4927269002551354E+00
  0.3552716130306306E+01  0.4933187623180457E+00
  0.3554030841975976E+01  0.4935102252027123E+00
  0.3555345553645646E+01  0.4937045069402511E+00
  0.3556660265315315E+01  0.4939015510239818E+00
  0.3557974976984985E+01  0.4941027764026473E+00
  0.3559289688654655E+01  0.4943103782695187E+00
  0.3560604400324324E+01  0.4945464465964544E+00
  0.3561919111993994E+01  0.4948239461101044E+00
  0.3563233823663664E+01  0.4951030089979908E+00
  0.3564548535333333E+01  0.4953847583857247E+00
  0.3565863247003003E+01  0.4956698394702314E+00
  0.3567177958672673E+01  0.4959587388295058E+00
  0.3568492670342343E+01  0.4965718214005500E+00
  0.3569807382012012E+01  0.4971017180237175E+00
  0.3571122093681682E+01  0.4973691679155010E+00
  0.3572436805351352E+01  0.4976050823149335E+00
  0.3573751517021021E+01  0.4978418679088992E+00
  0.3575066228690691E+01  0.4980808620363583E+00
  0.3576380940360361E+01  0.4983216561206661E+00
  0.3577695652030030E+01  0.4989698242427623E+00
  0.3579010363699700E+01  0.4993633365601825E+00
  0.3580325075369370E+01  0.4995832441334445E+00
  0.3581639787039039E+01  0.4997759924636576E+00
  0.3582954498708709E+01  0.4999614880632340E+00
  0.3584269210378379E+01  0.5004317884023373E+00
  0.3585583922048048E+01  0.5008739392152326E+00
  0.3586898633717718E+01  0.5011086901934404E+00
  0.3588213345387388E+01  0.5012964328466594E+00
  0.3589528057057057E+01  0.5014785928686679E+00
  0.3590842768726727E+01  0.5016291429464579E+00
  0.3592157480396397E+01  0.5017502850295898E+00
  0.3593472192066066E+01  0.5018718879740681E+00
  0.3594786903735736E+01  0.5019938767040744E+00
  0.3596101615405406E+01  0.5021162437231994E+00
  0.3597416327075075E+01  0.5022398518428559E+00
  0.3598731038744745E+01  0.5023656548294599E+00
  0.3600045750414415E+01  0.5024933492446244E+00
  0.3601360462084084E+01  0.5026215888259087E+00
  0.3602675173753754E+01  0.5028422320278205E+00
  0.3603989885423424E+01  0.5033355183506942E+00
  0.3605304597093093E+01  0.5035890564880803E+00
  0.3606619308762763E+01  0.5037168690810445E+00
  0.3607934020432433E+01  0.5038454358120564E+00
  0.3609248732102103E+01  0.5039724035442736E+00
  0.3610563443771772E+01  0.5040769087506567E+00
  0.3611878155441442E+01  0.5041452331923705E+00
  0.3613192867111112E+01  0.5042136532524861E+00
  0.3614507578780781E+01  0.5042818979359995E+00
  0.3615822290450451E+01  0.5043498896153508E+00
  0.3617137002120121E+01  0.5044184983538385E+00
  0.3618451713789790E+01  0.5044865399279084E+00
  0.3619766425459460E+01  0.5050162640301404E+00
  0.3621081137129130E+01  0.5051723968903596E+00
  0.3622395848798799E+01  0.5052366747920475E+00
  0.3623710560468469E+01  0.5052978716951364E+00
  0.3625025272138139E+01  0.5053594999535114E+00
  0.3626339983807808E+01  0.5054216312845058E+00
  0.3627654695477478E+01  0.5054836665878024E+00
  0.3628969407147148E+01  0.5055445830947713E+00
  0.3630284118816817E+01  0.5056311654073041E+00
  0.3631598830486487E+01  0.5057502871472778E+00
  0.3632913542156157E+01  0.5058793017243177E+00
  0.3634228253825826E+01  0.5060075437212078E+00
  0.3635542965495496E+01  0.5061362660853183E+00
  0.3636857677165166E+01  0.5062651845732442E+00
  0.3638172388834835E+01  0.5063941530320141E+00
  0.3639487100504505E+01  0.5065283017522011E+00
  0.3640801812174175E+01  0.5066921477109276E+00
  0.3642116523843844E+01  0.5068860533500622E+00
  0.3643431235513514E+01  0.5070793129658516E+00
  0.3644745947183183E+01  0.5072717781673326E+00
  0.3646060658852853E+01  0.5074634529675894E+00
  0.3647375370522523E+01  0.5076538396540955E+00
  0.3648690082192192E+01  0.5079516154043989E+00
  0.3650004793861862E+01  0.5084927479330421E+00
  0.3651319505531532E+01  0.5088834761022439E+00
  0.3652634217201201E+01  0.5091410956277518E+00
  0.3653948928870871E+01  0.5093976561986437E+00
  0.3655263640540541E+01  0.5096518906173295E+00
  0.3656578352210210E+01  0.5099042919878040E+00
  0.3657893063879880E+01  0.5101554858779160E+00
  0.3659207775549550E+01  0.5104015261612364E+00
  0.3660522487219219E+01  0.5106195853057115E+00
  0.3661837198888889E+01  0.5107932114594236E+00
  0.3663151910558559E+01  0.5109652032365328E+00
  0.3664466622228228E+01  0.5111361783231892E+00
  0.3665781333897898E+01  0.5113049614736278E+00
  0.3667096045567568E+01  0.5114706391104976E+00
  0.3668410757237238E+01  0.5116336412339005E+00
  0.3669725468906907E+01  0.5122450823282909E+00
  0.3671040180576577E+01  0.5125707154287096E+00
  0.3672354892246247E+01  0.5127995916450103E+00
  0.3673669603915916E+01  0.5130193121799946E+00
  0.3674984315585586E+01  0.5132362548437609E+00
  0.3676299027255256E+01  0.5134505850885148E+00
  0.3677613738924925E+01  0.5136622905556505E+00
  0.3678928450594595E+01  0.5138726680469635E+00
  0.3680243162264265E+01  0.5140799082827093E+00
  0.3681557873933934E+01  0.5142836670536446E+00
  0.3682872585603604E+01  0.5144860756301751E+00
  0.3684187297273274E+01  0.5146864385530106E+00
  0.3685502008942943E+01  0.5148837392392578E+00
  0.3686816720612613E+01  0.5150792498229084E+00
  0.3688131432282283E+01  0.5152734002929915E+00
  0.3689446143951952E+01  0.5154569425452934E+00
  0.3690760855621622E+01  0.5155813446204199E+00
  0.3692075567291292E+01  0.5156388827793658E+00
  0.3693390278960961E+01  0.5159051120121761E+00
  0.3694704990630631E+01  0.5163488951397144E+00
  0.3696019702300301E+01  0.5164046384549300E+00
  0.3697334413969970E+01  0.5164599977729639E+00
  0.3698649125639640E+01  0.5165153604200510E+00
  0.3699963837309310E+01  0.5165697973010522E+00
  0.3701278548978979E+01  0.5166241106504363E+00
  0.3702593260648649E+01  0.5166786471610334E+00
  0.3703907972318319E+01  0.5167334265946325E+00
  0.3705222683987988E+01  0.5167897103975668E+00
  0.3706537395657658E+01  0.5168481187457449E+00
  0.3707852107327328E+01  0.5169070169296444E+00
  0.3709166818996997E+01  0.5169676426715658E+00
  0.3710481530666667E+01  0.5170523248927754E+00
  0.3711796242336336E+01  0.5171793806081733E+00
  0.3713110954006006E+01  0.5173079508520019E+00
  0.3714425665675676E+01  0.5174365795234137E+00
  0.3715740377345345E+01  0.5175636247145695E+00
  0.3717055089015015E+01  0.5176910067137714E+00
  0.3718369800684685E+01  0.5178189313943703E+00
  0.3719684512354354E+01  0.5179475904786444E+00
  0.3720999224024024E+01  0.5180794231273635E+00
  0.3722313935693694E+01  0.5182125173415120E+00
  0.3723628647363364E+01  0.5183459125534915E+00
  0.3724943359033033E+01  0.5184804118217957E+00
  0.3726258070702703E+01  0.5186150401042909E+00
  0.3727572782372373E+01  0.5187494904842418E+00
  0.3728887494042042E+01  0.5188840551585712E+00
  0.3730202205711712E+01  0.5190191139111466E+00
  0.3731516917381382E+01  0.5191553216387779E+00
  0.3732831629051051E+01  0.5192919949171670E+00
  0.3734146340720721E+01  0.5194272162533553E+00
  0.3735461052390391E+01  0.5198536662176858E+00
  0.3736775764060060E+01  0.5202949600871254E+00
  0.3738090475729730E+01  0.5204238860186501E+00
  0.3739405187399400E+01  0.5205930966888876E+00
  0.3740719899069069E+01  0.5209249375622164E+00
  0.3742034610738739E+01  0.5212542771180225E+00
  0.3743349322408409E+01  0.5212927312620369E+00
  0.3744664034078078E+01  0.5213262986871376E+00
  0.3745978745747748E+01  0.5213541322307719E+00
  0.3747293457417418E+01  0.5213763100680873E+00
  0.3748608169087087E+01  0.5213941955876531E+00
  0.3749922880756757E+01  0.5214066603220453E+00
  0.3751237592426427E+01  0.5214125831909453E+00
  0.3752552304096096E+01  0.5214130115281187E+00
  0.3753867015765766E+01  0.5214063034145370E+00
  0.3755181727435436E+01  0.5213922726331610E+00
  0.3756496439105105E+01  0.5213715382713129E+00
  0.3757811150774775E+01  0.5213423000568266E+00
  0.3759125862444445E+01  0.5213051067692953E+00
  0.3760440574114114E+01  0.5212610283764249E+00
  0.3761755285783784E+01  0.5212091073642091E+00
  0.3763069997453454E+01  0.5211502735328108E+00
  0.3764384709123124E+01  0.5210860420197442E+00
  0.3765699420792793E+01  0.5210150197556606E+00
  0.3767014132462463E+01  0.5209383545227979E+00
  0.3768328844132133E+01  0.5208566060423412E+00
  0.3769643555801802E+01  0.5207678599659519E+00
  0.3770958267471472E+01  0.5206671653919794E+00
  0.3772272979141142E+01  0.5205586702721463E+00
  0.3773587690810811E+01  0.5204430346479805E+00
  0.3774902402480481E+01  0.5203213762007950E+00
  0.3776217114150151E+01  0.5204655267089806E+00
  0.3777531825819820E+01  0.5205968483171292E+00
  0.3778846537489490E+01  0.5205336156652725E+00
  0.3780161249159160E+01  0.5204235362152441E+00
  0.3781475960828829E+01  0.5203487068617189E+00
  0.3782790672498499E+01  0.5202881541037068E+00
  0.3784105384168169E+01  0.5202276555338317E+00
  0.3785420095837838E+01  0.5201665480733337E+00
  0.3786734807507508E+01  0.5201047196915027E+00
  0.3788049519177178E+01  0.5200430102392283E+00
  0.3789364230846847E+01  0.5199729774683124E+00
  0.3790678942516517E+01  0.5198486832384780E+00
  0.3791993654186187E+01  0.5196531280193968E+00
  0.3793308365855856E+01  0.5194621767043018E+00
  0.3794623077525526E+01  0.5192765993337386E+00
  0.3795937789195196E+01  0.5190982300473272E+00
  0.3797252500864865E+01  0.5189254956705396E+00
  0.3798567212534535E+01  0.5187580455292036E+00
  0.3799881924204205E+01  0.5186162214207136E+00
  0.3801196635873874E+01  0.5185746345626772E+00
  0.3802511347543544E+01  0.5185695933196183E+00
  0.3803826059213214E+01  0.5185734893641836E+00
  0.3805140770882883E+01  0.5185849578381273E+00
  0.3806455482552553E+01  0.5186042135832594E+00
  0.3807770194222223E+01  0.5186360736540451E+00
  0.3809084905891893E+01  0.5186803955403795E+00
  0.3810399617561562E+01  0.5187101039765775E+00
  0.3811714329231232E+01  0.5187059366415788E+00
  0.3813029040900902E+01  0.5187097416690358E+00
  0.3814343752570571E+01  0.5187233757487451E+00
  0.3815658464240241E+01  0.5187485430372969E+00
  0.3816973175909910E+01  0.5188937739409192E+00
  0.3818287887579580E+01  0.5193232842179759E+00
  0.3819602599249249E+01  0.5194730246833698E+00
  0.3820917310918919E+01  0.5195368843789132E+00
  0.3822232022588589E+01  0.5196114470501921E+00
  0.3823546734258259E+01  0.5196962531778064E+00
  0.3824861445927928E+01  0.5197899487493540E+00
  0.3826176157597598E+01  0.5198909610943945E+00
  0.3827490869267268E+01  0.5199994339308345E+00
  0.3828805580936937E+01  0.5201135681402058E+00
  0.3830120292606607E+01  0.5202303747629359E+00
  0.3831435004276277E+01  0.5203491463006682E+00
  0.3832749715945946E+01  0.5204688218859637E+00
  0.3834064427615616E+01  0.5205873106757021E+00
  0.3835379139285286E+01  0.5207041505998994E+00
  0.3836693850954955E+01  0.5208186545374531E+00
  0.3838008562624625E+01  0.5211154403781608E+00
  0.3839323274294295E+01  0.5215590773523124E+00
  0.3840637985963964E+01  0.5217176779338795E+00
  0.3841952697633634E+01  0.5218094048185205E+00
  0.3843267409303304E+01  0.5218915595980571E+00
  0.3844582120972973E+01  0.5219642761193314E+00
  0.3845896832642643E+01  0.5220253794713525E+00
  0.3847211544312313E+01  0.5220735141278265E+00
  0.3848526255981982E+01  0.5221073415812078E+00
  0.3849840967651652E+01  0.5221226808763484E+00
  0.3851155679321322E+01  0.5221151525262031E+00
  0.3852470390990991E+01  0.5220894280907312E+00
  0.3853785102660661E+01  0.5220451628517403E+00
  0.3855099814330331E+01  0.5219801494550393E+00
  0.3856414526000000E+01  0.5218952844678807E+00
  0.3857729237669670E+01  0.5222356452332581E+00
  0.3859043949339340E+01  0.5222474656468215E+00
  0.3860358661009009E+01  0.5220989391653851E+00
  0.3861673372678679E+01  0.5219204374628982E+00
  0.3862988084348349E+01  0.5217139504747795E+00
  0.3864302796018019E+01  0.5214807305881436E+00
  0.3865617507687688E+01  0.5212205637826209E+00
  0.3866932219357358E+01  0.5209320801510816E+00
  0.3868246931027028E+01  0.5206177890220425E+00
  0.3869561642696697E+01  0.5202792823719985E+00
  0.3870876354366367E+01  0.5199067953242497E+00
  0.3872191066036037E+01  0.5195063247780409E+00
  0.3873505777705706E+01  0.5190815323604906E+00
  0.3874820489375376E+01  0.5186303768645925E+00
  0.3876135201045046E+01  0.5181532451625802E+00
  0.3877449912714715E+01  0.5176521393072057E+00
  0.3878764624384385E+01  0.5171272023329998E+00
  0.3880079336054055E+01  0.5165834578876547E+00
  0.3881394047723724E+01  0.5160260148819318E+00
  0.3882708759393394E+01  0.5154525498435192E+00
  0.3884023471063063E+01  0.5148617144506571E+00
  0.3885338182732733E+01  0.5142570039308083E+00
  0.3886652894402403E+01  0.5136402170173633E+00
  0.3887967606072072E+01  0.5130110989687376E+00
  0.3889282317741742E+01  0.5123708476950044E+00
  0.3890597029411412E+01  0.5117189710533401E+00
  0.3891911741081081E+01  0.5110529957200974E+00
  0.3893226452750751E+01  0.5103783567018857E+00
  0.3894541164420421E+01  0.5096974429174164E+00
  0.3895855876090090E+01  0.5090088276464589E+00
  0.3897170587759760E+01  0.5084083204976232E+00
  0.3898485299429430E+01  0.5081997864879706E+00
  0.3899800011099099E+01  0.5074951453617182E+00
  0.3901114722768769E+01  0.5067819179069598E+00
  0.3902429434438439E+01  0.5060655781199370E+00
  0.3903744146108108E+01  0.5053462985414082E+00
  0.3905058857777778E+01  0.5046212516535070E+00
  0.3906373569447448E+01  0.5038915303794556E+00
  0.3907688281117117E+01  0.5031556413371449E+00
  0.3909002992786787E+01  0.5024088172826866E+00
  0.3910317704456457E+01  0.5016546350845225E+00
  0.3911632416126126E+01  0.5008945295085762E+00
  0.3912947127795796E+01  0.5001160537627192E+00
  0.3914261839465466E+01  0.4995487437400272E+00
  0.3915576551135135E+01  0.4989870174462061E+00
  0.3916891262804805E+01  0.4981881349102437E+00
  0.3918205974474475E+01  0.4972956467085377E+00
  0.3919520686144145E+01  0.4963623768488724E+00
  0.3920835397813814E+01  0.4953819783116511E+00
  0.3922150109483484E+01  0.4943446428222912E+00
  0.3923464821153154E+01  0.4932424862341377E+00
  0.3924779532822823E+01  0.4920666465520351E+00
  0.3926094244492493E+01  0.4908068072683323E+00
  0.3927408956162163E+01  0.4894534306504170E+00
  0.3928723667831832E+01  0.4879948878492648E+00
  0.3930038379501502E+01  0.4864160010778842E+00
  0.3931353091171172E+01  0.4847038457529338E+00
  0.3932667802840841E+01  0.4828492830315213E+00
  0.3933982514510511E+01  0.4808413129783748E+00
  0.3935297226180181E+01  0.4786672223573197E+00
  0.3936611937849850E+01  0.4764091073907482E+00
  0.3937926649519520E+01  0.4741290180327060E+00
  0.3939241361189190E+01  0.4715706081378567E+00
  0.3940556072858859E+01  0.4686302956237680E+00
  0.3941870784528529E+01  0.4655015202831934E+00
  0.3943185496198199E+01  0.4621272830373200E+00
  0.3944500207867868E+01  0.4584971827927943E+00
  0.3945814919537538E+01  0.4546010939603448E+00
  0.3947129631207208E+01  0.4504287762198263E+00
  0.3948444342876877E+01  0.4459727557997866E+00
  0.3949759054546547E+01  0.4412235132029914E+00
  0.3951073766216217E+01  0.4361317737355953E+00
  0.3952388477885886E+01  0.4307259553349824E+00
  0.3953703189555556E+01  0.4250283898802691E+00
  0.3955017901225226E+01  0.4190287658003603E+00
  0.3956332612894895E+01  0.4127335864434201E+00
  0.3957647324564565E+01  0.4061487946911456E+00
  0.3958962036234235E+01  0.3992807041999471E+00
  0.3960276747903904E+01  0.3921389993462552E+00
  0.3961591459573574E+01  0.3847365137332117E+00
  0.3962906171243244E+01  0.3770840273484602E+00
  0.3964220882912914E+01  0.3691949858087286E+00
  0.3965535594582583E+01  0.3610876650863052E+00
  0.3966850306252253E+01  0.3527829082971319E+00
  0.3968165017921923E+01  0.3442958555814870E+00
  0.3969479729591592E+01  0.3358747711663461E+00
  0.3970794441261262E+01  0.3272120228497459E+00
  0.3972109152930932E+01  0.3183105777233581E+00
  0.3973423864600601E+01  0.3093011608332689E+00
  0.3974738576270271E+01  0.3002171563543045E+00
  0.3976053287939941E+01  0.2910817110061477E+00
  0.3977367999609610E+01  0.2820822628434948E+00
  0.3978682711279280E+01  0.2730659879821983E+00
  0.3979997422948950E+01  0.2639067963197411E+00
  0.3981312134618619E+01  0.2547833031059367E+00
  0.3982626846288289E+01  0.2457178847509024E+00
  0.3983941557957959E+01  0.2367324948048586E+00
  0.3985256269627628E+01  0.2278459237889296E+00
  0.3986570981297298E+01  0.2190755911167504E+00
  0.3987885692966968E+01  0.2104380052510638E+00
  0.3989200404636637E+01  0.2019490327247946E+00
  0.3990515116306307E+01  0.1936236926592242E+00
  0.3991829827975977E+01  0.1854746919964312E+00
  0.3993144539645646E+01  0.1775133894987041E+00
  0.3994459251315316E+01  0.1697490580222699E+00
  0.3995773962984986E+01  0.1621902136577322E+00
  0.3997088674654655E+01  0.1548441784176249E+00
  0.3998403386324325E+01  0.1477165040006963E+00
  0.3999718097993995E+01  0.1408112310821472E+00
  0.4001032809663664E+01  0.1341308706424361E+00
  0.4002347521333334E+01  0.1276804038103069E+00
  0.4003662233003004E+01  0.1214677499965325E+00
  0.4004976944672674E+01  0.1154864008592558E+00
  0.4006291656342343E+01  0.1097349404558480E+00
  0.4007606368012013E+01  0.1042111269496394E+00
  0.4008921079681683E+01  0.9891265294502112E-01
  0.4010235791351352E+01  0.9384047068253883E-01
  0.4011550503021022E+01  0.8899305197904227E-01
  0.4012865214690692E+01  0.8435966371336595E-01
  0.4014179926360361E+01  0.7993461297823909E-01
  0.4015494638030031E+01  0.7571258083775451E-01
  0.4016809349699701E+01  0.7168781399018062E-01
  0.4018124061369370E+01  0.6788357298766798E-01
  0.4019438773039040E+01  0.6426847756110247E-01
  0.4020753484708710E+01  0.6084323592457948E-01
  0.4022068196378379E+01  0.5755820504158619E-01
  0.4023382908048049E+01  0.5441447846223885E-01
  0.4024697619717719E+01  0.5143190967757408E-01
  0.4026012331387388E+01  0.4860352606038879E-01
  0.4027327043057058E+01  0.4592312567816972E-01
  0.4028641754726728E+01  0.4338461910224903E-01
  0.4029956466396397E+01  0.4098151214246928E-01
  0.4031271178066067E+01  0.3870753184489437E-01
  0.4032585889735737E+01  0.3655673312867154E-01
  0.4033900601405406E+01  0.3452267500851862E-01
  0.4035215313075076E+01  0.3259959839841949E-01
  0.4036530024744746E+01  0.3078292431376332E-01
  0.4037844736414415E+01  0.2906761876787738E-01
  0.4039159448084085E+01  0.2744820167846372E-01
  0.4040474159753755E+01  0.2592020745927023E-01
  0.4041788871423424E+01  0.2448037914311446E-01
  0.4043103583093094E+01  0.2312143832080140E-01
  0.4044418294762764E+01  0.2183937840609178E-01
  0.4045733006432433E+01  0.2063077047829576E-01
  0.4047047718102102E+01  0.1949113735690029E-01
  0.4048362429771772E+01  0.1841585631527877E-01
  0.4049677141441442E+01  0.1740115938581594E-01
  0.4050991853111111E+01  0.1644315405932801E-01
  0.4052306564780781E+01  0.1554068035779173E-01
  0.4053621276450451E+01  0.1468982366210045E-01
  0.4054935988120120E+01  0.1388824745296699E-01
  0.4056250699789790E+01  0.1313280415395980E-01
  0.4057565411459460E+01  0.1242025395176347E-01
  0.4058880123129129E+01  0.1174816251975732E-01
  0.4060194834798799E+01  0.1111934767886906E-01
  0.4061509546468469E+01  0.1052764747977472E-01
  0.4062824258138138E+01  0.9964679760410437E-02
  0.4064138969807808E+01  0.9432401979321339E-02
  0.4065453681477478E+01  0.8930256608091023E-02
  0.4066768393147147E+01  0.8456223890628070E-02
  0.4068083104816817E+01  0.8009109542941232E-02
  0.4069397816486487E+01  0.7587754066883316E-02
  0.4070712528156156E+01  0.7190675672837294E-02
  0.4072027239825826E+01  0.6818723605364777E-02
  0.4073341951495496E+01  0.6468666815629380E-02
  0.4074656663165166E+01  0.6136281085900404E-02
  0.4075971374834835E+01  0.5821481303930107E-02
  0.4077286086504505E+01  0.5524795694090784E-02
  0.4078600798174175E+01  0.5245077009369378E-02
  0.4079915509843844E+01  0.4980484993832153E-02
  0.4081230221513514E+01  0.4729913127007213E-02
  0.4082544933183184E+01  0.4493160040149186E-02
  0.4083859644852853E+01  0.4269583789165370E-02
  0.4085174356522523E+01  0.4057931399763277E-02
  0.4086489068192193E+01  0.3857244841621723E-02
  0.4087803779861862E+01  0.3667008903596298E-02
  0.4089118491531532E+01  0.3486455320997524E-02
  0.4090433203201202E+01  0.3315601812195223E-02
  0.4091747914870871E+01  0.3154412326050022E-02
  0.4093062626540541E+01  0.3002385954341632E-02
  0.4094377338210211E+01  0.2858503972205436E-02
  0.4095692049879880E+01  0.2722592659056191E-02
  0.4097006761549550E+01  0.2594431758286171E-02
  0.4098321473219220E+01  0.2472948425752533E-02
  0.4099636184888889E+01  0.2357683723581909E-02
  0.4100950896558559E+01  0.2248574186934687E-02
  0.4102265608228229E+01  0.2145305697455440E-02
  0.4103580319897898E+01  0.2048385702805105E-02
  0.4104895031567568E+01  0.1955716677010831E-02
  0.4106209743237238E+01  0.1867149155340166E-02
  0.4107524454906907E+01  0.1782894163301287E-02
  0.4108839166576577E+01  0.1702785782597382E-02
  0.4110153878246247E+01  0.1627336968397155E-02
  0.4111468589915916E+01  0.1556187759212958E-02
  0.4112783301585586E+01  0.1488432425849366E-02
  0.4114098013255256E+01  0.1423999137938001E-02
  0.4115412724924925E+01  0.1362809238808508E-02
  0.4116727436594595E+01  0.1304529992774269E-02
  0.4118042148264265E+01  0.1249373449414530E-02
  0.4119356859933935E+01  0.1197320771046960E-02
  0.4120671571603604E+01  0.1147487221949173E-02
  0.4121986283273274E+01  0.1099505689958260E-02
  0.4123300994942944E+01  0.1053596220474474E-02
  0.4124615706612613E+01  0.1010026295487099E-02
  0.4125930418282283E+01  0.9686141135175145E-03
  0.4127245129951953E+01  0.9289461490049277E-03
  0.4128559841621622E+01  0.8910955195358321E-03
  0.4129874553291292E+01  0.8550850332754704E-03
  0.4131189264960962E+01  0.8206966443191153E-03
  0.4132503976630631E+01  0.7880770414368012E-03
  0.4133818688300301E+01  0.7574556835966627E-03
  0.4135133399969971E+01  0.7284917226820747E-03
  0.4136448111639640E+01  0.7005812123543076E-03
  0.4137762823309310E+01  0.6739825970087608E-03
  0.4139077534978980E+01  0.6488729991003927E-03
  0.4140392246648649E+01  0.6248373891969708E-03
  0.4141706958318319E+01  0.6011034679731740E-03
  0.4143021669987989E+01  0.5779685668533890E-03
  0.4144336381657658E+01  0.5557263965778714E-03
  0.4145651093327328E+01  0.5346551835521593E-03
  0.4146965804996998E+01  0.5148631912237296E-03
  0.4148280516666667E+01  0.4969987624245394E-03
  0.4149595228336337E+01  0.4794302100031989E-03
  0.4150909940006007E+01  0.4624248587603233E-03
  0.4152224651675676E+01  0.4467768304110874E-03
  0.4153539363345346E+01  0.4323065118909812E-03
  0.4154854075015016E+01  0.4180037891968658E-03
  0.4156168786684685E+01  0.4033351003835385E-03
  0.4157483498354355E+01  0.3890476199127384E-03
  0.4158798210024025E+01  0.3754173252889809E-03
  0.4160112921693695E+01  0.3625931152390971E-03
  0.4161427633363364E+01  0.3502999638243215E-03
  0.4162742345033034E+01  0.3385055825403539E-03
  0.4164057056702704E+01  0.3270311174054524E-03
  0.4165371768372373E+01  0.3160917443367317E-03
  0.4166686480042043E+01  0.3060630538408405E-03
  0.4168001191711713E+01  0.2969444573145243E-03
  0.4169315903381382E+01  0.2882047831582810E-03
  0.4170630615051052E+01  0.2795875976804042E-03
  0.4171945326720722E+01  0.2713663600424100E-03
  0.4173260038390391E+01  0.2635027373401844E-03
  0.4174574750060061E+01  0.2556815126559871E-03
  0.4175889461729730E+01  0.2480793920914106E-03
  0.4177204173399399E+01  0.2410864141431683E-03
  0.4178518885069069E+01  0.2344852912466818E-03
  0.4179833596738739E+01  0.2278300844861976E-03
  0.4181148308408408E+01  0.2212008467879986E-03
  0.4182463020078078E+01  0.2147697733417955E-03
  0.4183777731747748E+01  0.2086206506605799E-03
  0.4185092443417417E+01  0.2027435287516035E-03
  0.4186407155087087E+01  0.1974275092499720E-03
  0.4187721866756757E+01  0.1923618196587481E-03
  0.4189036578426427E+01  0.1872141319375284E-03
  0.4190351290096096E+01  0.1819341445902630E-03
  0.4191666001765766E+01  0.1771479528311649E-03
  0.4192980713435436E+01  0.1728156165889255E-03
  0.4194295425105105E+01  0.1686830362622517E-03
  0.4195610136774775E+01  0.1643277504273186E-03
  0.4196924848444445E+01  0.1603423337662629E-03
  0.4198239560114114E+01  0.1563606634338316E-03
  0.4199554271783784E+01  0.1522335788975749E-03
  0.4200868983453454E+01  0.1483190208177772E-03
  0.4202183695123123E+01  0.1447530710306850E-03
  0.4203498406792793E+01  0.1413741978420465E-03
  0.4204813118462463E+01  0.1380957347277770E-03
  0.4206127830132132E+01  0.1352837606409643E-03
  0.4207442541801802E+01  0.1327942215926616E-03
  0.4208757253471472E+01  0.1304062524271785E-03
  0.4210071965141141E+01  0.1282553692613988E-03
  0.4211386676810811E+01  0.1266144360357391E-03
  0.4212701388480481E+01  0.1251574385011393E-03
  0.4214016100150150E+01  0.1234991690550027E-03
  0.4215330811819820E+01  0.1215464575001569E-03
  0.4216645523489490E+01  0.1195485688549860E-03
  0.4217960235159159E+01  0.1175258318312028E-03
  0.4219274946828829E+01  0.1155472873270458E-03
  0.4220589658498499E+01  0.1137094174643439E-03
  0.4221904370168168E+01  0.1118630381302051E-03
  0.4223219081837838E+01  0.1097334060486862E-03
  0.4224533793507508E+01  0.1073870670929675E-03
  0.4225848505177177E+01  0.1052014571315291E-03
  0.4227163216846847E+01  0.1032385486325738E-03
  0.4228477928516517E+01  0.1013815812080999E-03
  0.4229792640186187E+01  0.9973288367045014E-04
  0.4231107351855856E+01  0.9840814324841329E-04
  0.4232422063525526E+01  0.9720678090351144E-04
  0.4233736775195196E+01  0.9581684030566022E-04
  0.4235051486864865E+01  0.9444904769671836E-04
  0.4236366198534535E+01  0.9343214307413844E-04
  0.4237680910204205E+01  0.9239221056689444E-04
  0.4238995621873874E+01  0.9069800427919046E-04
  0.4240310333543544E+01  0.8820501608360034E-04
  0.4241625045213214E+01  0.8563250472903562E-04
  0.4242939756882883E+01  0.8326170847530506E-04
  0.4244254468552553E+01  0.8141537648803491E-04
  0.4245569180222223E+01  0.8029459242473717E-04
  0.4246883891891892E+01  0.7952351733152242E-04
  0.4248198603561562E+01  0.7869298223083066E-04
  0.4249513315231232E+01  0.7786291050260903E-04
  0.4250828026900901E+01  0.7739274740858138E-04
  0.4252142738570571E+01  0.7686318357168022E-04
  0.4253457450240241E+01  0.7574564855920799E-04
  0.4254772161909910E+01  0.7404699675836942E-04
  0.4256086873579580E+01  0.7200585095659871E-04
  0.4257401585249250E+01  0.6977991787692330E-04
  0.4258716296918919E+01  0.6747091882394552E-04
  0.4260031008588589E+01  0.6543423464667322E-04
  0.4261345720258259E+01  0.6385563353015973E-04
  0.4262660431927928E+01  0.6264087185806027E-04
  0.4263975143597598E+01  0.6166641632324987E-04
  0.4265289855267268E+01  0.6104961289809064E-04
  0.4266604566936937E+01  0.6077107889320118E-04
  0.4267919278606607E+01  0.6051674604034867E-04
  0.4269233990276277E+01  0.6003456919014954E-04
  0.4270548701945946E+01  0.5933186732414048E-04
  0.4271863413615616E+01  0.5842988724125646E-04
  0.4273178125285286E+01  0.5722645104622809E-04
  0.4274492836954956E+01  0.5580507604929081E-04
  0.4275807548624625E+01  0.5443597556036731E-04
  0.4277122260294295E+01  0.5313735579506758E-04
  0.4278436971963965E+01  0.5224417982688159E-04
  0.4279751683633634E+01  0.5225579037035610E-04
  0.4281066395303304E+01  0.5226740091383060E-04
  0.4282381106972974E+01  0.5227901145730509E-04
  0.4283695818642643E+01  0.5229062200077961E-04
  0.4285010530312313E+01  0.5230223254425410E-04
  0.4286325241981983E+01  0.5231384308772862E-04
  0.4287639953651652E+01  0.5232545363120312E-04
  0.4288954665321322E+01  0.5238514680580377E-04
  0.4290269376990992E+01  0.5281049371666398E-04
  0.4291584088660661E+01  0.5300391432929702E-04
  0.4292898800330331E+01  0.5279838880535449E-04
  0.4295528223669670E+01  0.0000000000000000E+00
