  1000 NIRCAM_F162M        
  0.1479400024414063E+01  0.1790711335725374E+01  0.2479317985344749E+02  0.1327963463554724E+01  0.3693179853447489E+01  0.1209840332818217E-09  0.1068598633738487E+04  0.1624358270714801E+01  0.1434724055482828E-17  0.1627247561638430E+01
  0.1629660011735015E+01  0.1626443053415770E+01  0.1628052467805229E+01  0.1626271428133812E+01  0.1625543096612410E+01  0.2939652531712434E+00  0.1714128170096221E+00  0.1683257016594810E+00  0.1541697088095727E+01  0.1713109905105349E+01
  0.7412691384020814E+00  0.1683257016594810E+01  0.4557608929776587E-01  0.1138671183332655E-16  0.6480352472644527E-20  0.2539999961853027E+06  0.2567782357602669E+02  0.2700578856546034E+02  0.2937100342947418E+02
  0.1479400024414063E+01  0.0000000000000000E+00
  0.1479711335725374E+01  0.4865045593121996E-04
  0.1480022647036685E+01  0.5010097258984664E-04
  0.1480333958347997E+01  0.5155148924847329E-04
  0.1480645269659308E+01  0.5306778518911074E-04
  0.1480956580970619E+01  0.5460180126286262E-04
  0.1481267892281930E+01  0.5613581733661449E-04
  0.1481579203593242E+01  0.5843281845591890E-04
  0.1481890514904553E+01  0.6129246776523968E-04
  0.1482201826215864E+01  0.6415211707456046E-04
  0.1482513137527176E+01  0.6662609734218529E-04
  0.1482824448838487E+01  0.6842430353675553E-04
  0.1483135760149798E+01  0.7022250973132577E-04
  0.1483447071461110E+01  0.7220577171646163E-04
  0.1483758382772421E+01  0.7522849601456177E-04
  0.1484069694083732E+01  0.7825122031266188E-04
  0.1484381005395043E+01  0.8127394461075986E-04
  0.1484692316706355E+01  0.8424275251250740E-04
  0.1485003628017666E+01  0.8720805215558817E-04
  0.1485314939328978E+01  0.9017335179866892E-04
  0.1485626250640289E+01  0.9355202073629976E-04
  0.1485937561951600E+01  0.9708616042630562E-04
  0.1486248873262912E+01  0.1006203001163115E-03
  0.1486560184574223E+01  0.1045467976149355E-03
  0.1486871495885534E+01  0.1088435827954478E-03
  0.1487182807196845E+01  0.1131403679759602E-03
  0.1487494118508157E+01  0.1172842200013327E-03
  0.1487805429819468E+01  0.1210750242111167E-03
  0.1488116741130779E+01  0.1248658284209007E-03
  0.1488428052442091E+01  0.1288617399917711E-03
  0.1488739363753402E+01  0.1349307009622235E-03
  0.1489050675064713E+01  0.1409996619326758E-03
  0.1489361986376025E+01  0.1470686229031282E-03
  0.1489673297687336E+01  0.1534489400763154E-03
  0.1489984608998647E+01  0.1598725962081251E-03
  0.1490295920309958E+01  0.1662962523399302E-03
  0.1490607231621270E+01  0.1732154272375055E-03
  0.1490918542932581E+01  0.1803835584231949E-03
  0.1491229854243892E+01  0.1875516896088843E-03
  0.1491541165555204E+01  0.1953975744532613E-03
  0.1491852476866515E+01  0.2040606090988928E-03
  0.1492163788177826E+01  0.2127236437445244E-03
  0.1492475099489138E+01  0.2215180827515137E-03
  0.1492786410800449E+01  0.2307260074822677E-03
  0.1493097722111760E+01  0.2399339322130217E-03
  0.1493409033423072E+01  0.2492792422372138E-03
  0.1493720344734383E+01  0.2632345921078764E-03
  0.1494031656045694E+01  0.2771899419785391E-03
  0.1494342967357005E+01  0.2911452918491917E-03
  0.1494654278668317E+01  0.3016627291095776E-03
  0.1494965589979628E+01  0.3114086662960040E-03
  0.1495276901290939E+01  0.3211546034824305E-03
  0.1495588212602251E+01  0.3354746134050937E-03
  0.1495899523913562E+01  0.3527872347456047E-03
  0.1496210835224873E+01  0.3700998560861034E-03
  0.1496522146536185E+01  0.3882663977437965E-03
  0.1496833457847496E+01  0.4077558159584353E-03
  0.1497144769158807E+01  0.4272452341730741E-03
  0.1497456080470119E+01  0.4476942733707044E-03
  0.1497767391781430E+01  0.4725130152587200E-03
  0.1498078703092741E+01  0.4973317571467356E-03
  0.1498390014404053E+01  0.5221504990347334E-03
  0.1498701325715364E+01  0.5470850258957304E-03
  0.1499012637026675E+01  0.5720233994335707E-03
  0.1499323948337987E+01  0.5969617729714109E-03
  0.1499635259649298E+01  0.6294504717537186E-03
  0.1499946570960609E+01  0.6643809778491207E-03
  0.1500257882271920E+01  0.6993114839444980E-03
  0.1500569193583232E+01  0.7350312064387379E-03
  0.1500880504894543E+01  0.7714140575047822E-03
  0.1501191816205854E+01  0.8077969085708264E-03
  0.1501503127517166E+01  0.8463245201551900E-03
  0.1501814438828477E+01  0.8891832986114849E-03
  0.1502125750139788E+01  0.9320420770677490E-03
  0.1502437061451100E+01  0.9761885979665022E-03
  0.1502748372762411E+01  0.1029871373709401E-02
  0.1503059684073722E+01  0.1083554149452300E-02
  0.1503370995385034E+01  0.1137236925195199E-02
  0.1503682306696345E+01  0.1194885961682130E-02
  0.1503993618007656E+01  0.1252942876046947E-02
  0.1504304929318967E+01  0.1310999790411806E-02
  0.1504616240630279E+01  0.1383777271535313E-02
  0.1504927551941590E+01  0.1463029076001740E-02
  0.1505238863252901E+01  0.1542280880468168E-02
  0.1505550174564213E+01  0.1624772415296940E-02
  0.1505861485875524E+01  0.1710741260714617E-02
  0.1506172797186835E+01  0.1796710106132234E-02
  0.1506484108498147E+01  0.1888024415432656E-02
  0.1506795419809458E+01  0.1993784204511445E-02
  0.1507106731120769E+01  0.2099543993590234E-02
  0.1507418042432081E+01  0.2205348305131241E-02
  0.1507729353743392E+01  0.2311877343418346E-02
  0.1508040665054703E+01  0.2418406381705374E-02
  0.1508351976366014E+01  0.2524935419992478E-02
  0.1508663287677326E+01  0.2654441250801477E-02
  0.1508974598988637E+01  0.2788140564656295E-02
  0.1509285910299949E+01  0.2921839878511113E-02
  0.1509597221611260E+01  0.3068777247915769E-02
  0.1509908532922571E+01  0.3223375217993908E-02
  0.1510219844233882E+01  0.3377973188071937E-02
  0.1510531155545194E+01  0.3556003751047731E-02
  0.1510842466856505E+01  0.3766231769913423E-02
  0.1511153778167816E+01  0.3976459788779115E-02
  0.1511465089479128E+01  0.4179784666937076E-02
  0.1511776400790439E+01  0.4356983812570521E-02
  0.1512087712101750E+01  0.4534182958203840E-02
  0.1512399023413062E+01  0.4711382103837286E-02
  0.1512710334724373E+01  0.4990367896247032E-02
  0.1513021646035684E+01  0.5269682032678630E-02
  0.1513332957346996E+01  0.5548996169110227E-02
  0.1513644268658307E+01  0.5773338929708449E-02
  0.1513955579969618E+01  0.5982587091204807E-02
  0.1514266891280929E+01  0.6191835252701313E-02
  0.1514578202592241E+01  0.6508198196285711E-02
  0.1514889513903552E+01  0.6904596342216658E-02
  0.1515200825214863E+01  0.7300994488147604E-02
  0.1515512136526175E+01  0.7695012093054434E-02
  0.1515823447837486E+01  0.8084799986677080E-02
  0.1516134759148797E+01  0.8474587880300005E-02
  0.1516446070460109E+01  0.8872396322703242E-02
  0.1516757381771420E+01  0.9316410100471285E-02
  0.1517068693082731E+01  0.9760423878239327E-02
  0.1517380004394043E+01  0.1020443765600737E-01
  0.1517691315705354E+01  0.1068525474480695E-01
  0.1518002627016665E+01  0.1116860127079044E-01
  0.1518313938327976E+01  0.1165194779677428E-01
  0.1518625249639288E+01  0.1208647021759950E-01
  0.1518936560950599E+01  0.1250233098045298E-01
  0.1519247872261910E+01  0.1291819174330646E-01
  0.1519559183573222E+01  0.1334371573268256E-01
  0.1519870494884533E+01  0.1377847752351390E-01
  0.1520181806195844E+01  0.1421323931434556E-01
  0.1520493117507156E+01  0.1464354439782617E-01
  0.1520804428818467E+01  0.1506340257590325E-01
  0.1521115740129778E+01  0.1548326075398033E-01
  0.1521427051441090E+01  0.1591832959624229E-01
  0.1521738362752401E+01  0.1651339209141019E-01
  0.1522049674063712E+01  0.1710845458657766E-01
  0.1522360985375024E+01  0.1770351708174557E-01
  0.1522672296686335E+01  0.1830294260424444E-01
  0.1522983607997646E+01  0.1890299370786798E-01
  0.1523294919308958E+01  0.1950304481149151E-01
  0.1523606230620269E+01  0.2002494856240702E-01
  0.1523917541931580E+01  0.2050701992480610E-01
  0.1524228853242891E+01  0.2098909128720554E-01
  0.1524540164554203E+01  0.2171036028258452E-01
  0.1524851475865514E+01  0.2272379210110269E-01
  0.1525162787176825E+01  0.2373722391962086E-01
  0.1525474098488137E+01  0.2469444305278069E-01
  0.1525785409799448E+01  0.2547162966661745E-01
  0.1526096721110759E+01  0.2624881628045478E-01
  0.1526408032422071E+01  0.2703258730832571E-01
  0.1526719343733382E+01  0.2806574301771866E-01
  0.1527030655044693E+01  0.2909889872711162E-01
  0.1527341966356005E+01  0.3013205443650457E-01
  0.1527653277667316E+01  0.3140758870900665E-01
  0.1527964588978627E+01  0.3273868802759784E-01
  0.1528275900289938E+01  0.3406978734618902E-01
  0.1528587211601250E+01  0.3547035455957002E-01
  0.1528898522912561E+01  0.3691698604543195E-01
  0.1529209834223872E+01  0.3836361753129387E-01
  0.1529521145535184E+01  0.3994136065368684E-01
  0.1529832456846495E+01  0.4172498155244886E-01
  0.1530143768157806E+01  0.4350860245121215E-01
  0.1530455079469118E+01  0.4531926779482107E-01
  0.1530766390780429E+01  0.4725581273625683E-01
  0.1531077702091740E+01  0.4919235767769257E-01
  0.1531389013403052E+01  0.5112890261912831E-01
  0.1531700324714363E+01  0.5349824050593319E-01
  0.1532011636025674E+01  0.5588344746740297E-01
  0.1532322947336985E+01  0.5826865442887277E-01
  0.1532634258648297E+01  0.6107702670444502E-01
  0.1532945569959608E+01  0.6402464568593980E-01
  0.1533256881270920E+01  0.6697226466743457E-01
  0.1533568192582231E+01  0.6984045047628344E-01
  0.1533879503893542E+01  0.7264102352508642E-01
  0.1534190815204853E+01  0.7544159657388942E-01
  0.1534502126516165E+01  0.7879024225043377E-01
  0.1534813437827476E+01  0.8326189948774163E-01
  0.1535124749138787E+01  0.8773355672504951E-01
  0.1535436060450099E+01  0.9212989824816664E-01
  0.1535747371761410E+01  0.9595091139899556E-01
  0.1536058683072721E+01  0.9977192454982720E-01
  0.1536369994384033E+01  0.1035929377006588E+00
  0.1536681305695344E+01  0.1078535616267227E+00
  0.1536992617006655E+01  0.1121611190875089E+00
  0.1537303928317967E+01  0.1164686765482951E+00
  0.1537615239629278E+01  0.1231448160938664E+00
  0.1537926550940589E+01  0.1308785550819502E+00
  0.1538237862251900E+01  0.1386122940700341E+00
  0.1538549173563212E+01  0.1454624874703724E+00
  0.1538860484874523E+01  0.1513520474128941E+00
  0.1539171796185834E+01  0.1572416073554158E+00
  0.1539483107497146E+01  0.1635876455319909E+00
  0.1539794418808457E+01  0.1711876239177879E+00
  0.1540105730119768E+01  0.1787876023035848E+00
  0.1540417041431080E+01  0.1864154584864788E+00
  0.1540728352742391E+01  0.1945254365721083E+00
  0.1541039664053702E+01  0.2026354146577378E+00
  0.1541350975365014E+01  0.2107453927433673E+00
  0.1541662286676325E+01  0.2192323041378823E+00
  0.1541973597987636E+01  0.2277897106932261E+00
  0.1542284909298947E+01  0.2363471172485699E+00
  0.1542596220610259E+01  0.2443596913123639E+00
  0.1542907531921570E+01  0.2520525932510141E+00
  0.1543218843232881E+01  0.2597454951896643E+00
  0.1543530154544193E+01  0.2677197930578637E+00
  0.1543841465855504E+01  0.2760858806433715E+00
  0.1544152777166815E+01  0.2844519682288793E+00
  0.1544464088478127E+01  0.2927925025875777E+00
  0.1544775399789438E+01  0.3010344174615587E+00
  0.1545086711100749E+01  0.3092763323355395E+00
  0.1545398022412060E+01  0.3175182472095146E+00
  0.1545709333723372E+01  0.3232633803641926E+00
  0.1546020645034683E+01  0.3289923531193933E+00
  0.1546331956345995E+01  0.3347213258745941E+00
  0.1546643267657306E+01  0.3405823255213877E+00
  0.1546954578968617E+01  0.3464802709650058E+00
  0.1547265890279928E+01  0.3523782164086196E+00
  0.1547577201591240E+01  0.3575616846839231E+00
  0.1547888512902551E+01  0.3622042493402770E+00
  0.1548199824213862E+01  0.3668468139966310E+00
  0.1548511135525174E+01  0.3708794297995607E+00
  0.1548822446836485E+01  0.3738130386593846E+00
  0.1549133758147796E+01  0.3767466475192086E+00
  0.1549445069459108E+01  0.3795579323973545E+00
  0.1549756380770419E+01  0.3816461466282634E+00
  0.1550067692081730E+01  0.3837343608591723E+00
  0.1550379003393042E+01  0.3858225750900812E+00
  0.1550690314704353E+01  0.3870003475275684E+00
  0.1551001626015664E+01  0.3881121914213942E+00
  0.1551312937326975E+01  0.3892240353152191E+00
  0.1551624248638287E+01  0.3908983136667682E+00
  0.1551935559949598E+01  0.3927910375443078E+00
  0.1552246871260909E+01  0.3946837614218475E+00
  0.1552558182572221E+01  0.3956888957370153E+00
  0.1552869493883532E+01  0.3958345287671019E+00
  0.1553180805194843E+01  0.3959801617971886E+00
  0.1553492116506155E+01  0.3964430043258533E+00
  0.1553803427817466E+01  0.3976609433783069E+00
  0.1554114739128777E+01  0.3988788824307604E+00
  0.1554426050440089E+01  0.4001015708704538E+00
  0.1554737361751400E+01  0.4013763199010466E+00
  0.1555048673062711E+01  0.4026510689316394E+00
  0.1555359984374022E+01  0.4039258179622314E+00
  0.1555671295685334E+01  0.4043135312575116E+00
  0.1555982606996645E+01  0.4045703167689822E+00
  0.1556293918307956E+01  0.4048271022804527E+00
  0.1556605229619268E+01  0.4048248880346237E+00
  0.1556916540930579E+01  0.4046887519630693E+00
  0.1557227852241890E+01  0.4045526158915150E+00
  0.1557539163553202E+01  0.4039281884935484E+00
  0.1557850474864513E+01  0.4026995444902376E+00
  0.1558161786175824E+01  0.4014709004869267E+00
  0.1558473097487136E+01  0.4013648790970256E+00
  0.1558784408798447E+01  0.4049189149946751E+00
  0.1559095720109758E+01  0.4084729508923222E+00
  0.1559407031421070E+01  0.4119121621151431E+00
  0.1559718342732381E+01  0.4103647017454438E+00
  0.1560029654043692E+01  0.4088172413757445E+00
  0.1560340965355004E+01  0.4072697810060453E+00
  0.1560652276666315E+01  0.4073979395732722E+00
  0.1560963587977626E+01  0.4079184057487474E+00
  0.1561274899288937E+01  0.4084388719242221E+00
  0.1561586210600249E+01  0.4099713371557567E+00
  0.1561897521911560E+01  0.4121839092798039E+00
  0.1562208833222871E+01  0.4143964814038510E+00
  0.1562520144534183E+01  0.4159922054180999E+00
  0.1562831455845494E+01  0.4166061128575872E+00
  0.1563142767156805E+01  0.4172200202970741E+00
  0.1563454078468117E+01  0.4173672485496162E+00
  0.1563765389779428E+01  0.4152934295605891E+00
  0.1564076701090739E+01  0.4132196105715621E+00
  0.1564388012402051E+01  0.4111457915825351E+00
  0.1564699323713362E+01  0.4126105119877347E+00
  0.1565010635024673E+01  0.4142172473518991E+00
  0.1565321946335984E+01  0.4158239827160624E+00
  0.1565633257647296E+01  0.4155233302408667E+00
  0.1565944568958607E+01  0.4145841530812510E+00
  0.1566255880269918E+01  0.4136449759216351E+00
  0.1566567191581230E+01  0.4137100755919293E+00
  0.1566878502892541E+01  0.4146411385167559E+00
  0.1567189814203852E+01  0.4155722014415819E+00
  0.1567501125515164E+01  0.4161508790347159E+00
  0.1567812436826475E+01  0.4159968742550241E+00
  0.1568123748137786E+01  0.4158428694753323E+00
  0.1568435059449098E+01  0.4157826510912250E+00
  0.1568746370760409E+01  0.4164620054265810E+00
  0.1569057682071720E+01  0.4171413597619367E+00
  0.1569368993383031E+01  0.4178207140972928E+00
  0.1569680304694343E+01  0.4172594063366142E+00
  0.1569991616005654E+01  0.4165607395581608E+00
  0.1570302927316966E+01  0.4158620727797073E+00
  0.1570614238628277E+01  0.4159024306531713E+00
  0.1570925549939588E+01  0.4162777669903545E+00
  0.1571236861250899E+01  0.4166531033275379E+00
  0.1571548172562211E+01  0.4173427578519687E+00
  0.1571859483873522E+01  0.4183785871366784E+00
  0.1572170795184833E+01  0.4194144164213880E+00
  0.1572482106496145E+01  0.4195171672740914E+00
  0.1572793417807456E+01  0.4170141259203411E+00
  0.1573104729118767E+01  0.4145110845665926E+00
  0.1573416040430079E+01  0.4122696310088829E+00
  0.1573727351741390E+01  0.4148512024406502E+00
  0.1574038663052701E+01  0.4174327738724175E+00
  0.1574349974364013E+01  0.4200143453041849E+00
  0.1574661285675324E+01  0.4223029945111358E+00
  0.1574972596986635E+01  0.4245355283493465E+00
  0.1575283908297946E+01  0.4267680621875588E+00
  0.1575595219609258E+01  0.4265906259010616E+00
  0.1575906530920569E+01  0.4249795663608922E+00
  0.1576217842231880E+01  0.4233685068207229E+00
  0.1576529153543192E+01  0.4222146280204079E+00
  0.1576840464854503E+01  0.4217057639073284E+00
  0.1577151776165814E+01  0.4211968997942493E+00
  0.1577463087477126E+01  0.4206070890090978E+00
  0.1577774398788437E+01  0.4196986310069016E+00
  0.1578085710099748E+01  0.4187901730047054E+00
  0.1578397021411060E+01  0.4178817150025093E+00
  0.1578708332722371E+01  0.4183004940819406E+00
  0.1579019644033682E+01  0.4187322007952832E+00
  0.1579330955344993E+01  0.4191639075086261E+00
  0.1579642266656305E+01  0.4234251366894347E+00
  0.1579953577967616E+01  0.4287782545076596E+00
  0.1580264889278927E+01  0.4341313723258845E+00
  0.1580576200590239E+01  0.4338577230474375E+00
  0.1580887511901550E+01  0.4292680876437097E+00
  0.1581198823212861E+01  0.4246784522399786E+00
  0.1581510134524173E+01  0.4231339980750183E+00
  0.1581821445835484E+01  0.4271539205372602E+00
  0.1582132757146795E+01  0.4311738429995022E+00
  0.1582444068458107E+01  0.4342446384086762E+00
  0.1582755379769418E+01  0.4315559582912916E+00
  0.1583066691080729E+01  0.4288672781739050E+00
  0.1583378002392041E+01  0.4261785980565185E+00
  0.1583689313703352E+01  0.4254223857357280E+00
  0.1584000625014663E+01  0.4248132816901103E+00
  0.1584311936325975E+01  0.4242041776444926E+00
  0.1584623247637286E+01  0.4256900881653412E+00
  0.1584934558948597E+01  0.4280027308917881E+00
  0.1585245870259908E+01  0.4303153736182367E+00
  0.1585557181571220E+01  0.4305980406202973E+00
  0.1585868492882531E+01  0.4288895212430238E+00
  0.1586179804193842E+01  0.4271810018657503E+00
  0.1586491115505154E+01  0.4264084303376493E+00
  0.1586802426816465E+01  0.4278985898734777E+00
  0.1587113738127776E+01  0.4293887494093073E+00
  0.1587425049439088E+01  0.4306073441732012E+00
  0.1587736360750399E+01  0.4287192379461607E+00
  0.1588047672061710E+01  0.4268311317191202E+00
  0.1588358983373022E+01  0.4249430254920798E+00
  0.1588670294684333E+01  0.4254052692693640E+00
  0.1588981605995644E+01  0.4262244180473036E+00
  0.1589292917306955E+01  0.4270435668252437E+00
  0.1589604228618267E+01  0.4273507777507025E+00
  0.1589915539929578E+01  0.4273894722535364E+00
  0.1590226851240889E+01  0.4274281667563704E+00
  0.1590538162552201E+01  0.4274541626322984E+00
  0.1590849473863512E+01  0.4274642392150763E+00
  0.1591160785174823E+01  0.4274743157978542E+00
  0.1591472096486135E+01  0.4271832364797130E+00
  0.1591783407797446E+01  0.4258924868793562E+00
  0.1592094719108757E+01  0.4246017372789994E+00
  0.1592406030420069E+01  0.4233591589507561E+00
  0.1592717341731380E+01  0.4245652869549156E+00
  0.1593028653042691E+01  0.4257714149590760E+00
  0.1593339964354002E+01  0.4269775429632363E+00
  0.1593651275665314E+01  0.4262543124581156E+00
  0.1593962586976625E+01  0.4250698807157172E+00
  0.1594273898287937E+01  0.4238854489733189E+00
  0.1594585209599248E+01  0.4233613003379934E+00
  0.1594896520910559E+01  0.4232868580350519E+00
  0.1595207832221870E+01  0.4232124157321105E+00
  0.1595519143533182E+01  0.4230836951793960E+00
  0.1595830454844493E+01  0.4228673996354512E+00
  0.1596141766155804E+01  0.4226511040915062E+00
  0.1596453077467116E+01  0.4226427222362471E+00
  0.1596764388778427E+01  0.4236464485259082E+00
  0.1597075700089738E+01  0.4246501748155698E+00
  0.1597387011401050E+01  0.4256539011052317E+00
  0.1597698322712361E+01  0.4241680748655149E+00
  0.1598009634023672E+01  0.4225736439852557E+00
  0.1598320945334984E+01  0.4209792131049963E+00
  0.1598632256646295E+01  0.4208570323399774E+00
  0.1598943567957606E+01  0.4212361781228202E+00
  0.1599254879268917E+01  0.4216153239056630E+00
  0.1599566190580229E+01  0.4218446208345769E+00
  0.1599877501891540E+01  0.4219430256922880E+00
  0.1600188813202851E+01  0.4220414305499990E+00
  0.1600500124514163E+01  0.4222669779369602E+00
  0.1600811435825474E+01  0.4227607960606395E+00
  0.1601122747136785E+01  0.4232546141843189E+00
  0.1601434058448097E+01  0.4237241346808404E+00
  0.1601745369759408E+01  0.4239957009796352E+00
  0.1602056681070719E+01  0.4242672672784301E+00
  0.1602367992382030E+01  0.4245388335772247E+00
  0.1602679303693342E+01  0.4242003212577281E+00
  0.1602990615004653E+01  0.4237918357633733E+00
  0.1603301926315964E+01  0.4233833502690186E+00
  0.1603613237627276E+01  0.4237367542958020E+00
  0.1603924548938587E+01  0.4244406990412307E+00
  0.1604235860249899E+01  0.4251446437866595E+00
  0.1604547171561210E+01  0.4257892525395557E+00
  0.1604858482872521E+01  0.4263676633143895E+00
  0.1605169794183832E+01  0.4269460740892231E+00
  0.1605481105495144E+01  0.4267755256579983E+00
  0.1605792416806455E+01  0.4244783029379688E+00
  0.1606103728117766E+01  0.4221810802179392E+00
  0.1606415039429077E+01  0.4199896686579448E+00
  0.1606726350740389E+01  0.4198862639892986E+00
  0.1607037662051700E+01  0.4197828593206524E+00
  0.1607348973363012E+01  0.4196794546520062E+00
  0.1607660284674323E+01  0.4203054760978361E+00
  0.1607971595985634E+01  0.4210745772815054E+00
  0.1608282907296946E+01  0.4218436784651747E+00
  0.1608594218608257E+01  0.4224441918704445E+00
  0.1608905529919568E+01  0.4229430312031750E+00
  0.1609216841230879E+01  0.4234418705359056E+00
  0.1609528152542191E+01  0.4233098828793730E+00
  0.1609839463853502E+01  0.4222760097616292E+00
  0.1610150775164813E+01  0.4212421366438862E+00
  0.1610462086476125E+01  0.4205665572733606E+00
  0.1610773397787436E+01  0.4213299318231187E+00
  0.1611084709098747E+01  0.4220933063728767E+00
  0.1611396020410059E+01  0.4228566809226348E+00
  0.1611707331721370E+01  0.4213425614331922E+00
  0.1612018643032681E+01  0.4197987677543145E+00
  0.1612329954343993E+01  0.4182549740754369E+00
  0.1612641265655304E+01  0.4181230468726258E+00
  0.1612952576966615E+01  0.4184012053682569E+00
  0.1613263888277926E+01  0.4186793638638880E+00
  0.1613575199589238E+01  0.4178191452123604E+00
  0.1613886510900549E+01  0.4160742448921847E+00
  0.1614197822211860E+01  0.4143293445720103E+00
  0.1614509133523172E+01  0.4146515932725586E+00
  0.1614820444834483E+01  0.4188047052959231E+00
  0.1615131756145794E+01  0.4229578173192876E+00
  0.1615443067457106E+01  0.4259814552674578E+00
  0.1615754378768417E+01  0.4219655803749010E+00
  0.1616065690079728E+01  0.4179497054823441E+00
  0.1616377001391039E+01  0.4139338305897901E+00
  0.1616688312702351E+01  0.4159148284917105E+00
  0.1616999624013662E+01  0.4183747433181927E+00
  0.1617310935324973E+01  0.4208346581446749E+00
  0.1617622246636285E+01  0.4199826667807455E+00
  0.1617933557947596E+01  0.4178029292413830E+00
  0.1618244869258907E+01  0.4156231917020219E+00
  0.1618556180570219E+01  0.4149336624229668E+00
  0.1618867491881530E+01  0.4157247887871683E+00
  0.1619178803192841E+01  0.4165159151513698E+00
  0.1619490114504153E+01  0.4175636924188707E+00
  0.1619801425815464E+01  0.4192416902378057E+00
  0.1620112737126775E+01  0.4209196880567406E+00
  0.1620424048438087E+01  0.4223779213738271E+00
  0.1620735359749398E+01  0.4212081375230039E+00
  0.1621046671060709E+01  0.4200383536721807E+00
  0.1621357982372021E+01  0.4188685698213575E+00
  0.1621669293683332E+01  0.4177668495116653E+00
  0.1621980604994643E+01  0.4166757562232657E+00
  0.1622291916305954E+01  0.4155846629348654E+00
  0.1622603227617266E+01  0.4158037783678454E+00
  0.1622914538928577E+01  0.4167199506575193E+00
  0.1623225850239888E+01  0.4176361229471934E+00
  0.1623537161551200E+01  0.4182767111611051E+00
  0.1623848472862511E+01  0.4185672874831734E+00
  0.1624159784173822E+01  0.4188578638052414E+00
  0.1624471095485134E+01  0.4184936537562359E+00
  0.1624782406796445E+01  0.4159160813261406E+00
  0.1625093718107756E+01  0.4133385088960453E+00
  0.1625405029419068E+01  0.4109089003190338E+00
  0.1625716340730379E+01  0.4175346795505672E+00
  0.1626027652041690E+01  0.4241604587820959E+00
  0.1626338963353001E+01  0.4307862380136293E+00
  0.1626650274664313E+01  0.4290761827609026E+00
  0.1626961585975624E+01  0.4253321838940209E+00
  0.1627272897286935E+01  0.4215881850271392E+00
  0.1627584208598247E+01  0.4205697832423648E+00
  0.1627895519909558E+01  0.4214326359653463E+00
  0.1628206831220869E+01  0.4222954886883272E+00
  0.1628518142532181E+01  0.4227599466690916E+00
  0.1628829453843492E+01  0.4225727929104679E+00
  0.1629140765154803E+01  0.4223856391518441E+00
  0.1629452076466115E+01  0.4223100670219108E+00
  0.1629763387777426E+01  0.4227902572348765E+00
  0.1630074699088737E+01  0.4232704474478419E+00
  0.1630386010400048E+01  0.4237506376608076E+00
  0.1630697321711360E+01  0.4216101300008833E+00
  0.1631008633022671E+01  0.4193460877610931E+00
  0.1631319944333983E+01  0.4170820455213029E+00
  0.1631631255645294E+01  0.4183870230214139E+00
  0.1631942566956605E+01  0.4209280246738692E+00
  0.1632253878267916E+01  0.4234690263263229E+00
  0.1632565189579228E+01  0.4242812224075646E+00
  0.1632876500890539E+01  0.4235636874985221E+00
  0.1633187812201850E+01  0.4228461525894798E+00
  0.1633499123513162E+01  0.4219965586479070E+00
  0.1633810434824473E+01  0.4208641716265736E+00
  0.1634121746135784E+01  0.4197317846052394E+00
  0.1634433057447096E+01  0.4190813125104775E+00
  0.1634744368758407E+01  0.4224906085850076E+00
  0.1635055680069718E+01  0.4258999046595376E+00
  0.1635366991381030E+01  0.4293092007340678E+00
  0.1635678302692341E+01  0.4298293278055935E+00
  0.1635989614003652E+01  0.4300064959666917E+00
  0.1636300925314963E+01  0.4301836641277902E+00
  0.1636612236626275E+01  0.4291208228626633E+00
  0.1636923547937586E+01  0.4274789205918945E+00
  0.1637234859248897E+01  0.4258370183211257E+00
  0.1637546170560209E+01  0.4253288503606629E+00
  0.1637857481871520E+01  0.4261019574769135E+00
  0.1638168793182831E+01  0.4268750645931646E+00
  0.1638480104494143E+01  0.4276168767780166E+00
  0.1638791415805454E+01  0.4282683248484543E+00
  0.1639102727116765E+01  0.4289197729188918E+00
  0.1639414038428077E+01  0.4295516627442071E+00
  0.1639725349739388E+01  0.4297686383694302E+00
  0.1640036661050699E+01  0.4299856139946532E+00
  0.1640347972362010E+01  0.4302025896198762E+00
  0.1640659283673322E+01  0.4304976509786338E+00
  0.1640970594984633E+01  0.4308083897819619E+00
  0.1641281906295945E+01  0.4311191285852901E+00
  0.1641593217607256E+01  0.4313506634351951E+00
  0.1641904528918567E+01  0.4315337730700538E+00
  0.1642215840229878E+01  0.4317168827049126E+00
  0.1642527151541190E+01  0.4314073495445290E+00
  0.1642838462852501E+01  0.4303840661926143E+00
  0.1643149774163812E+01  0.4293607828406995E+00
  0.1643461085475124E+01  0.4289249301694278E+00
  0.1643772396786435E+01  0.4308965802876715E+00
  0.1644083708097746E+01  0.4328682304059137E+00
  0.1644395019409058E+01  0.4348398805241575E+00
  0.1644706330720369E+01  0.4345836926072290E+00
  0.1645017642031680E+01  0.4342911021080273E+00
  0.1645328953342992E+01  0.4339985116088256E+00
  0.1645640264654303E+01  0.4330121888491674E+00
  0.1645951575965614E+01  0.4318206369624568E+00
  0.1646262887276925E+01  0.4306290850757462E+00
  0.1646574198588237E+01  0.4302533362289449E+00
  0.1646885509899548E+01  0.4305199150629909E+00
  0.1647196821210859E+01  0.4307864938970369E+00
  0.1647508132522171E+01  0.4313588295257975E+00
  0.1647819443833482E+01  0.4325058746853624E+00
  0.1648130755144793E+01  0.4336529198449281E+00
  0.1648442066456105E+01  0.4346730198069870E+00
  0.1648753377767416E+01  0.4348800660040642E+00
  0.1649064689078727E+01  0.4350871122011414E+00
  0.1649376000390039E+01  0.4352941583982186E+00
  0.1649687311701350E+01  0.4352185240794360E+00
  0.1649998623012661E+01  0.4351192509718705E+00
  0.1650309934323972E+01  0.4350199778643051E+00
  0.1650621245635284E+01  0.4364033999773945E+00
  0.1650932556946595E+01  0.4383906346237810E+00
  0.1651243868257906E+01  0.4403778692701675E+00
  0.1651555179569218E+01  0.4400902459008528E+00
  0.1651866490880529E+01  0.4375130880125153E+00
  0.1652177802191840E+01  0.4349359301241760E+00
  0.1652489113503152E+01  0.4327867373936226E+00
  0.1652800424814463E+01  0.4317050532588929E+00
  0.1653111736125774E+01  0.4306233691241630E+00
  0.1653423047437086E+01  0.4297743348391137E+00
  0.1653734358748397E+01  0.4318384812804815E+00
  0.1654045670059708E+01  0.4339026277218508E+00
  0.1654356981371019E+01  0.4359667741632201E+00
  0.1654668292682331E+01  0.4353219244165768E+00
  0.1654979603993642E+01  0.4342424222964852E+00
  0.1655290915304954E+01  0.4331629201763936E+00
  0.1655602226616265E+01  0.4324716436577185E+00
  0.1655913537927576E+01  0.4319898552110948E+00
  0.1656224849238887E+01  0.4315080667644707E+00
  0.1656536160550199E+01  0.4314644821007477E+00
  0.1656847471861510E+01  0.4319847625988449E+00
  0.1657158783172821E+01  0.4325050430969420E+00
  0.1657470094484133E+01  0.4326229443623126E+00
  0.1657781405795444E+01  0.4313555114121521E+00
  0.1658092717106755E+01  0.4300880784619915E+00
  0.1658404028418067E+01  0.4288686074203471E+00
  0.1658715339729378E+01  0.4313302128571975E+00
  0.1659026651040689E+01  0.4337918182940479E+00
  0.1659337962352001E+01  0.4362534237308983E+00
  0.1659649273663312E+01  0.4362832712593733E+00
  0.1659960584974623E+01  0.4357076208347598E+00
  0.1660271896285934E+01  0.4351319704101463E+00
  0.1660583207597246E+01  0.4341302360286537E+00
  0.1660894518908557E+01  0.4328304757101095E+00
  0.1661205830219868E+01  0.4315307153915653E+00
  0.1661517141531180E+01  0.4307230342183825E+00
  0.1661828452842491E+01  0.4307312791494731E+00
  0.1662139764153802E+01  0.4307395240805637E+00
  0.1662451075465114E+01  0.4306157849169027E+00
  0.1662762386776425E+01  0.4298191856623536E+00
  0.1663073698087736E+01  0.4290225864078046E+00
  0.1663385009399048E+01  0.4282259871532554E+00
  0.1663696320710359E+01  0.4291565933697012E+00
  0.1664007632021670E+01  0.4301747268904204E+00
  0.1664318943332981E+01  0.4311928604111394E+00
  0.1664630254644293E+01  0.4307457044870833E+00
  0.1664941565955604E+01  0.4297825118455206E+00
  0.1665252877266915E+01  0.4288193192039587E+00
  0.1665564188578227E+01  0.4282152714540868E+00
  0.1665875499889538E+01  0.4279331401620113E+00
  0.1666186811200849E+01  0.4276510088699360E+00
  0.1666498122512161E+01  0.4277884835674935E+00
  0.1666809433823472E+01  0.4288379590384352E+00
  0.1667120745134783E+01  0.4298874345093768E+00
  0.1667432056446095E+01  0.4307478378961310E+00
  0.1667743367757406E+01  0.4299597690488847E+00
  0.1668054679068717E+01  0.4291717002016378E+00
  0.1668365990380029E+01  0.4283836313543909E+00
  0.1668677301691340E+01  0.4283064499830884E+00
  0.1668988613002651E+01  0.4283165255582914E+00
  0.1669299924313962E+01  0.4283266011334944E+00
  0.1669611235625274E+01  0.4278561281740100E+00
  0.1669922546936585E+01  0.4271579070938207E+00
  0.1670233858247896E+01  0.4264596860136313E+00
  0.1670545169559208E+01  0.4257414142337815E+00
  0.1670856480870519E+01  0.4250001878598377E+00
  0.1671167792181830E+01  0.4242589614858940E+00
  0.1671479103493142E+01  0.4236305333404851E+00
  0.1671790414804453E+01  0.4233333607522905E+00
  0.1672101726115764E+01  0.4230361881640960E+00
  0.1672413037427076E+01  0.4228122528915594E+00
  0.1672724348738387E+01  0.4242671422394710E+00
  0.1673035660049698E+01  0.4257220315873825E+00
  0.1673346971361009E+01  0.4271769209352930E+00
  0.1673658282672321E+01  0.4275059726199305E+00
  0.1673969593983632E+01  0.4276037475752903E+00
  0.1674280905294943E+01  0.4277015225306502E+00
  0.1674592216606255E+01  0.4278925482795878E+00
  0.1674903527917566E+01  0.4281413700932948E+00
  0.1675214839228877E+01  0.4283901919070020E+00
  0.1675526150540189E+01  0.4291257887121216E+00
  0.1675837461851500E+01  0.4305760948300307E+00
  0.1676148773162811E+01  0.4320264009479398E+00
  0.1676460084474123E+01  0.4328093572506498E+00
  0.1676771395785434E+01  0.4308005668264521E+00
  0.1677082707096745E+01  0.4287917764022559E+00
  0.1677394018408056E+01  0.4267829859780582E+00
  0.1677705329719368E+01  0.4278512571203875E+00
  0.1678016641030679E+01  0.4289800606214034E+00
  0.1678327952341991E+01  0.4301088641224192E+00
  0.1678639263653302E+01  0.4312140005992598E+00
  0.1678950574964613E+01  0.4323120072612862E+00
  0.1679261886275924E+01  0.4334100139233117E+00
  0.1679573197587236E+01  0.4335109794379779E+00
  0.1679884508898547E+01  0.4328166173322058E+00
  0.1680195820209858E+01  0.4321222552264337E+00
  0.1680507131521170E+01  0.4313379761152952E+00
  0.1680818442832481E+01  0.4303822664518701E+00
  0.1681129754143792E+01  0.4294265567884454E+00
  0.1681441065455104E+01  0.4286024888133451E+00
  0.1681752376766415E+01  0.4286453295174589E+00
  0.1682063688077726E+01  0.4286881702215727E+00
  0.1682374999389038E+01  0.4287310109256865E+00
  0.1682686310700349E+01  0.4317387965680971E+00
  0.1682997622011660E+01  0.4350057557190984E+00
  0.1683308933322971E+01  0.4382727148700974E+00
  0.1683620244634283E+01  0.4384321649604671E+00
  0.1683931555945594E+01  0.4373062363030285E+00
  0.1684242867256905E+01  0.4361803076455900E+00
  0.1684554178568217E+01  0.4356079610826996E+00
  0.1684865489879528E+01  0.4355999806811333E+00
  0.1685176801190839E+01  0.4355920002795670E+00
  0.1685488112502151E+01  0.4350771809495715E+00
  0.1685799423813462E+01  0.4332779856986690E+00
  0.1686110735124773E+01  0.4314787904477665E+00
  0.1686422046436085E+01  0.4299194760989590E+00
  0.1686733357747396E+01  0.4315113245094674E+00
  0.1687044669058707E+01  0.4331031729199758E+00
  0.1687355980370018E+01  0.4346950213304831E+00
  0.1687667291681330E+01  0.4341531256798832E+00
  0.1687978602992641E+01  0.4332596017944932E+00
  0.1688289914303952E+01  0.4323660779091033E+00
  0.1688601225615264E+01  0.4312367893806858E+00
  0.1688912536926575E+01  0.4299784754257372E+00
  0.1689223848237886E+01  0.4287201614707877E+00
  0.1689535159549198E+01  0.4279094024570055E+00
  0.1689846470860509E+01  0.4276821224776343E+00
  0.1690157782171820E+01  0.4274548424982632E+00
  0.1690469093483132E+01  0.4278731544342459E+00
  0.1690780404794443E+01  0.4305557162762457E+00
  0.1691091716105754E+01  0.4332382781182438E+00
  0.1691403027417065E+01  0.4358911055560762E+00
  0.1691714338728377E+01  0.4354912008326435E+00
  0.1692025650039688E+01  0.4350912961092107E+00
  0.1692336961351000E+01  0.4346913913857779E+00
  0.1692648272662311E+01  0.4338808461320752E+00
  0.1692959583973622E+01  0.4329659849372162E+00
  0.1693270895284933E+01  0.4320511237423565E+00
  0.1693582206596245E+01  0.4307579378608083E+00
  0.1693893517907556E+01  0.4291965987672663E+00
  0.1694204829218867E+01  0.4276352596737244E+00
  0.1694516140530179E+01  0.4279375371164562E+00
  0.1694827451841490E+01  0.4313726182192965E+00
  0.1695138763152801E+01  0.4348076993221344E+00
  0.1695450074464113E+01  0.4370953065062491E+00
  0.1695761385775424E+01  0.4333930998346061E+00
  0.1696072697086735E+01  0.4296908931629629E+00
  0.1696384008398047E+01  0.4259886864913200E+00
  0.1696695319709358E+01  0.4258321326834573E+00
  0.1697006631020669E+01  0.4258678854715943E+00
  0.1697317942331980E+01  0.4259036382597313E+00
  0.1697629253643292E+01  0.4258853082004753E+00
  0.1697940564954603E+01  0.4258476122307990E+00
  0.1698251876265914E+01  0.4258099162611227E+00
  0.1698563187577226E+01  0.4245920128714388E+00
  0.1698874498888537E+01  0.4223025101065351E+00
  0.1699185810199848E+01  0.4200130073416332E+00
  0.1699497121511160E+01  0.4180810596864253E+00
  0.1699808432822471E+01  0.4169379449536398E+00
  0.1700119744133782E+01  0.4157948302208543E+00
  0.1700431055445094E+01  0.4146598455498288E+00
  0.1700742366756405E+01  0.4135982936947005E+00
  0.1701053678067716E+01  0.4125367418395715E+00
  0.1701364989379027E+01  0.4114751899844423E+00
  0.1701676300690339E+01  0.4091230622273316E+00
  0.1701987612001650E+01  0.4066072744826504E+00
  0.1702298923312962E+01  0.4040914867379692E+00
  0.1702610234624273E+01  0.4011267485016309E+00
  0.1702921545935584E+01  0.3979460864574031E+00
  0.1703232857246895E+01  0.3947654244131731E+00
  0.1703544168558207E+01  0.3913468204607441E+00
  0.1703855479869518E+01  0.3876522699897785E+00
  0.1704166791180829E+01  0.3839577195188130E+00
  0.1704478102492141E+01  0.3802870026856913E+00
  0.1704789413803452E+01  0.3766874812066440E+00
  0.1705100725114763E+01  0.3730879597275941E+00
  0.1705412036426075E+01  0.3694457531759754E+00
  0.1705723347737386E+01  0.3647399768995142E+00
  0.1706034659048697E+01  0.3600342006230529E+00
  0.1706345970360009E+01  0.3553284243465916E+00
  0.1706657281671320E+01  0.3510029335845443E+00
  0.1706968592982631E+01  0.3467573471718317E+00
  0.1707279904293942E+01  0.3425117607591162E+00
  0.1707591215605254E+01  0.3368479883756367E+00
  0.1707902526916565E+01  0.3302932090995300E+00
  0.1708213838227876E+01  0.3237384298234233E+00
  0.1708525149539188E+01  0.3171021832864257E+00
  0.1708836460850499E+01  0.3103447134652108E+00
  0.1709147772161810E+01  0.3035872436439958E+00
  0.1709459083473122E+01  0.2968102561969437E+00
  0.1709770394784433E+01  0.2899499053310617E+00
  0.1710081706095744E+01  0.2830895544651797E+00
  0.1710393017407056E+01  0.2762292035992978E+00
  0.1710704328718367E+01  0.2695633690765484E+00
  0.1711015640029678E+01  0.2629020135485468E+00
  0.1711326951340989E+01  0.2562406580205405E+00
  0.1711638262652301E+01  0.2478060027648036E+00
  0.1711949573963612E+01  0.2388274362480396E+00
  0.1712260885274923E+01  0.2298488697312757E+00
  0.1712572196586235E+01  0.2244663345166292E+00
  0.1712883507897546E+01  0.2219898943658938E+00
  0.1713194819208857E+01  0.2195134542151585E+00
  0.1713506130520169E+01  0.2148576714347570E+00
  0.1713817441831480E+01  0.2059871222479222E+00
  0.1714128753142791E+01  0.1971165730610875E+00
  0.1714440064454103E+01  0.1886164612722660E+00
  0.1714751375765414E+01  0.1826260628549766E+00
  0.1715062687076725E+01  0.1766356644376830E+00
  0.1715373998388037E+01  0.1706452660203893E+00
  0.1715685309699348E+01  0.1649185462415514E+00
  0.1715996621010659E+01  0.1592158813560464E+00
  0.1716307932321971E+01  0.1535132164705414E+00
  0.1716619243633282E+01  0.1479364180826883E+00
  0.1716930554944593E+01  0.1424124951185007E+00
  0.1717241866255904E+01  0.1368885721543130E+00
  0.1717553177567216E+01  0.1314687335270632E+00
  0.1717864488878527E+01  0.1261563806856708E+00
  0.1718175800189838E+01  0.1208440278442784E+00
  0.1718487111501150E+01  0.1160275766304429E+00
  0.1718798422812461E+01  0.1124879296070980E+00
  0.1719109734123772E+01  0.1089482825837506E+00
  0.1719421045435084E+01  0.1053825368541863E+00
  0.1719732356746395E+01  0.1014563804197229E+00
  0.1720043668057706E+01  0.9753022398525935E-01
  0.1720354979369017E+01  0.9360406755079864E-01
  0.1720666290680329E+01  0.9014162861370188E-01
  0.1720977601991640E+01  0.8675763812540790E-01
  0.1721288913302951E+01  0.8337364763711390E-01
  0.1721600224614263E+01  0.8010838715715511E-01
  0.1721911535925574E+01  0.7690902183182241E-01
  0.1722222847236885E+01  0.7370965650648974E-01
  0.1722534158548197E+01  0.7086369883381506E-01
  0.1722845469859508E+01  0.6848455574711468E-01
  0.1723156781170819E+01  0.6610541266041259E-01
  0.1723468092482131E+01  0.6375741187721809E-01
  0.1723779403793442E+01  0.6152069903155814E-01
  0.1724090715104753E+01  0.5928398618589818E-01
  0.1724402026416064E+01  0.5704658310474677E-01
  0.1724713337727376E+01  0.5470253863991521E-01
  0.1725024649038687E+01  0.5235849417508363E-01
  0.1725335960349998E+01  0.5001444971025207E-01
  0.1725647271661310E+01  0.4879999114767512E-01
  0.1725958582972621E+01  0.4787821881078385E-01
  0.1726269894283933E+01  0.4695644647389258E-01
  0.1726581205595244E+01  0.4565449787296549E-01
  0.1726892516906555E+01  0.4407949449676277E-01
  0.1727203828217866E+01  0.4250449112056005E-01
  0.1727515139529178E+01  0.4102734288060569E-01
  0.1727826450840489E+01  0.3971697382938774E-01
  0.1728137762151800E+01  0.3840660477816980E-01
  0.1728449073463111E+01  0.3710781709144290E-01
  0.1728760384774423E+01  0.3587095425158053E-01
  0.1729071696085734E+01  0.3463409141171816E-01
  0.1729383007397046E+01  0.3339722857185579E-01
  0.1729694318708357E+01  0.3266014062870197E-01
  0.1730005630019668E+01  0.3195195123399736E-01
  0.1730316941330980E+01  0.3124376183929275E-01
  0.1730628252642291E+01  0.3023217710999911E-01
  0.1730939563953602E+01  0.2911014583346396E-01
  0.1731250875264913E+01  0.2798811455692881E-01
  0.1731562186576225E+01  0.2697443146459704E-01
  0.1731873497887536E+01  0.2606040194909437E-01
  0.1732184809198847E+01  0.2514637243359234E-01
  0.1732496120510159E+01  0.2420835688001333E-01
  0.1732807431821470E+01  0.2321662259532583E-01
  0.1733118743132781E+01  0.2222488831063833E-01
  0.1733430054444093E+01  0.2123570344067555E-01
  0.1733741365755404E+01  0.2027039808863447E-01
  0.1734052677066715E+01  0.1930509273659338E-01
  0.1734363988378027E+01  0.1833978738455230E-01
  0.1734675299689338E+01  0.1749512956785037E-01
  0.1734986611000649E+01  0.1666626561031935E-01
  0.1735297922311960E+01  0.1583740165278832E-01
  0.1735609233623272E+01  0.1510541196949466E-01
  0.1735920544934583E+01  0.1442070064013504E-01
  0.1736231856245894E+01  0.1373598931077591E-01
  0.1736543167557206E+01  0.1303838687028109E-01
  0.1736854478868517E+01  0.1232563962789315E-01
  0.1737165790179828E+01  0.1161289238550521E-01
  0.1737477101491140E+01  0.1098927006379194E-01
  0.1737788412802451E+01  0.1063649490360964E-01
  0.1738099724113762E+01  0.1028371974342734E-01
  0.1738411035425074E+01  0.9926292435836891E-02
  0.1738722346736385E+01  0.9441988380754007E-02
  0.1739033658047696E+01  0.8957684325670776E-02
  0.1739344969359008E+01  0.8473380270587546E-02
  0.1739656280670319E+01  0.8126282085142055E-02
  0.1739967591981630E+01  0.7808661723251797E-02
  0.1740278903292941E+01  0.7491041361361311E-02
  0.1740590214604253E+01  0.7143561858581901E-02
  0.1740901525915564E+01  0.6777066797657430E-02
  0.1741212837226875E+01  0.6410571736732960E-02
  0.1741524148538187E+01  0.6092347017921646E-02
  0.1741835459849498E+01  0.5846917089232627E-02
  0.1742146771160809E+01  0.5601487160543608E-02
  0.1742458082472121E+01  0.5357562217433529E-02
  0.1742769393783432E+01  0.5120202125209964E-02
  0.1743080705094743E+01  0.4882842032986400E-02
  0.1743392016406055E+01  0.4645481940762836E-02
  0.1743703327717366E+01  0.4414207611059108E-02
  0.1744014639028677E+01  0.4183093961554090E-02
  0.1744325950339988E+01  0.3951980312048907E-02
  0.1744637261651300E+01  0.3785312779337572E-02
  0.1744948572962611E+01  0.3638767662840362E-02
  0.1745259884273922E+01  0.3492222546343152E-02
  0.1745571195585234E+01  0.3359776556176309E-02
  0.1745882506896545E+01  0.3238873710373478E-02
  0.1746193818207856E+01  0.3117970864570648E-02
  0.1746505129519168E+01  0.3001466575405344E-02
  0.1746816440830479E+01  0.2893591835452457E-02
  0.1747127752141790E+01  0.2785717095499570E-02
  0.1747439063453102E+01  0.2676806090937938E-02
  0.1747750374764413E+01  0.2560667805002533E-02
  0.1748061686075724E+01  0.2444529519067211E-02
  0.1748372997387035E+01  0.2328391233131807E-02
  0.1748684308698347E+01  0.2239253128628049E-02
  0.1748995620009658E+01  0.2152681942781529E-02
  0.1749306931320969E+01  0.2066110756935009E-02
  0.1749618242632281E+01  0.1983880666724359E-02
  0.1749929553943592E+01  0.1903502511807905E-02
  0.1750240865254903E+01  0.1823124356891508E-02
  0.1750552176566215E+01  0.1751397997507103E-02
  0.1750863487877526E+01  0.1688721871606886E-02
  0.1751174799188837E+01  0.1626045745706669E-02
  0.1751486110500149E+01  0.1564391349350203E-02
  0.1751797421811460E+01  0.1505410082614052E-02
  0.1752108733122771E+01  0.1446428815877859E-02
  0.1752420044434083E+01  0.1387875782072324E-02
  0.1752731355745394E+01  0.1335553537407879E-02
  0.1753042667056705E+01  0.1283231292743434E-02
  0.1753353978368017E+01  0.1230909048078989E-02
  0.1753665289679328E+01  0.1194802459561175E-02
  0.1753976600990639E+01  0.1161510664185781E-02
  0.1754287912301950E+01  0.1128218868810411E-02
  0.1754599223613262E+01  0.1085963812566125E-02
  0.1754910534924573E+01  0.1038664106988590E-02
  0.1755221846235884E+01  0.9913644014110557E-03
  0.1755533157547196E+01  0.9505982442446533E-03
  0.1755844468858507E+01  0.9185762345758572E-03
  0.1756155780169818E+01  0.8865542249070382E-03
  0.1756467091481130E+01  0.8568292729267580E-03
  0.1756778402792441E+01  0.8354697250659379E-03
  0.1757089714103752E+01  0.8141101772051174E-03
  0.1757401025415064E+01  0.7927355014828470E-03
  0.1757712336726375E+01  0.7666711887119843E-03
  0.1758023648037686E+01  0.7406068759411215E-03
  0.1758334959348997E+01  0.7145425631702774E-03
  0.1758646270660309E+01  0.6922408074289955E-03
  0.1758957581971620E+01  0.6709332232605708E-03
  0.1759268893282931E+01  0.6496256390921460E-03
  0.1759580204594243E+01  0.6268019703384521E-03
  0.1759891515905554E+01  0.6028749289143413E-03
  0.1760202827216865E+01  0.5789478874902304E-03
  0.1760514138528177E+01  0.5582332694033296E-03
  0.1760825449839488E+01  0.5430699442763462E-03
  0.1761136761150799E+01  0.5279066191493627E-03
  0.1761448072462111E+01  0.5125238786041677E-03
  0.1761759383773422E+01  0.4959389244133606E-03
  0.1762070695084733E+01  0.4793539702225653E-03
  0.1762382006396044E+01  0.4627690160317582E-03
  0.1762693317707356E+01  0.4477121464104924E-03
  0.1763004629018667E+01  0.4327491522917924E-03
  0.1763315940329979E+01  0.4177861581730924E-03
  0.1763627251641290E+01  0.4053069981610667E-03
  0.1763938562952601E+01  0.3937469661885009E-03
  0.1764249874263912E+01  0.3821869342159352E-03
  0.1764561185575224E+01  0.3724710225722664E-03
  0.1764872496886535E+01  0.3644732354586265E-03
  0.1765183808197846E+01  0.3564754483449866E-03
  0.1765495119509158E+01  0.3481506116732964E-03
  0.1765806430820469E+01  0.3390821675854102E-03
  0.1766117742131780E+01  0.3300137234975304E-03
  0.1766429053443092E+01  0.3209135409597765E-03
  0.1766740364754403E+01  0.3115047293577924E-03
  0.1767051676065714E+01  0.3020959177558083E-03
  0.1767362987377026E+01  0.2926871061538243E-03
  0.1767674298688337E+01  0.2847573807631879E-03
  0.1767985609999648E+01  0.2770273859923246E-03
  0.1768296921310959E+01  0.2692973912214612E-03
  0.1768608232622271E+01  0.2620116038119629E-03
  0.1768919543933582E+01  0.2549457844708329E-03
  0.1769230855244893E+01  0.2478799651297029E-03
  0.1769542166556205E+01  0.2404878547663410E-03
  0.1769853477867516E+01  0.2327074121300422E-03
  0.1770164789178827E+01  0.2249269694937490E-03
  0.1770476100490139E+01  0.2178510900979357E-03
  0.1770787411801450E+01  0.2129537944062557E-03
  0.1771098723112761E+01  0.2080564987145757E-03
  0.1771410034424072E+01  0.2031908761373418E-03
  0.1771721345735384E+01  0.1992786143048274E-03
  0.1772032657046695E+01  0.1953663524723131E-03
  0.1772343968358006E+01  0.1914540906397989E-03
  0.1772655279669318E+01  0.1863070569669868E-03
  0.1772966590980629E+01  0.1808888577135603E-03
  0.1773277902291940E+01  0.1754706584601339E-03
  0.1773589213603252E+01  0.1714231254270876E-03
  0.1773900524914563E+01  0.1682603610653975E-03
  0.1774211836225874E+01  0.1650975967037052E-03
  0.1774523147537186E+01  0.1607521438849474E-03
  0.1774834458848497E+01  0.1545990046440078E-03
  0.1775145770159808E+01  0.1484458654030683E-03
  0.1775457081471119E+01  0.1432488354578976E-03
  0.1775768392782431E+01  0.1423123627254279E-03
  0.1776079704093742E+01  0.1413758899929582E-03
  0.1776391015405054E+01  0.1404394172604885E-03
  0.1776702326716365E+01  0.1351680905861923E-03
  0.1777013638027676E+01  0.1297675795229011E-03
  0.1777324949338988E+01  0.1243670684596100E-03
  0.1777636260650299E+01  0.1214848103637344E-03
  0.1777947571961610E+01  0.1194028445244514E-03
  0.1778258883272921E+01  0.1173208786851668E-03
  0.1778570194584233E+01  0.1151217510712198E-03
  0.1778881505895544E+01  0.1128254481029940E-03
  0.1779192817206855E+01  0.1105291451347683E-03
  0.1779504128518167E+01  0.1080147599055149E-03
  0.1779815439829478E+01  0.1050663070990188E-03
  0.1780126751140789E+01  0.1021178542925228E-03
  0.1780438062452101E+01  0.9938087678634726E-04
  0.1780749373763412E+01  0.9816318235879029E-04
  0.1781060685074723E+01  0.9694548793123333E-04
  0.1781371996386035E+01  0.9572779350367637E-04
  0.1781683307697346E+01  0.9296092641132133E-04
  0.1781994619008657E+01  0.9004078428499673E-04
  0.1782305930319968E+01  0.8712064215867002E-04
  0.1782617241631280E+01  0.8490736941381966E-04
  0.1782928552942591E+01  0.8300029815218950E-04
  0.1783239864253902E+01  0.8109322689056069E-04
  0.1783551175565214E+01  0.7930032242231211E-04
  0.1783862486876525E+01  0.7762838939075922E-04
  0.1784173798187836E+01  0.7595645635920634E-04
  0.1784485109499148E+01  0.7418032810443086E-04
  0.1784796420810459E+01  0.7212716313849876E-04
  0.1785107732121770E+01  0.7007399817256666E-04
  0.1785419043433082E+01  0.6812168531098332E-04
  0.1785730354744393E+01  0.6771931005305660E-04
  0.1786041666055704E+01  0.6731693479512961E-04
  0.1786352977367015E+01  0.6691455953720261E-04
  0.1786664288678327E+01  0.6465754497971605E-04
  0.1786975599989638E+01  0.6207034842571696E-04
  0.1787286911300949E+01  0.5948315187171970E-04
  0.1787598222612261E+01  0.5804306433286775E-04
  0.1787909533923572E+01  0.5725764001983211E-04
  0.1788220845234883E+01  0.5647221570679648E-04
  0.1788532156546195E+01  0.5547356877162737E-04
  0.1788843467857506E+01  0.5418577903826213E-04
  0.1789154779168817E+01  0.5289798930489689E-04
  0.1789466090480129E+01  0.5167397336796815E-04
  0.1789777401791440E+01  0.5068669349356855E-04
  0.1790088713102751E+01  0.4969941361916825E-04
  0.1790711335725374E+01  0.0000000000000000E+00
