  1000 NIRCAM_F090W        
  0.7805499877929688E+00  0.2279048547387720E+01  0.2267304001587175E+02  0.4877756638303126E+00  0.1573040015871744E+01  0.8526759105582723E-09  0.2316806347955017E+04  0.8987768526929071E+00  0.2442067251965193E-18  0.9025332734131118E+00
  0.9093478115476618E+00  0.9003412201638257E+00  0.9047306636361365E+00  0.9038530185164314E+00  0.9039106316857300E+00  0.2598872588757363E+00  0.2100783125559620E+00  0.1943396821880718E+00  0.7949897183031631E+00  0.1005068030859125E+01
  0.6192106861008870E+00  0.1943396821880718E+01  0.6877511239441152E-01  0.3004397446058062E-16  0.1395999272359914E-19  0.2539999961853027E+06  0.2696474700433117E+02  0.2745252419404039E+02  0.2853778702020291E+02
  0.7805499877929688E+00  0.0000000000000000E+00
  0.7820484863525635E+00  0.6603258648664627E-04
  0.7835469849121584E+00  0.1311033416949290E-03
  0.7850454834717531E+00  0.3322851957286171E-03
  0.7865439820313478E+00  0.9494357650460390E-03
  0.7880424805909425E+00  0.3582914707684075E-02
  0.7895409791505373E+00  0.1176399407038143E-01
  0.7910394777101321E+00  0.3521580113668393E-01
  0.7925379762697268E+00  0.7495862693795627E-01
  0.7940364748293216E+00  0.1279736545122404E+00
  0.7955349733889163E+00  0.1772366448035864E+00
  0.7970334719485110E+00  0.2136879141091031E+00
  0.7985319705081058E+00  0.2374563135343632E+00
  0.8000304690677006E+00  0.2495159782821083E+00
  0.8015289676272953E+00  0.2556938321492832E+00
  0.8030274661868900E+00  0.2575409115953561E+00
  0.8045259647464849E+00  0.2594264504928656E+00
  0.8060244633060796E+00  0.2591210775366252E+00
  0.8075229618656743E+00  0.2542831244405585E+00
  0.8090214604252690E+00  0.2478503350650028E+00
  0.8105199589848638E+00  0.2455852319074824E+00
  0.8120184575444586E+00  0.2487145352700169E+00
  0.8135169561040533E+00  0.2523052213978748E+00
  0.8150154546636481E+00  0.2543406345241758E+00
  0.8165139532232428E+00  0.2538320135051592E+00
  0.8180124517828375E+00  0.2574452970304942E+00
  0.8195109503424323E+00  0.2638854440340772E+00
  0.8210094489020271E+00  0.2717507811022302E+00
  0.8225079474616218E+00  0.2759546744949835E+00
  0.8240064460212165E+00  0.2763312397619293E+00
  0.8255049445808114E+00  0.2729492603213591E+00
  0.8270034431404061E+00  0.2691238275429638E+00
  0.8285019417000008E+00  0.2680960518702963E+00
  0.8300004402595956E+00  0.2692547984489396E+00
  0.8314989388191903E+00  0.2703983817572859E+00
  0.8329974373787851E+00  0.2691828712018383E+00
  0.8344959359383798E+00  0.2664763799088269E+00
  0.8359944344979746E+00  0.2670150481828357E+00
  0.8374929330575693E+00  0.2693334322300590E+00
  0.8389914316171641E+00  0.2727021284096659E+00
  0.8404899301767589E+00  0.2754119113061591E+00
  0.8419884287363536E+00  0.2779429899229359E+00
  0.8434869272959483E+00  0.2798343489548127E+00
  0.8449854258555430E+00  0.2809770161143889E+00
  0.8464839244151379E+00  0.2814077647933453E+00
  0.8479824229747326E+00  0.2799041438712521E+00
  0.8494809215343273E+00  0.2808572235024237E+00
  0.8509794200939221E+00  0.2827888395406497E+00
  0.8524779186535169E+00  0.2832699505531958E+00
  0.8539764172131116E+00  0.2825661394496125E+00
  0.8554749157727064E+00  0.2806677742315744E+00
  0.8569734143323011E+00  0.2805637093411811E+00
  0.8584719128918958E+00  0.2813161955402120E+00
  0.8599704114514906E+00  0.2813639477763379E+00
  0.8614689100110854E+00  0.2822578447526750E+00
  0.8629674085706801E+00  0.2807716127358698E+00
  0.8644659071302748E+00  0.2818473725602411E+00
  0.8659644056898697E+00  0.2846089764036940E+00
  0.8674629042494644E+00  0.2876344848977592E+00
  0.8689614028090591E+00  0.2887907749772228E+00
  0.8704599013686538E+00  0.2919392083111951E+00
  0.8719583999282486E+00  0.2921465182727089E+00
  0.8734568984878434E+00  0.2937672154983166E+00
  0.8749553970474381E+00  0.2927451737522448E+00
  0.8764538956070329E+00  0.2904543913673241E+00
  0.8779523941666276E+00  0.2920892247947472E+00
  0.8794508927262223E+00  0.2883340849944301E+00
  0.8809493912858171E+00  0.2898343442904436E+00
  0.8824478898454119E+00  0.2888034449475900E+00
  0.8839463884050066E+00  0.2882493532091004E+00
  0.8854448869646013E+00  0.2835879436641542E+00
  0.8869433855241962E+00  0.2813348299285854E+00
  0.8884418840837909E+00  0.2892525166810181E+00
  0.8899403826433856E+00  0.2880000108486011E+00
  0.8914388812029803E+00  0.2943438613672480E+00
  0.8929373797625751E+00  0.2977465820174354E+00
  0.8944358783221699E+00  0.2993095914135172E+00
  0.8959343768817646E+00  0.2992464829959955E+00
  0.8974328754413594E+00  0.2977231891444066E+00
  0.8989313740009541E+00  0.2961799686802041E+00
  0.9004298725605488E+00  0.2943561634108466E+00
  0.9019283711201436E+00  0.2918336914416440E+00
  0.9034268696797384E+00  0.2891811202069956E+00
  0.9049253682393331E+00  0.2874989064112647E+00
  0.9064238667989278E+00  0.2867158336050183E+00
  0.9079223653585227E+00  0.2859364842364056E+00
  0.9094208639181174E+00  0.2878434121400356E+00
  0.9109193624777121E+00  0.2909483723911367E+00
  0.9124178610373068E+00  0.2942031234793281E+00
  0.9139163595969017E+00  0.2988909289145292E+00
  0.9154148581564964E+00  0.3027163787034506E+00
  0.9169133567160911E+00  0.3077819196816644E+00
  0.9184118552756859E+00  0.3108444309903049E+00
  0.9199103538352806E+00  0.3118006621300778E+00
  0.9214088523948754E+00  0.3122159665573361E+00
  0.9229073509544701E+00  0.3110156125888583E+00
  0.9244058495140649E+00  0.3078511022076168E+00
  0.9259043480736596E+00  0.3058269669941887E+00
  0.9274028466332543E+00  0.3032923022980323E+00
  0.9289013451928492E+00  0.3020440230983907E+00
  0.9303998437524439E+00  0.3018104876347213E+00
  0.9318983423120386E+00  0.3021116482849898E+00
  0.9333968408716333E+00  0.3016512780036955E+00
  0.9348953394312282E+00  0.3015479711999255E+00
  0.9363938379908229E+00  0.3010853970353726E+00
  0.9378923365504176E+00  0.3008925105638705E+00
  0.9393908351100124E+00  0.3013226990677353E+00
  0.9408893336696071E+00  0.3036942611325391E+00
  0.9423878322292019E+00  0.3060720786680315E+00
  0.9438863307887966E+00  0.3081862049766192E+00
  0.9453848293483914E+00  0.3100577334821871E+00
  0.9468833279079861E+00  0.3106429308439860E+00
  0.9483818264675810E+00  0.3095835568303175E+00
  0.9498803250271757E+00  0.3091370102145413E+00
  0.9513788235867704E+00  0.3091574536799044E+00
  0.9528773221463651E+00  0.3065625006409471E+00
  0.9543758207059598E+00  0.3048932923989719E+00
  0.9558743192655547E+00  0.3039569473095937E+00
  0.9573728178251494E+00  0.3028174468231066E+00
  0.9588713163847442E+00  0.3037549416099347E+00
  0.9603698149443389E+00  0.3039406292092274E+00
  0.9618683135039336E+00  0.3056267452965142E+00
  0.9633668120635284E+00  0.3084667134845989E+00
  0.9648653106231231E+00  0.3113906792657764E+00
  0.9663638091827179E+00  0.3128757018057945E+00
  0.9678623077423126E+00  0.3143564328305076E+00
  0.9693608063019075E+00  0.3159674036903757E+00
  0.9708593048615022E+00  0.3154037079145745E+00
  0.9723578034210969E+00  0.3151693082518399E+00
  0.9738563019806916E+00  0.3140980212389543E+00
  0.9753548005402863E+00  0.3134056486105137E+00
  0.9768532990998812E+00  0.3107994899626730E+00
  0.9783517976594759E+00  0.3086117157556129E+00
  0.9798502962190707E+00  0.3061099036001428E+00
  0.9813487947786654E+00  0.3054984880048390E+00
  0.9828472933382602E+00  0.3066035700717585E+00
  0.9843457918978549E+00  0.3091661946031212E+00
  0.9858442904574496E+00  0.3131467770060960E+00
  0.9873427890170444E+00  0.3159801465225222E+00
  0.9888412875766391E+00  0.3179254627499400E+00
  0.9903397861362340E+00  0.3186228767738991E+00
  0.9918382846958287E+00  0.3177748458744323E+00
  0.9933367832554234E+00  0.3164180469397129E+00
  0.9948352818150181E+00  0.3147336229780953E+00
  0.9963337803746128E+00  0.3142116856380043E+00
  0.9978322789342077E+00  0.3122628354836632E+00
  0.9993307774938024E+00  0.3064150118191676E+00
  0.1000829276053397E+01  0.2893100546859630E+00
  0.1002327774612992E+01  0.2545412526386402E+00
  0.1003826273172587E+01  0.2023600908810431E+00
  0.1005324771732181E+01  0.1504108704701649E+00
  0.1006823270291776E+01  0.1113827034249143E+00
  0.1008321768851371E+01  0.8230794195545171E-01
  0.1009820267410966E+01  0.6142577889816084E-01
  0.1011318765970560E+01  0.4773963057873047E-01
  0.1012817264530155E+01  0.3821441733536849E-01
  0.1014315763089750E+01  0.3073890639957357E-01
  0.1015814261649345E+01  0.2464766621595514E-01
  0.1017312760208939E+01  0.1983264532037428E-01
  0.1018811258768534E+01  0.1516710787964579E-01
  0.1020309757328129E+01  0.1064328004924559E-01
  0.1021808255887724E+01  0.6895754904500613E-02
  0.1023306754447318E+01  0.4313658422321542E-02
  0.1024805253006913E+01  0.2589424376704438E-02
  0.1026303751566508E+01  0.1539443862728565E-02
  0.1027802250126103E+01  0.9325995254596887E-03
  0.1029300748685698E+01  0.5721251081100784E-03
  0.1030799247245292E+01  0.3742748450188451E-03
  0.1032297745804887E+01  0.2425242673764600E-03
  0.1033796244364482E+01  0.1606488873239690E-03
  0.1035294742924076E+01  0.1089306673053294E-03
  0.1036793241483671E+01  0.7641079284994341E-04
  0.1038291740043266E+01  0.5402538892579387E-04
  0.1039790238602861E+01  0.3965908576552429E-04
  0.1041288737162456E+01  0.3365005184275541E-04
  0.1042787235722050E+01  0.3364853055812455E-04
  0.1044285734281645E+01  0.3364700927349369E-04
  0.1045784232841240E+01  0.3364548798886283E-04
  0.1047282731400834E+01  0.3364396670423197E-04
  0.1048781229960429E+01  0.3364244541960111E-04
  0.1050279728520024E+01  0.3364092413497025E-04
  0.1051778227079619E+01  0.3363940285033939E-04
  0.1053276725639213E+01  0.3363788156570853E-04
  0.1054775224198808E+01  0.3363636028107767E-04
  0.1056273722758403E+01  0.3363483899644681E-04
  0.1057772221317998E+01  0.3363331771181595E-04
  0.1059270719877592E+01  0.3363179642718509E-04
  0.1060769218437187E+01  0.3363027514255423E-04
  0.1062267716996782E+01  0.3362875385792338E-04
  0.1063766215556377E+01  0.3362723257329251E-04
  0.1065264714115971E+01  0.3362571128866165E-04
  0.1066763212675566E+01  0.3362419000403079E-04
  0.1068261711235161E+01  0.3362266871939993E-04
  0.1069760209794756E+01  0.3362114743476907E-04
  0.1071258708354351E+01  0.3361962615013821E-04
  0.1072757206913945E+01  0.3361810486550735E-04
  0.1074255705473540E+01  0.3361658358087649E-04
  0.1075754204033135E+01  0.3361506229624563E-04
  0.1077252702592729E+01  0.3361354101161476E-04
  0.1078751201152324E+01  0.3361201972698390E-04
  0.1080249699711919E+01  0.3361049844235304E-04
  0.1081748198271514E+01  0.3360897715772218E-04
  0.1083246696831109E+01  0.3360745587309133E-04
  0.1084745195390703E+01  0.3360593458846047E-04
  0.1086243693950298E+01  0.3360441330382961E-04
  0.1087742192509893E+01  0.3360289201919874E-04
  0.1089240691069487E+01  0.3360137073456788E-04
  0.1090739189629082E+01  0.3359984944993702E-04
  0.1092237688188677E+01  0.3359832816530617E-04
  0.1093736186748272E+01  0.3359680688067531E-04
  0.1095234685307866E+01  0.3359528559604445E-04
  0.1096733183867461E+01  0.3359376431141359E-04
  0.1098231682427056E+01  0.3359224302678273E-04
  0.1099730180986651E+01  0.3359072174215186E-04
  0.1101228679546245E+01  0.3358920045752100E-04
  0.1102727178105840E+01  0.3358767917289014E-04
  0.1104225676665435E+01  0.3358615788825928E-04
  0.1105724175225030E+01  0.3358463660362842E-04
  0.1107222673784624E+01  0.3358311531899756E-04
  0.1108721172344219E+01  0.3358159403436670E-04
  0.1110219670903814E+01  0.3358007274973584E-04
  0.1111718169463409E+01  0.3357855146510497E-04
  0.1113216668023004E+01  0.3357703018047412E-04
  0.1114715166582598E+01  0.3357550889584326E-04
  0.1116213665142193E+01  0.3357398761121240E-04
  0.1117712163701788E+01  0.3357246632658154E-04
  0.1119210662261382E+01  0.3357094504195068E-04
  0.1120709160820977E+01  0.3356942375731982E-04
  0.1122207659380572E+01  0.3356790247268896E-04
  0.1123706157940167E+01  0.3356638118805810E-04
  0.1125204656499762E+01  0.3356485990342724E-04
  0.1126703155059356E+01  0.3356333861879638E-04
  0.1128201653618951E+01  0.3356181733416552E-04
  0.1129700152178546E+01  0.3356029604953466E-04
  0.1131198650738140E+01  0.3355877476490380E-04
  0.1132697149297735E+01  0.3355725348027294E-04
  0.1134195647857330E+01  0.3355573219564208E-04
  0.1135694146416925E+01  0.3355421091101121E-04
  0.1137192644976520E+01  0.3355268962638035E-04
  0.1138691143536114E+01  0.3355116834174949E-04
  0.1140189642095709E+01  0.3354964705711863E-04
  0.1141688140655304E+01  0.3354812577248777E-04
  0.1143186639214898E+01  0.3354660448785691E-04
  0.1144685137774493E+01  0.3354508320322605E-04
  0.1146183636334088E+01  0.3354356191859519E-04
  0.1147682134893683E+01  0.3354204063396433E-04
  0.1149180633453277E+01  0.3354051934933347E-04
  0.1150679132012872E+01  0.3353899806470261E-04
  0.1152177630572467E+01  0.3353747678007175E-04
  0.1153676129132062E+01  0.3353595549544088E-04
  0.1155174627691657E+01  0.3353443421081003E-04
  0.1156673126251251E+01  0.3353291292617917E-04
  0.1158171624810846E+01  0.3353139164154831E-04
  0.1159670123370441E+01  0.3352987035691745E-04
  0.1161168621930035E+01  0.3352834907228659E-04
  0.1162667120489630E+01  0.3352682778765573E-04
  0.1164165619049225E+01  0.3352530650302487E-04
  0.1165664117608820E+01  0.3352378521839401E-04
  0.1167162616168415E+01  0.3352226393376315E-04
  0.1168661114728009E+01  0.3352074264913229E-04
  0.1170159613287604E+01  0.3351922136450142E-04
  0.1171658111847199E+01  0.3351770007987056E-04
  0.1173156610406793E+01  0.3351617879523970E-04
  0.1174655108966388E+01  0.3351465751060884E-04
  0.1176153607525983E+01  0.3351313622597798E-04
  0.1177652106085578E+01  0.3351161494134712E-04
  0.1179150604645173E+01  0.3351009365671626E-04
  0.1180649103204767E+01  0.3350857237208540E-04
  0.1182147601764362E+01  0.3350705108745454E-04
  0.1183646100323957E+01  0.3350552980282368E-04
  0.1185144598883551E+01  0.3350400851819282E-04
  0.1186643097443146E+01  0.3350248723356196E-04
  0.1188141596002741E+01  0.3350096594893110E-04
  0.1189640094562336E+01  0.3349944466430024E-04
  0.1191138593121930E+01  0.3349792337966938E-04
  0.1192637091681525E+01  0.3349640209503852E-04
  0.1194135590241120E+01  0.3349488081040766E-04
  0.1195634088800715E+01  0.3349335952577680E-04
  0.1197132587360310E+01  0.3349183824114594E-04
  0.1198631085919904E+01  0.3349031695651508E-04
  0.1200129584479499E+01  0.3348879567188422E-04
  0.1201628083039094E+01  0.3348727438725336E-04
  0.1203126581598688E+01  0.3348575310262250E-04
  0.1204625080158283E+01  0.3348423181799164E-04
  0.1206123578717878E+01  0.3348271053336077E-04
  0.1207622077277473E+01  0.3348118924872991E-04
  0.1209120575837068E+01  0.3347966796409905E-04
  0.1210619074396662E+01  0.3347814667946819E-04
  0.1212117572956257E+01  0.3347662539483733E-04
  0.1213616071515852E+01  0.3347510411020647E-04
  0.1215114570075447E+01  0.3347358282557561E-04
  0.1216613068635041E+01  0.3347206154094475E-04
  0.1218111567194636E+01  0.3347054025631389E-04
  0.1219610065754231E+01  0.3346901897168303E-04
  0.1221108564313826E+01  0.3346749768705217E-04
  0.1222607062873420E+01  0.3346597640242131E-04
  0.1224105561433015E+01  0.3346445511779045E-04
  0.1225604059992610E+01  0.3346293383315959E-04
  0.1227102558552204E+01  0.3346141254852873E-04
  0.1228601057111799E+01  0.3345989126389787E-04
  0.1230099555671394E+01  0.3345836997926701E-04
  0.1231598054230989E+01  0.3345684869463615E-04
  0.1233096552790583E+01  0.3345532741000529E-04
  0.1234595051350178E+01  0.3345380612537443E-04
  0.1236093549909773E+01  0.3345228484074357E-04
  0.1237592048469368E+01  0.3345076355611271E-04
  0.1239090547028963E+01  0.3344924227148185E-04
  0.1240589045588557E+01  0.3344772098685098E-04
  0.1242087544148152E+01  0.3344619970222012E-04
  0.1243586042707747E+01  0.3344467841758926E-04
  0.1245084541267341E+01  0.3344315713295840E-04
  0.1246583039826936E+01  0.3344163584832754E-04
  0.1248081538386531E+01  0.3344011456369668E-04
  0.1249580036946126E+01  0.3343859327906583E-04
  0.1251078535505721E+01  0.3343707199443497E-04
  0.1252577034065315E+01  0.3343555070980410E-04
  0.1254075532624910E+01  0.3343402942517324E-04
  0.1255574031184505E+01  0.3343250814054238E-04
  0.1257072529744100E+01  0.3343098685591152E-04
  0.1258571028303694E+01  0.3342946557128066E-04
  0.1260069526863289E+01  0.3342794428664981E-04
  0.1261568025422884E+01  0.3342642300201895E-04
  0.1263066523982479E+01  0.3342490171738809E-04
  0.1264565022542073E+01  0.3342338043275722E-04
  0.1266063521101668E+01  0.3342185914812636E-04
  0.1267562019661263E+01  0.3342033786349550E-04
  0.1269060518220857E+01  0.3341881657886464E-04
  0.1270559016780452E+01  0.3341729529423378E-04
  0.1272057515340047E+01  0.3341577400960292E-04
  0.1273556013899642E+01  0.3341425272497206E-04
  0.1275054512459237E+01  0.3341273144034120E-04
  0.1276553011018831E+01  0.3341121015571034E-04
  0.1278051509578426E+01  0.3340968887107947E-04
  0.1279550008138021E+01  0.3340816758644861E-04
  0.1281048506697616E+01  0.3340664630181776E-04
  0.1282547005257210E+01  0.3340512501718690E-04
  0.1284045503816805E+01  0.3340360373255604E-04
  0.1285544002376400E+01  0.3340208244792518E-04
  0.1287042500935994E+01  0.3340056116329432E-04
  0.1288540999495589E+01  0.3339903987866346E-04
  0.1290039498055184E+01  0.3339751859403259E-04
  0.1291537996614779E+01  0.3339599730940174E-04
  0.1293036495174374E+01  0.3339447602477088E-04
  0.1294534993733968E+01  0.3339295474014002E-04
  0.1296033492293563E+01  0.3339143345550916E-04
  0.1297531990853158E+01  0.3338991217087830E-04
  0.1299030489412753E+01  0.3338839088624743E-04
  0.1300528987972347E+01  0.3338686960161657E-04
  0.1302027486531942E+01  0.3338534831698571E-04
  0.1303525985091537E+01  0.3338382703235485E-04
  0.1305024483651132E+01  0.3338230574772399E-04
  0.1306522982210726E+01  0.3338078446309313E-04
  0.1308021480770321E+01  0.3337926317846227E-04
  0.1309519979329916E+01  0.3337774189383141E-04
  0.1311018477889510E+01  0.3337622060920055E-04
  0.1312516976449105E+01  0.3337469932456969E-04
  0.1314015475008700E+01  0.3337317803993883E-04
  0.1315513973568295E+01  0.3337165675530797E-04
  0.1317012472127890E+01  0.3337013547067711E-04
  0.1318510970687484E+01  0.3336861418604625E-04
  0.1320009469247079E+01  0.3336709290141539E-04
  0.1321507967806674E+01  0.3336557161678453E-04
  0.1323006466366269E+01  0.3336405033215367E-04
  0.1324504964925863E+01  0.3336252904752281E-04
  0.1326003463485458E+01  0.3336100776289195E-04
  0.1327501962045053E+01  0.3335948647826109E-04
  0.1329000460604647E+01  0.3335796519363023E-04
  0.1330498959164242E+01  0.3335644390899937E-04
  0.1331997457723837E+01  0.3335492262436851E-04
  0.1333495956283432E+01  0.3335340133973765E-04
  0.1334994454843027E+01  0.3335188005510679E-04
  0.1336492953402621E+01  0.3335035877047593E-04
  0.1337991451962216E+01  0.3334883748584506E-04
  0.1339489950521811E+01  0.3334731620121420E-04
  0.1340988449081406E+01  0.3334579491658334E-04
  0.1342486947641000E+01  0.3334427363195248E-04
  0.1343985446200595E+01  0.3334275234732163E-04
  0.1345483944760190E+01  0.3334123106269077E-04
  0.1346982443319785E+01  0.3333970977805991E-04
  0.1348480941879379E+01  0.3333818849342904E-04
  0.1349979440438974E+01  0.3333666720879819E-04
  0.1351477938998569E+01  0.3333514592416732E-04
  0.1352976437558163E+01  0.3333362463953646E-04
  0.1354474936117758E+01  0.3333210335490561E-04
  0.1355973434677353E+01  0.3333058207027475E-04
  0.1357471933236948E+01  0.3332906078564389E-04
  0.1358970431796543E+01  0.3332753950101302E-04
  0.1360468930356137E+01  0.3332601821638216E-04
  0.1361967428915732E+01  0.3332449693175130E-04
  0.1363465927475327E+01  0.3332297564712044E-04
  0.1364964426034922E+01  0.3332145436248958E-04
  0.1366462924594516E+01  0.3331993307785872E-04
  0.1367961423154111E+01  0.3331841179322786E-04
  0.1369459921713706E+01  0.3331689050859699E-04
  0.1370958420273301E+01  0.3331536922396614E-04
  0.1372456918832895E+01  0.3331384793933528E-04
  0.1373955417392490E+01  0.3331232665470442E-04
  0.1375453915952085E+01  0.3331080537007356E-04
  0.1376952414511680E+01  0.3330928408544270E-04
  0.1378450913071274E+01  0.3330776280081184E-04
  0.1379949411630869E+01  0.3330624151618098E-04
  0.1381447910190464E+01  0.3330472023155012E-04
  0.1382946408750059E+01  0.3330319894691925E-04
  0.1384444907309653E+01  0.3330167766228839E-04
  0.1385943405869248E+01  0.3330015637765754E-04
  0.1387441904428843E+01  0.3329863509302668E-04
  0.1388940402988438E+01  0.3329711380839582E-04
  0.1390438901548032E+01  0.3329559252376495E-04
  0.1391937400107627E+01  0.3329407123913410E-04
  0.1393435898667222E+01  0.3329254995450323E-04
  0.1394934397226817E+01  0.3329102866987237E-04
  0.1396432895786411E+01  0.3328950738524151E-04
  0.1397931394346006E+01  0.3328798610061065E-04
  0.1399429892905601E+01  0.3328646481597979E-04
  0.1400928391465196E+01  0.3328494353134893E-04
  0.1402426890024790E+01  0.3328342224671807E-04
  0.1403925388584385E+01  0.3328190096208721E-04
  0.1405423887143980E+01  0.3328037967745634E-04
  0.1406922385703575E+01  0.3327885839282549E-04
  0.1408420884263169E+01  0.3327733710819463E-04
  0.1409919382822764E+01  0.3327581582356377E-04
  0.1411417881382359E+01  0.3327429453893290E-04
  0.1412916379941954E+01  0.3327277325430205E-04
  0.1414414878501548E+01  0.3327125196967119E-04
  0.1415913377061143E+01  0.3326973068504032E-04
  0.1417411875620738E+01  0.3326820940040947E-04
  0.1418910374180333E+01  0.3326668811577861E-04
  0.1420408872739927E+01  0.3326516683114775E-04
  0.1421907371299522E+01  0.3326364554651689E-04
  0.1423405869859117E+01  0.3326212426188603E-04
  0.1424904368418712E+01  0.3326060297725516E-04
  0.1426402866978306E+01  0.3325908169262430E-04
  0.1427901365537901E+01  0.3325756040799345E-04
  0.1429399864097496E+01  0.3325603912336258E-04
  0.1430898362657091E+01  0.3325451783873172E-04
  0.1432396861216685E+01  0.3325299655410086E-04
  0.1433895359776280E+01  0.3325147526947000E-04
  0.1435393858335875E+01  0.3324995398483914E-04
  0.1436892356895470E+01  0.3324843270020828E-04
  0.1438390855455064E+01  0.3324691141557742E-04
  0.1439889354014659E+01  0.3324539013094656E-04
  0.1441387852574254E+01  0.3324386884631570E-04
  0.1442886351133849E+01  0.3324234756168484E-04
  0.1444384849693443E+01  0.3324082627705398E-04
  0.1445883348253038E+01  0.3323930499242312E-04
  0.1447381846812633E+01  0.3323778370779225E-04
  0.1448880345372228E+01  0.3323626242316140E-04
  0.1450378843931822E+01  0.3323474113853054E-04
  0.1451877342491417E+01  0.3323321985389968E-04
  0.1453375841051012E+01  0.3323169856926882E-04
  0.1454874339610607E+01  0.3323017728463796E-04
  0.1456372838170201E+01  0.3322865600000710E-04
  0.1457871336729796E+01  0.3322713471537624E-04
  0.1459369835289391E+01  0.3322561343074538E-04
  0.1460868333848986E+01  0.3322409214611452E-04
  0.1462366832408581E+01  0.3322257086148366E-04
  0.1463865330968175E+01  0.3322104957685279E-04
  0.1465363829527770E+01  0.3321952829222193E-04
  0.1466862328087365E+01  0.3321800700759107E-04
  0.1468360826646959E+01  0.3321648572296021E-04
  0.1469859325206554E+01  0.3321496443832935E-04
  0.1471357823766149E+01  0.3321344315369849E-04
  0.1472856322325744E+01  0.3321192186906763E-04
  0.1474354820885338E+01  0.3321040058443677E-04
  0.1475853319444933E+01  0.3320887929980591E-04
  0.1477351818004528E+01  0.3320735801517505E-04
  0.1478850316564123E+01  0.3320583673054419E-04
  0.1480348815123717E+01  0.3320431544591333E-04
  0.1481847313683312E+01  0.3320279416128247E-04
  0.1483345812242907E+01  0.3320127287665161E-04
  0.1484844310802502E+01  0.3319975159202075E-04
  0.1486342809362097E+01  0.3319823030738989E-04
  0.1487841307921691E+01  0.3319670902275903E-04
  0.1489339806481286E+01  0.3319518773812817E-04
  0.1490838305040881E+01  0.3319366645349731E-04
  0.1492336803600475E+01  0.3319214516886645E-04
  0.1493835302160070E+01  0.3319062388423559E-04
  0.1495333800719665E+01  0.3318910259960473E-04
  0.1496832299279260E+01  0.3318758131497387E-04
  0.1498330797838854E+01  0.3318606003034300E-04
  0.1499829296398449E+01  0.3318453874571214E-04
  0.1501327794958044E+01  0.3318301746108128E-04
  0.1502826293517639E+01  0.3318149617645042E-04
  0.1504324792077234E+01  0.3317997489181956E-04
  0.1505823290636828E+01  0.3317845360718870E-04
  0.1507321789196423E+01  0.3317693232255784E-04
  0.1508820287756018E+01  0.3317541103792698E-04
  0.1510318786315612E+01  0.3317388975329612E-04
  0.1511817284875207E+01  0.3317236846866526E-04
  0.1513315783434802E+01  0.3317084718403440E-04
  0.1514814281994397E+01  0.3316932589940354E-04
  0.1516312780553991E+01  0.3316780461477268E-04
  0.1517811279113586E+01  0.3316628333014182E-04
  0.1519309777673181E+01  0.3316476204551096E-04
  0.1520808276232776E+01  0.3316324076088010E-04
  0.1522306774792370E+01  0.3316171947624924E-04
  0.1523805273351965E+01  0.3316019819161838E-04
  0.1525303771911560E+01  0.3315867690698752E-04
  0.1526802270471155E+01  0.3315715562235666E-04
  0.1528300769030750E+01  0.3315563433772580E-04
  0.1529799267590344E+01  0.3315411305309494E-04
  0.1531297766149939E+01  0.3315259176846408E-04
  0.1532796264709534E+01  0.3315107048383322E-04
  0.1534294763269128E+01  0.3314954919920235E-04
  0.1535793261828723E+01  0.3314802791457149E-04
  0.1537291760388318E+01  0.3314650662994063E-04
  0.1538790258947913E+01  0.3314498534530977E-04
  0.1540288757507507E+01  0.3314346406067891E-04
  0.1541787256067102E+01  0.3314194277604805E-04
  0.1543285754626697E+01  0.3314042149141720E-04
  0.1544784253186292E+01  0.3313890020678634E-04
  0.1546282751745887E+01  0.3313737892215547E-04
  0.1547781250305481E+01  0.3313585763752461E-04
  0.1549279748865076E+01  0.3313433635289375E-04
  0.1550778247424671E+01  0.3313281506826289E-04
  0.1552276745984265E+01  0.3313129378363203E-04
  0.1553775244543860E+01  0.3312977249900118E-04
  0.1555273743103455E+01  0.3312825121437032E-04
  0.1556772241663050E+01  0.3312672992973946E-04
  0.1558270740222644E+01  0.3312520864510859E-04
  0.1559769238782239E+01  0.3312368736047773E-04
  0.1561267737341834E+01  0.3312216607584687E-04
  0.1562766235901429E+01  0.3312064479121601E-04
  0.1564264734461023E+01  0.3311912350658515E-04
  0.1565763233020618E+01  0.3311760222195429E-04
  0.1567261731580213E+01  0.3311608093732343E-04
  0.1568760230139808E+01  0.3311455965269256E-04
  0.1570258728699403E+01  0.3311303836806170E-04
  0.1571757227258997E+01  0.3311151708343084E-04
  0.1573255725818592E+01  0.3310999579879998E-04
  0.1574754224378187E+01  0.3310847451416913E-04
  0.1576252722937781E+01  0.3310695322953827E-04
  0.1577751221497376E+01  0.3310543194490741E-04
  0.1579249720056971E+01  0.3310391066027655E-04
  0.1580748218616566E+01  0.3310238937564569E-04
  0.1582246717176160E+01  0.3310086809101482E-04
  0.1583745215735755E+01  0.3309934680638396E-04
  0.1585243714295350E+01  0.3309782552175311E-04
  0.1586742212854945E+01  0.3309630423712225E-04
  0.1588240711414540E+01  0.3309478295249139E-04
  0.1589739209974134E+01  0.3309326166786053E-04
  0.1591237708533729E+01  0.3309174038322967E-04
  0.1592736207093324E+01  0.3309021909859880E-04
  0.1594234705652918E+01  0.3308869781396794E-04
  0.1595733204212513E+01  0.3308717652933708E-04
  0.1597231702772108E+01  0.3308565524470622E-04
  0.1598730201331703E+01  0.3308413396007536E-04
  0.1600228699891297E+01  0.3308261267544450E-04
  0.1601727198450892E+01  0.3308109139081364E-04
  0.1603225697010487E+01  0.3307957010618278E-04
  0.1604724195570082E+01  0.3307804882155192E-04
  0.1606222694129676E+01  0.3307652753692107E-04
  0.1607721192689271E+01  0.3307500625229020E-04
  0.1609219691248866E+01  0.3307348496765934E-04
  0.1610718189808461E+01  0.3307196368302848E-04
  0.1612216688368056E+01  0.3307044239839762E-04
  0.1613715186927650E+01  0.3306892111376676E-04
  0.1615213685487245E+01  0.3306739982913590E-04
  0.1616712184046840E+01  0.3306587854450504E-04
  0.1618210682606434E+01  0.3306435725987418E-04
  0.1619709181166029E+01  0.3306283597524332E-04
  0.1621207679725624E+01  0.3306131469061246E-04
  0.1622706178285219E+01  0.3305979340598160E-04
  0.1624204676844814E+01  0.3305827212135074E-04
  0.1625703175404408E+01  0.3305675083671988E-04
  0.1627201673964003E+01  0.3305522955208901E-04
  0.1628700172523598E+01  0.3305370826745816E-04
  0.1630198671083193E+01  0.3305218698282729E-04
  0.1631697169642787E+01  0.3305066569819643E-04
  0.1633195668202382E+01  0.3304914441356557E-04
  0.1634694166761977E+01  0.3304762312893472E-04
  0.1636192665321571E+01  0.3304610184430386E-04
  0.1637691163881166E+01  0.3304458055967299E-04
  0.1639189662440761E+01  0.3304305927504212E-04
  0.1640688161000356E+01  0.3304153799041127E-04
  0.1642186659559950E+01  0.3304001670578042E-04
  0.1643685158119545E+01  0.3303849542114956E-04
  0.1645183656679140E+01  0.3303697413651870E-04
  0.1646682155238735E+01  0.3303545285188784E-04
  0.1648180653798329E+01  0.3303393156725697E-04
  0.1649679152357924E+01  0.3303241028262612E-04
  0.1651177650917519E+01  0.3303088899799526E-04
  0.1652676149477114E+01  0.3302936771336439E-04
  0.1654174648036709E+01  0.3302784642873353E-04
  0.1655673146596303E+01  0.3302632514410267E-04
  0.1657171645155898E+01  0.3302480385947181E-04
  0.1658670143715493E+01  0.3302328257484095E-04
  0.1660168642275087E+01  0.3302176129021009E-04
  0.1661667140834682E+01  0.3302024000557923E-04
  0.1663165639394277E+01  0.3301871872094837E-04
  0.1664664137953872E+01  0.3301719743631751E-04
  0.1666162636513467E+01  0.3301567615168665E-04
  0.1667661135073061E+01  0.3301415486705579E-04
  0.1669159633632656E+01  0.3301263358242492E-04
  0.1670658132192251E+01  0.3301111229779407E-04
  0.1672156630751846E+01  0.3300959101316321E-04
  0.1673655129311440E+01  0.3300806972853235E-04
  0.1675153627871035E+01  0.3300654844390149E-04
  0.1676652126430630E+01  0.3300502715927063E-04
  0.1678150624990224E+01  0.3300350587463977E-04
  0.1679649123549819E+01  0.3300198459000890E-04
  0.1681147622109414E+01  0.3300046330537804E-04
  0.1682646120669009E+01  0.3299894202074719E-04
  0.1684144619228603E+01  0.3299742073611633E-04
  0.1685643117788198E+01  0.3299589945148547E-04
  0.1687141616347793E+01  0.3299437816685460E-04
  0.1688640114907388E+01  0.3299285688222374E-04
  0.1690138613466982E+01  0.3299133559759288E-04
  0.1691637112026577E+01  0.3298981431296202E-04
  0.1693135610586172E+01  0.3298829302833116E-04
  0.1694634109145767E+01  0.3298677174370030E-04
  0.1696132607705362E+01  0.3298525045906944E-04
  0.1697631106264956E+01  0.3298372917443858E-04
  0.1699129604824551E+01  0.3298220788980772E-04
  0.1700628103384146E+01  0.3298068660517685E-04
  0.1702126601943740E+01  0.3297916532054599E-04
  0.1703625100503335E+01  0.3297764403591514E-04
  0.1705123599062930E+01  0.3297612275128428E-04
  0.1706622097622525E+01  0.3297460146665342E-04
  0.1708120596182120E+01  0.3297308018202256E-04
  0.1709619094741714E+01  0.3297155889739170E-04
  0.1711117593301309E+01  0.3297003761276084E-04
  0.1712616091860904E+01  0.3296851632812998E-04
  0.1714114590420499E+01  0.3296699504349912E-04
  0.1715613088980093E+01  0.3296547375886826E-04
  0.1717111587539688E+01  0.3296395247423740E-04
  0.1718610086099283E+01  0.3296243118960654E-04
  0.1720108584658878E+01  0.3296090990497568E-04
  0.1721607083218472E+01  0.3295938862034481E-04
  0.1723105581778067E+01  0.3295786733571395E-04
  0.1724604080337662E+01  0.3295634605108309E-04
  0.1726102578897256E+01  0.3295482476645223E-04
  0.1727601077456851E+01  0.3295330348182137E-04
  0.1729099576016446E+01  0.3295178219719051E-04
  0.1730598074576041E+01  0.3295026091255965E-04
  0.1732096573135636E+01  0.3294873962792879E-04
  0.1733595071695230E+01  0.3294721834329793E-04
  0.1735093570254825E+01  0.3294569705866707E-04
  0.1736592068814420E+01  0.3294417577403621E-04
  0.1738090567374015E+01  0.3294265448940535E-04
  0.1739589065933609E+01  0.3294113320477449E-04
  0.1741087564493204E+01  0.3293961192014363E-04
  0.1742586063052799E+01  0.3293809063551277E-04
  0.1744084561612393E+01  0.3293656935088190E-04
  0.1745583060171988E+01  0.3293504806625105E-04
  0.1747081558731583E+01  0.3293352678162019E-04
  0.1748580057291178E+01  0.3293200549698933E-04
  0.1750078555850773E+01  0.3293048421235847E-04
  0.1751577054410367E+01  0.3292896292772761E-04
  0.1753075552969962E+01  0.3292744164309675E-04
  0.1754574051529557E+01  0.3292592035846589E-04
  0.1756072550089152E+01  0.3292439907383503E-04
  0.1757571048648746E+01  0.3292287778920416E-04
  0.1759069547208341E+01  0.3292135650457330E-04
  0.1760568045767936E+01  0.3291983521994244E-04
  0.1762066544327531E+01  0.3291831393531158E-04
  0.1763565042887125E+01  0.3291679265068072E-04
  0.1765063541446720E+01  0.3291527136604986E-04
  0.1766562040006315E+01  0.3291375008141900E-04
  0.1768060538565909E+01  0.3291222879678814E-04
  0.1769559037125504E+01  0.3291070751215728E-04
  0.1771057535685099E+01  0.3290918622752642E-04
  0.1772556034244694E+01  0.3290766494289556E-04
  0.1774054532804289E+01  0.3290614365826470E-04
  0.1775553031363883E+01  0.3290462237363384E-04
  0.1777051529923478E+01  0.3290310108900298E-04
  0.1778550028483073E+01  0.3290157980437212E-04
  0.1780048527042668E+01  0.3290005851974126E-04
  0.1781547025602262E+01  0.3289853723511040E-04
  0.1783045524161857E+01  0.3289701595047954E-04
  0.1784544022721452E+01  0.3289549466584868E-04
  0.1786042521281046E+01  0.3289397338121782E-04
  0.1787541019840641E+01  0.3289245209658696E-04
  0.1789039518400236E+01  0.3289093081195610E-04
  0.1790538016959831E+01  0.3288940952732524E-04
  0.1792036515519426E+01  0.3288788824269437E-04
  0.1793535014079020E+01  0.3288636695806351E-04
  0.1795033512638615E+01  0.3288484567343265E-04
  0.1796532011198210E+01  0.3288332438880179E-04
  0.1798030509757805E+01  0.3288180310417093E-04
  0.1799529008317399E+01  0.3288028181954007E-04
  0.1801027506876994E+01  0.3287876053490921E-04
  0.1802526005436589E+01  0.3287723925027835E-04
  0.1804024503996184E+01  0.3287571796564749E-04
  0.1805523002555778E+01  0.3287419668101663E-04
  0.1807021501115373E+01  0.3287267539638577E-04
  0.1808519999674968E+01  0.3287115411175491E-04
  0.1810018498234562E+01  0.3286963282712405E-04
  0.1811516996794157E+01  0.3286811154249319E-04
  0.1813015495353752E+01  0.3286659025786233E-04
  0.1814513993913347E+01  0.3286506897323147E-04
  0.1816012492472942E+01  0.3286354768860061E-04
  0.1817510991032536E+01  0.3286202640396975E-04
  0.1819009489592131E+01  0.3286050511933889E-04
  0.1820507988151726E+01  0.3285898383470803E-04
  0.1822006486711321E+01  0.3285746255007717E-04
  0.1823504985270915E+01  0.3285594126544631E-04
  0.1825003483830510E+01  0.3285441998081545E-04
  0.1826501982390105E+01  0.3285289869618459E-04
  0.1828000480949699E+01  0.3285137741155372E-04
  0.1829498979509294E+01  0.3284985612692286E-04
  0.1830997478068889E+01  0.3284833484229200E-04
  0.1832495976628484E+01  0.3284681355766114E-04
  0.1833994475188079E+01  0.3284529227303028E-04
  0.1835492973747674E+01  0.3284377098839942E-04
  0.1836991472307268E+01  0.3284224970376856E-04
  0.1838489970866863E+01  0.3284072841913771E-04
  0.1839988469426458E+01  0.3283920713450684E-04
  0.1841486967986052E+01  0.3283768584987598E-04
  0.1842985466545647E+01  0.3283616456524512E-04
  0.1844483965105242E+01  0.3283464328061427E-04
  0.1845982463664837E+01  0.3283312199598341E-04
  0.1847480962224431E+01  0.3283160071135254E-04
  0.1848979460784026E+01  0.3283007942672168E-04
  0.1850477959343621E+01  0.3282855814209082E-04
  0.1851976457903215E+01  0.3282703685745996E-04
  0.1853474956462810E+01  0.3282551557282910E-04
  0.1854973455022405E+01  0.3282399428819824E-04
  0.1856471953582000E+01  0.3282247300356738E-04
  0.1857970452141595E+01  0.3282095171893652E-04
  0.1859468950701189E+01  0.3281943043430566E-04
  0.1860967449260784E+01  0.3281790914967480E-04
  0.1862465947820379E+01  0.3281638786504394E-04
  0.1863964446379974E+01  0.3281486658041308E-04
  0.1865462944939568E+01  0.3281334529578222E-04
  0.1866961443499163E+01  0.3281182401115136E-04
  0.1868459942058758E+01  0.3281030272652049E-04
  0.1869958440618352E+01  0.3280878144188963E-04
  0.1871456939177947E+01  0.3280726015725878E-04
  0.1872955437737542E+01  0.3280573887262792E-04
  0.1874453936297137E+01  0.3280421758799706E-04
  0.1875952434856732E+01  0.3280269630336619E-04
  0.1877450933416327E+01  0.3280117501873533E-04
  0.1878949431975921E+01  0.3279965373410447E-04
  0.1880447930535516E+01  0.3279813244947362E-04
  0.1881946429095111E+01  0.3279661116484276E-04
  0.1883444927654705E+01  0.3279508988021190E-04
  0.1884943426214300E+01  0.3279356859558104E-04
  0.1886441924773895E+01  0.3279204731095017E-04
  0.1887940423333490E+01  0.3279052602631931E-04
  0.1889438921893084E+01  0.3278900474168845E-04
  0.1890937420452679E+01  0.3278748345705759E-04
  0.1892435919012274E+01  0.3278596217242673E-04
  0.1893934417571868E+01  0.3278444088779587E-04
  0.1895432916131464E+01  0.3278291960316501E-04
  0.1896931414691058E+01  0.3278139831853415E-04
  0.1898429913250653E+01  0.3277987703390328E-04
  0.1899928411810248E+01  0.3277835574927243E-04
  0.1901426910369842E+01  0.3277683446464157E-04
  0.1902925408929437E+01  0.3277531318001071E-04
  0.1904423907489032E+01  0.3277379189537985E-04
  0.1905922406048627E+01  0.3277227061074899E-04
  0.1907420904608221E+01  0.3277074932611813E-04
  0.1908919403167816E+01  0.3276922804148727E-04
  0.1910417901727411E+01  0.3276770675685640E-04
  0.1911916400287005E+01  0.3276618547222554E-04
  0.1913414898846600E+01  0.3276466418759469E-04
  0.1914913397406195E+01  0.3276314290296383E-04
  0.1916411895965790E+01  0.3276162161833297E-04
  0.1917910394525385E+01  0.3276010033370211E-04
  0.1919408893084980E+01  0.3275857904907125E-04
  0.1920907391644574E+01  0.3275705776444038E-04
  0.1922405890204169E+01  0.3275553647980952E-04
  0.1923904388763764E+01  0.3275401519517866E-04
  0.1925402887323358E+01  0.3275249391054780E-04
  0.1926901385882953E+01  0.3275097262591694E-04
  0.1928399884442548E+01  0.3274945134128608E-04
  0.1929898383002143E+01  0.3274793005665522E-04
  0.1931396881561737E+01  0.3274640877202436E-04
  0.1932895380121332E+01  0.3274488748739350E-04
  0.1934393878680927E+01  0.3274336620276264E-04
  0.1935892377240521E+01  0.3274184491813178E-04
  0.1937390875800117E+01  0.3274032363350092E-04
  0.1938889374359711E+01  0.3273880234887006E-04
  0.1940387872919306E+01  0.3273728106423920E-04
  0.1941886371478901E+01  0.3273575977960834E-04
  0.1943384870038495E+01  0.3273423849497748E-04
  0.1944883368598090E+01  0.3273271721034662E-04
  0.1946381867157685E+01  0.3273119592571576E-04
  0.1947880365717280E+01  0.3272967464108490E-04
  0.1949378864276874E+01  0.3272815335645404E-04
  0.1950877362836469E+01  0.3272663207182318E-04
  0.1952375861396064E+01  0.3272511078719232E-04
  0.1953874359955659E+01  0.3272358950256146E-04
  0.1955372858515253E+01  0.3272206821793060E-04
  0.1956871357074848E+01  0.3272054693329973E-04
  0.1958369855634443E+01  0.3271902564866888E-04
  0.1959868354194038E+01  0.3271750436403801E-04
  0.1961366852753633E+01  0.3271598307940715E-04
  0.1962865351313227E+01  0.3271446179477629E-04
  0.1964363849872822E+01  0.3271294051014544E-04
  0.1965862348432417E+01  0.3271141922551458E-04
  0.1967360846992011E+01  0.3270989794088371E-04
  0.1968859345551606E+01  0.3270837665625286E-04
  0.1970357844111201E+01  0.3270685537162200E-04
  0.1971856342670796E+01  0.3270533408699114E-04
  0.1973354841230390E+01  0.3270381280236027E-04
  0.1974853339789985E+01  0.3270229151772941E-04
  0.1976351838349580E+01  0.3270077023309856E-04
  0.1977850336909174E+01  0.3269924894846770E-04
  0.1979348835468770E+01  0.3269772766383684E-04
  0.1980847334028364E+01  0.3269620637920597E-04
  0.1982345832587959E+01  0.3269468509457511E-04
  0.1983844331147554E+01  0.3269316380994425E-04
  0.1985342829707148E+01  0.3269164252531339E-04
  0.1986841328266743E+01  0.3269012124068253E-04
  0.1988339826826338E+01  0.3268859995605167E-04
  0.1989838325385933E+01  0.3268707867142081E-04
  0.1991336823945527E+01  0.3268555738678995E-04
  0.1992835322505122E+01  0.3268403610215909E-04
  0.1994333821064717E+01  0.3268251481752822E-04
  0.1995832319624312E+01  0.3268099353289736E-04
  0.1997330818183906E+01  0.3267947224826651E-04
  0.1998829316743501E+01  0.3267795096363565E-04
  0.2000327815303096E+01  0.3267642967900479E-04
  0.2001826313862691E+01  0.3267490839437392E-04
  0.2003324812422286E+01  0.3267338710974306E-04
  0.2004823310981880E+01  0.3267186582511220E-04
  0.2006321809541475E+01  0.3267034454048135E-04
  0.2007820308101070E+01  0.3266882325585049E-04
  0.2009318806660664E+01  0.3266730197121963E-04
  0.2010817305220259E+01  0.3266578068658877E-04
  0.2012315803779854E+01  0.3266425940195791E-04
  0.2013814302339449E+01  0.3266273811732705E-04
  0.2015312800899043E+01  0.3266121683269618E-04
  0.2016811299458638E+01  0.3265969554806532E-04
  0.2018309798018233E+01  0.3265817426343446E-04
  0.2019808296577828E+01  0.3265665297880360E-04
  0.2021306795137423E+01  0.3265513169417274E-04
  0.2022805293697017E+01  0.3265361040954188E-04
  0.2024303792256612E+01  0.3265208912491102E-04
  0.2025802290816207E+01  0.3265056784028016E-04
  0.2027300789375801E+01  0.3264904655564930E-04
  0.2028799287935396E+01  0.3264752527101844E-04
  0.2030297786494991E+01  0.3264600398638758E-04
  0.2031796285054586E+01  0.3264448270175672E-04
  0.2033294783614180E+01  0.3264296141712586E-04
  0.2034793282173775E+01  0.3264144013249500E-04
  0.2036291780733370E+01  0.3263991884786413E-04
  0.2037790279292965E+01  0.3263839756323327E-04
  0.2039288777852559E+01  0.3263687627860242E-04
  0.2040787276412154E+01  0.3263535499397156E-04
  0.2042285774971749E+01  0.3263383370934070E-04
  0.2043784273531344E+01  0.3263231242470984E-04
  0.2045282772090939E+01  0.3263079114007898E-04
  0.2046781270650533E+01  0.3262926985544812E-04
  0.2048279769210128E+01  0.3262774857081726E-04
  0.2049778267769723E+01  0.3262622728618640E-04
  0.2051276766329317E+01  0.3262470600155553E-04
  0.2052775264888912E+01  0.3262318471692467E-04
  0.2054273763448507E+01  0.3262166343229381E-04
  0.2055772262008102E+01  0.3262014214766295E-04
  0.2057270760567696E+01  0.3261862086303209E-04
  0.2058769259127291E+01  0.3261709957840123E-04
  0.2060267757686886E+01  0.3261557829377037E-04
  0.2061766256246481E+01  0.3261405700913951E-04
  0.2063264754806076E+01  0.3261253572450865E-04
  0.2064763253365670E+01  0.3261101443987779E-04
  0.2066261751925265E+01  0.3260949315524693E-04
  0.2067760250484860E+01  0.3260797187061607E-04
  0.2069258749044455E+01  0.3260645058598521E-04
  0.2070757247604049E+01  0.3260492930135435E-04
  0.2072255746163644E+01  0.3260340801672349E-04
  0.2073754244723239E+01  0.3260188673209263E-04
  0.2075252743282833E+01  0.3260036544746177E-04
  0.2076751241842428E+01  0.3259884416283091E-04
  0.2078249740402023E+01  0.3259732287820005E-04
  0.2079748238961618E+01  0.3259580159356919E-04
  0.2081246737521212E+01  0.3259428030893833E-04
  0.2082745236080807E+01  0.3259275902430747E-04
  0.2084243734640402E+01  0.3259123773967661E-04
  0.2085742233199997E+01  0.3258971645504574E-04
  0.2087240731759592E+01  0.3258819517041488E-04
  0.2088739230319186E+01  0.3258667388578402E-04
  0.2090237728878781E+01  0.3258515260115316E-04
  0.2091736227438376E+01  0.3258363131652230E-04
  0.2093234725997970E+01  0.3258211003189144E-04
  0.2094733224557565E+01  0.3258058874726058E-04
  0.2096231723117160E+01  0.3257906746262972E-04
  0.2097730221676755E+01  0.3257754617799886E-04
  0.2099228720236349E+01  0.3257602489336800E-04
  0.2100727218795944E+01  0.3257450360873714E-04
  0.2102225717355539E+01  0.3257298232410628E-04
  0.2103724215915134E+01  0.3257146103947542E-04
  0.2105222714474729E+01  0.3256993975484456E-04
  0.2106721213034323E+01  0.3256841847021370E-04
  0.2108219711593918E+01  0.3256689718558284E-04
  0.2109718210153513E+01  0.3256537590095198E-04
  0.2111216708713108E+01  0.3256385461632112E-04
  0.2112715207272702E+01  0.3256233333169026E-04
  0.2114213705832297E+01  0.3256081204705940E-04
  0.2115712204391892E+01  0.3255929076242854E-04
  0.2117210702951486E+01  0.3255776947779768E-04
  0.2118709201511081E+01  0.3255624819316682E-04
  0.2120207700070676E+01  0.3255472690853595E-04
  0.2121706198630271E+01  0.3255320562390509E-04
  0.2123204697189866E+01  0.3255168433927424E-04
  0.2124703195749460E+01  0.3255016305464338E-04
  0.2126201694309055E+01  0.3254864177001252E-04
  0.2127700192868650E+01  0.3254712048538165E-04
  0.2129198691428245E+01  0.3254559920075079E-04
  0.2130697189987839E+01  0.3254407791611993E-04
  0.2132195688547434E+01  0.3254255663148908E-04
  0.2133694187107029E+01  0.3254103534685822E-04
  0.2135192685666623E+01  0.3253951406222736E-04
  0.2136691184226218E+01  0.3253799277759650E-04
  0.2138189682785813E+01  0.3253647149296564E-04
  0.2139688181345408E+01  0.3253495020833478E-04
  0.2141186679905002E+01  0.3253342892370392E-04
  0.2142685178464597E+01  0.3253190763907306E-04
  0.2144183677024192E+01  0.3253038635444219E-04
  0.2145682175583787E+01  0.3252886506981133E-04
  0.2147180674143382E+01  0.3252734378518047E-04
  0.2148679172702976E+01  0.3252582250054961E-04
  0.2150177671262571E+01  0.3252430121591875E-04
  0.2151676169822166E+01  0.3252277993128789E-04
  0.2153174668381761E+01  0.3252125864665703E-04
  0.2154673166941355E+01  0.3251973736202617E-04
  0.2156171665500950E+01  0.3251821607739531E-04
  0.2157670164060545E+01  0.3251669479276445E-04
  0.2159168662620139E+01  0.3251517350813359E-04
  0.2160667161179734E+01  0.3251365222350273E-04
  0.2162165659739329E+01  0.3251213093887187E-04
  0.2163664158298924E+01  0.3251060965424101E-04
  0.2165162656858519E+01  0.3250908836961015E-04
  0.2166661155418113E+01  0.3250756708497929E-04
  0.2168159653977708E+01  0.3250604580034843E-04
  0.2169658152537303E+01  0.3250452451571757E-04
  0.2171156651096898E+01  0.3250300323108671E-04
  0.2172655149656492E+01  0.3250148194645585E-04
  0.2174153648216087E+01  0.3249996066182499E-04
  0.2175652146775682E+01  0.3249843937719413E-04
  0.2177150645335276E+01  0.3249691809256327E-04
  0.2178649143894871E+01  0.3249539680793241E-04
  0.2180147642454466E+01  0.3249387552330154E-04
  0.2181646141014061E+01  0.3249235423867068E-04
  0.2183144639573655E+01  0.3249083295403982E-04
  0.2184643138133250E+01  0.3248931166940896E-04
  0.2186141636692845E+01  0.3248779038477810E-04
  0.2187640135252440E+01  0.3248626910014724E-04
  0.2189138633812035E+01  0.3248474781551638E-04
  0.2190637132371629E+01  0.3248322653088552E-04
  0.2192135630931224E+01  0.3248170524625466E-04
  0.2193634129490819E+01  0.3248018396162380E-04
  0.2195132628050414E+01  0.3247866267699294E-04
  0.2196631126610008E+01  0.3247714139236208E-04
  0.2198129625169603E+01  0.3247562010773122E-04
  0.2199628123729198E+01  0.3247409882310036E-04
  0.2201126622288792E+01  0.3247257753846950E-04
  0.2202625120848387E+01  0.3247065118083155E-04
  0.2204123619407982E+01  0.3246104430964622E-04
  0.2205622117967577E+01  0.3245143743846088E-04
  0.2207120616527172E+01  0.3244183056727553E-04
  0.2208619115086766E+01  0.3243222369609019E-04
  0.2210117613646361E+01  0.3242261682490486E-04
  0.2211616112205956E+01  0.3241823760826188E-04
  0.2213114610765551E+01  0.3252720827669074E-04
  0.2214613109325145E+01  0.3263617894511960E-04
  0.2216111607884740E+01  0.3274514961354846E-04
  0.2217610106444335E+01  0.3285412028197732E-04
  0.2219108605003929E+01  0.3296309095040618E-04
  0.2220607103563524E+01  0.3307206161883504E-04
  0.2222105602123119E+01  0.3318103228726390E-04
  0.2223604100682714E+01  0.3330205225663858E-04
  0.2225102599242308E+01  0.3374506992953861E-04
  0.2226601097801903E+01  0.3418808760243863E-04
  0.2228099596361498E+01  0.3463110527533879E-04
  0.2229598094921093E+01  0.3507412294823882E-04
  0.2231096593480688E+01  0.3474913277760480E-04
  0.2232595092040282E+01  0.3308645123288871E-04
  0.2234093590599877E+01  0.3210377592039577E-04
  0.2235592089159472E+01  0.3252210009937191E-04
  0.2237090587719067E+01  0.3775783239989301E-04
  0.2238589086278661E+01  0.3886562183846969E-04
  0.2240087584838256E+01  0.3761432324846196E-04
  0.2241586083397851E+01  0.3249481057113446E-04
  0.2243084581957445E+01  0.3544126962538458E-04
  0.2244583080517040E+01  0.3803970761050846E-04
  0.2246081579076635E+01  0.3722486637619658E-04
  0.2247580077636230E+01  0.3598097579513221E-04
  0.2249078576195825E+01  0.3815255452890058E-04
  0.2250577074755419E+01  0.3911537180924649E-04
  0.2252075573315014E+01  0.3486841627273910E-04
  0.2253574071874609E+01  0.4015103499962305E-04
  0.2255072570434204E+01  0.3968379634192681E-04
  0.2256571068993798E+01  0.4524056796033570E-04
  0.2258069567553393E+01  0.4309199617182352E-04
  0.2259568066112988E+01  0.3391099439931831E-04
  0.2261066564672582E+01  0.4092972683976135E-04
  0.2262565063232177E+01  0.3912482230075498E-04
  0.2264063561791772E+01  0.3852003140471996E-04
  0.2265562060351367E+01  0.3474130214333434E-04
  0.2267060558910961E+01  0.3773469094848069E-04
  0.2268559057470557E+01  0.3468633212458866E-04
  0.2270057556030151E+01  0.3679913745113024E-04
  0.2271556054589746E+01  0.3891285933836119E-04
  0.2273054553149341E+01  0.3867781935573047E-04
  0.2274553051708935E+01  0.3338254623936685E-04
  0.2276051550268530E+01  0.3613545896119446E-04
  0.2279048547387720E+01  0.0000000000000000E+00
