  1000 NIRCAM_F182M        
  0.1657500000000000E+01  0.2057900400400400E+01  0.2527230505126240E+02  0.1534177583194499E+01  0.4172305051262398E+01  0.7781762634862920E-10  0.8837490637736903E+03  0.1838878859188268E+01  0.2088353945570444E-17  0.1845167706286171E+01
  0.1849430555553144E+01  0.1843745741768465E+01  0.1846590767475204E+01  0.1843518474498354E+01  0.1842277448721818E+01  0.3430036616797112E+00  0.2459611917260993E+00  0.2377410075018048E+00  0.1721595926804524E+01  0.1967557118530623E+01
  0.1144032232949748E+01  0.2377410075018048E+01  0.6204934916093295E-01  0.9382008514391251E-17  0.3701979621931416E-20  0.2539999961853027E+06  0.2580660988926689E+02  0.2734078899834032E+02  0.2997891494052929E+02
  0.1657500000000000E+01  0.0000000000000000E+00
  0.1657900400400400E+01  0.5418319429556663E-04
  0.1658300800800801E+01  0.5584972147763619E-04
  0.1658701201201201E+01  0.5782989257351432E-04
  0.1659101601601602E+01  0.6012058674823603E-04
  0.1659502002002002E+01  0.6241735938858203E-04
  0.1659902402402402E+01  0.6592374668818970E-04
  0.1660302802802803E+01  0.6943013398779931E-04
  0.1660703203203203E+01  0.7281825580068512E-04
  0.1661103603603604E+01  0.7609160765847627E-04
  0.1661504004004004E+01  0.7937477868142459E-04
  0.1661904404404404E+01  0.8363004705495678E-04
  0.1662304804804805E+01  0.8788531542848662E-04
  0.1662705205205205E+01  0.9262677236546044E-04
  0.1663105605605605E+01  0.9783070135058883E-04
  0.1663506006006006E+01  0.1030415902963839E-03
  0.1663906406406406E+01  0.1087095166590932E-03
  0.1664306806806807E+01  0.1143774430218024E-03
  0.1664707207207207E+01  0.1210352724032817E-03
  0.1665107607607608E+01  0.1286160548409147E-03
  0.1665508008008008E+01  0.1361950666483268E-03
  0.1665908408408408E+01  0.1436873175751256E-03
  0.1666308808808809E+01  0.1511795685019243E-03
  0.1666709209209209E+01  0.1608285018141802E-03
  0.1667109609609610E+01  0.1724483745313195E-03
  0.1667510010010010E+01  0.1840500490799814E-03
  0.1667910410410410E+01  0.1949419950580280E-03
  0.1668310810810811E+01  0.2058339410360806E-03
  0.1668711211211211E+01  0.2177279792781901E-03
  0.1669111611611612E+01  0.2305196262307640E-03
  0.1669512012012012E+01  0.2433880363278603E-03
  0.1669912412412412E+01  0.2587384547645308E-03
  0.1670312812812813E+01  0.2740888732012099E-03
  0.1670713213213213E+01  0.2898830568323895E-03
  0.1671113613613614E+01  0.3060668371366832E-03
  0.1671514014014014E+01  0.3223289117950143E-03
  0.1671914414414414E+01  0.3407496736432616E-03
  0.1672314814814815E+01  0.3591704354914986E-03
  0.1672715215215215E+01  0.3784249897970609E-03
  0.1673115615615616E+01  0.3983969934263690E-03
  0.1673516016016016E+01  0.4185829767584030E-03
  0.1673916416416416E+01  0.4439044729555568E-03
  0.1674316816816817E+01  0.4692259691527105E-03
  0.1674717217217217E+01  0.4961997616240048E-03
  0.1675117617617618E+01  0.5245669652389470E-03
  0.1675518018018018E+01  0.5529846166153449E-03
  0.1675918418418418E+01  0.5824728815963031E-03
  0.1676318818818819E+01  0.6119611465772612E-03
  0.1676719219219219E+01  0.6422694064899485E-03
  0.1677119619619620E+01  0.6732553791087381E-03
  0.1677520020020020E+01  0.7040604305151495E-03
  0.1677920420420420E+01  0.7314279788863732E-03
  0.1678320820820821E+01  0.7587955272576121E-03
  0.1678721221221221E+01  0.7946346247381579E-03
  0.1679121621621622E+01  0.8373352936692441E-03
  0.1679522022022022E+01  0.8800036619491566E-03
  0.1679922422422422E+01  0.9221170463134468E-03
  0.1680322822822823E+01  0.9642304306777602E-03
  0.1680723223223223E+01  0.1009014040937492E-02
  0.1681123623623624E+01  0.1055917068163564E-02
  0.1681524024024024E+01  0.1103031824101581E-02
  0.1681924424424424E+01  0.1153463663193445E-02
  0.1682324824824825E+01  0.1203895502285281E-02
  0.1682725225225225E+01  0.1254469481610486E-02
  0.1683125625625626E+01  0.1305154014450534E-02
  0.1683526026026026E+01  0.1356436234715553E-02
  0.1683926426426426E+01  0.1416315958708559E-02
  0.1684326826826827E+01  0.1476195682701565E-02
  0.1684727227227227E+01  0.1534243887393448E-02
  0.1685127627627628E+01  0.1590896264600364E-02
  0.1685528028028028E+01  0.1648985051221334E-02
  0.1685928428428428E+01  0.1726157562915143E-02
  0.1686328828828829E+01  0.1803330074608952E-02
  0.1686729229229229E+01  0.1876979675725182E-02
  0.1687129629629630E+01  0.1947998631824891E-02
  0.1687530030030030E+01  0.2019908878868141E-02
  0.1687930430430430E+01  0.2102811714215056E-02
  0.1688330830830831E+01  0.2185714549562018E-02
  0.1688731231231231E+01  0.2290447471402370E-02
  0.1689131631631632E+01  0.2411151322322308E-02
  0.1689532032032032E+01  0.2530227755373797E-02
  0.1689932432432433E+01  0.2630588882938119E-02
  0.1690332832832833E+01  0.2730950010502385E-02
  0.1690733233233233E+01  0.2856785471325507E-02
  0.1691133633633634E+01  0.3000879359849161E-02
  0.1691534034034034E+01  0.3145061239946978E-02
  0.1691934434434434E+01  0.3290190323459839E-02
  0.1692334834834835E+01  0.3435319406972700E-02
  0.1692735235235235E+01  0.3609464308415045E-02
  0.1693135635635636E+01  0.3803982018190839E-02
  0.1693536036036036E+01  0.4002641013815930E-02
  0.1693936436436436E+01  0.4243173010804840E-02
  0.1694336836836837E+01  0.4483705007793750E-02
  0.1694737237237237E+01  0.4715003507364809E-02
  0.1695137637637638E+01  0.4939951542467176E-02
  0.1695538038038038E+01  0.5176316499430079E-02
  0.1695938438438438E+01  0.5521442659381380E-02
  0.1696338838838839E+01  0.5866568819332680E-02
  0.1696739239239239E+01  0.6289343295895682E-02
  0.1697139639639640E+01  0.6764424797456094E-02
  0.1697540040040040E+01  0.7244846691938108E-02
  0.1697940440440440E+01  0.7773332122714593E-02
  0.1698340840840841E+01  0.8301817553491370E-02
  0.1698741241241241E+01  0.8949621052161192E-02
  0.1699141641641642E+01  0.9676144769897446E-02
  0.1699542042042042E+01  0.1039898741003078E-01
  0.1699942442442443E+01  0.1109045324583482E-01
  0.1700342842842843E+01  0.1178191908163848E-01
  0.1700743243243243E+01  0.1268576131688721E-01
  0.1701143643643644E+01  0.1372681793367026E-01
  0.1701544044044044E+01  0.1479351106158128E-01
  0.1701944444444444E+01  0.1606762687043104E-01
  0.1702344844844845E+01  0.1734174267928081E-01
  0.1702745245245245E+01  0.1865829143612113E-01
  0.1703145645645646E+01  0.2000168552740442E-01
  0.1703546046046046E+01  0.2131395084949748E-01
  0.1703946446446446E+01  0.2238665999129415E-01
  0.1704346846846847E+01  0.2345936913309083E-01
  0.1704747247247247E+01  0.2445754224577872E-01
  0.1705147647647648E+01  0.2540954526756171E-01
  0.1705548048048048E+01  0.2639155301879647E-01
  0.1705948448448448E+01  0.2759359545268155E-01
  0.1706348848848849E+01  0.2879563788656663E-01
  0.1706749249249249E+01  0.2997976480430026E-01
  0.1707149649649650E+01  0.3115302729255948E-01
  0.1707550050050050E+01  0.3238621831914693E-01
  0.1707950450450450E+01  0.3403890911403254E-01
  0.1708350850850851E+01  0.3569159990891907E-01
  0.1708751251251251E+01  0.3765466109817048E-01
  0.1709151651651652E+01  0.3980196606734394E-01
  0.1709552052052052E+01  0.4183813354345694E-01
  0.1709952452452453E+01  0.4313053471985666E-01
  0.1710352852852853E+01  0.4442293589625566E-01
  0.1710753253253253E+01  0.4690590850089389E-01
  0.1711153653653654E+01  0.5008063604604986E-01
  0.1711554054054054E+01  0.5316336585386862E-01
  0.1711954454454454E+01  0.5565662867799614E-01
  0.1712354854854855E+01  0.5814989150212366E-01
  0.1712755255255255E+01  0.6180767971367650E-01
  0.1713155655655656E+01  0.6612764902788501E-01
  0.1713556056056056E+01  0.7035732110982032E-01
  0.1713956456456456E+01  0.7403231019352105E-01
  0.1714356856856857E+01  0.7770729927722174E-01
  0.1714757257257257E+01  0.8326081072158147E-01
  0.1715157657657658E+01  0.8985957001641887E-01
  0.1715558058058058E+01  0.9646881060612605E-01
  0.1715958458458458E+01  0.1031398546931690E+00
  0.1716358858858859E+01  0.1098108987802119E+00
  0.1716759259259259E+01  0.1175911597145996E+00
  0.1717159659659660E+01  0.1259752800137511E+00
  0.1717560060060060E+01  0.1346835248527916E+00
  0.1717960460460460E+01  0.1452284754178713E+00
  0.1718360860860861E+01  0.1557734259829568E+00
  0.1718761261261261E+01  0.1643177508806771E+00
  0.1719161661661662E+01  0.1717966084689624E+00
  0.1719562062062062E+01  0.1799985119894445E+00
  0.1719962462462463E+01  0.1921421820435315E+00
  0.1720362862862863E+01  0.2042858520976117E+00
  0.1720763263263263E+01  0.2161203219108055E+00
  0.1721163663663664E+01  0.2277937254388230E+00
  0.1721564064064064E+01  0.2396064860661799E+00
  0.1721964464464464E+01  0.2521508714650283E+00
  0.1722364864864865E+01  0.2646952568638767E+00
  0.1722765265265265E+01  0.2754960274320551E+00
  0.1723165665665666E+01  0.2854085413883888E+00
  0.1723566066066066E+01  0.2947859202147514E+00
  0.1723966466466466E+01  0.3014551909591685E+00
  0.1724366866866867E+01  0.3081244617035857E+00
  0.1724767267267267E+01  0.3168182348848149E+00
  0.1725167667667668E+01  0.3265204680813770E+00
  0.1725568068068068E+01  0.3351302899139373E+00
  0.1725968468468468E+01  0.3384065739104850E+00
  0.1726368868868869E+01  0.3416828579070328E+00
  0.1726769269269269E+01  0.3442558069948286E+00
  0.1727169669669670E+01  0.3464862398259441E+00
  0.1727570070070070E+01  0.3489602879605481E+00
  0.1727970470470470E+01  0.3525828082401716E+00
  0.1728370870870871E+01  0.3562053285197971E+00
  0.1728771271271271E+01  0.3589176462705024E+00
  0.1729171671671672E+01  0.3611966941827197E+00
  0.1729572072072072E+01  0.3630350142207160E+00
  0.1729972472472473E+01  0.3628655739428128E+00
  0.1730372872872873E+01  0.3626961336649097E+00
  0.1730773273273273E+01  0.3667389997935592E+00
  0.1731173673673674E+01  0.3727414370344127E+00
  0.1731574074074074E+01  0.3778403529770991E+00
  0.1731974474474475E+01  0.3789588913089262E+00
  0.1732374874874875E+01  0.3800774296407535E+00
  0.1732775275275275E+01  0.3820637222220016E+00
  0.1733175675675676E+01  0.3844444485529878E+00
  0.1733576076076076E+01  0.3869449688820915E+00
  0.1733976476476476E+01  0.3899561899400181E+00
  0.1734376876876877E+01  0.3929674109979447E+00
  0.1734777277277277E+01  0.3959418467161753E+00
  0.1735177677677678E+01  0.3988999481499900E+00
  0.1735578078078078E+01  0.4019109828029880E+00
  0.1735978478478478E+01  0.4051405366428719E+00
  0.1736378878878879E+01  0.4083700904827559E+00
  0.1736779279279279E+01  0.4128125910825990E+00
  0.1737179679679680E+01  0.4177811366930303E+00
  0.1737580080080080E+01  0.4217804526630000E+00
  0.1737980480480481E+01  0.4219028500711186E+00
  0.1738380880880881E+01  0.4220252474792371E+00
  0.1738781281281281E+01  0.4241459848002941E+00
  0.1739181681681682E+01  0.4271129941841246E+00
  0.1739582082082082E+01  0.4301190594990244E+00
  0.1739982482482483E+01  0.4332765856197802E+00
  0.1740382882882883E+01  0.4364341117405344E+00
  0.1740783283283283E+01  0.4372662074139071E+00
  0.1741183683683684E+01  0.4371369060471971E+00
  0.1741584084084084E+01  0.4379782063302734E+00
  0.1741984484484485E+01  0.4424708175815910E+00
  0.1742384884884885E+01  0.4469634288329086E+00
  0.1742785285285285E+01  0.4494067848288155E+00
  0.1743185685685686E+01  0.4510232483532419E+00
  0.1743586086086086E+01  0.4516861315914719E+00
  0.1743986486486486E+01  0.4488673379708015E+00
  0.1744386886886887E+01  0.4460485443501312E+00
  0.1744787287287287E+01  0.4478954468523209E+00
  0.1745187687687688E+01  0.4515793655980036E+00
  0.1745588088088088E+01  0.4542703791217846E+00
  0.1745988488488488E+01  0.4534410923133655E+00
  0.1746388888888889E+01  0.4526118055049460E+00
  0.1746789289289289E+01  0.4517402877304634E+00
  0.1747189689689690E+01  0.4508525497579424E+00
  0.1747590090090090E+01  0.4501224141307361E+00
  0.1747990490490491E+01  0.4499351310262800E+00
  0.1748390890890891E+01  0.4497478479218240E+00
  0.1748791291291291E+01  0.4477372488047547E+00
  0.1749191691691692E+01  0.4450436893943018E+00
  0.1749592092092092E+01  0.4447545985713498E+00
  0.1749992492492493E+01  0.4525152504109214E+00
  0.1750392892892893E+01  0.4602759022504889E+00
  0.1750793293293293E+01  0.4590896240239719E+00
  0.1751193693693694E+01  0.4546360368654740E+00
  0.1751594094094094E+01  0.4514280690060517E+00
  0.1751994494494495E+01  0.4522749895032027E+00
  0.1752394894894895E+01  0.4531219100003538E+00
  0.1752795295295295E+01  0.4527613995666273E+00
  0.1753195695695696E+01  0.4519711255812320E+00
  0.1753596096096096E+01  0.4515225981166727E+00
  0.1753996496496496E+01  0.4521562679680923E+00
  0.1754396896896897E+01  0.4527899378195120E+00
  0.1754797297297297E+01  0.4529616707056269E+00
  0.1755197697697698E+01  0.4529732032300365E+00
  0.1755598098098098E+01  0.4538199414037795E+00
  0.1755998498498498E+01  0.4572404765785316E+00
  0.1756398898898899E+01  0.4606610117532858E+00
  0.1756799299299299E+01  0.4607016044089602E+00
  0.1757199699699700E+01  0.4596004773508345E+00
  0.1757600100100100E+01  0.4589705087762098E+00
  0.1758000500500501E+01  0.4597540156520911E+00
  0.1758400900900901E+01  0.4605375225279720E+00
  0.1758801301301301E+01  0.4596675178775610E+00
  0.1759201701701702E+01  0.4582536672434202E+00
  0.1759602102102102E+01  0.4575649927186125E+00
  0.1760002502502503E+01  0.4589949699642143E+00
  0.1760402902902903E+01  0.4604249472098154E+00
  0.1760803303303303E+01  0.4621019023529199E+00
  0.1761203703703704E+01  0.4638579230275693E+00
  0.1761604104104104E+01  0.4650699019999607E+00
  0.1762004504504505E+01  0.4647334545890051E+00
  0.1762404904904905E+01  0.4643970071780496E+00
  0.1762805305305305E+01  0.4640850236572333E+00
  0.1763205705705706E+01  0.4637806600366240E+00
  0.1763606106106106E+01  0.4627910381362249E+00
  0.1764006506506506E+01  0.4599007942145202E+00
  0.1764406906906907E+01  0.4570105502928157E+00
  0.1764807307307307E+01  0.4580261820167164E+00
  0.1765207707707708E+01  0.4602250268840734E+00
  0.1765608108108108E+01  0.4625878988191012E+00
  0.1766008508508508E+01  0.4653942513444985E+00
  0.1766408908908909E+01  0.4682006038698974E+00
  0.1766809309309309E+01  0.4680999786516917E+00
  0.1767209709709710E+01  0.4671432531918438E+00
  0.1767610110110110E+01  0.4663572327685238E+00
  0.1768010510510511E+01  0.4660212528960501E+00
  0.1768410910910911E+01  0.4656852730235768E+00
  0.1768811311311311E+01  0.4633304666267067E+00
  0.1769211711711712E+01  0.4603979253080649E+00
  0.1769612112112112E+01  0.4587454918490421E+00
  0.1770012512512513E+01  0.4603847643147581E+00
  0.1770412912912913E+01  0.4620240367804741E+00
  0.1770813313313313E+01  0.4641717078080875E+00
  0.1771213713713714E+01  0.4664606908960377E+00
  0.1771614114114114E+01  0.4673610306987627E+00
  0.1772014514514515E+01  0.4647775812069784E+00
  0.1772414914914915E+01  0.4621941317151943E+00
  0.1772815315315315E+01  0.4596750083399043E+00
  0.1773215715715716E+01  0.4571732428055716E+00
  0.1773616116116116E+01  0.4559325237193236E+00
  0.1774016516516516E+01  0.4577791942128674E+00
  0.1774416916916917E+01  0.4596258647064113E+00
  0.1774817317317317E+01  0.4596871880159160E+00
  0.1775217717717718E+01  0.4592810544917447E+00
  0.1775618118118118E+01  0.4583565559992928E+00
  0.1776018518518518E+01  0.4561932530911184E+00
  0.1776418918918919E+01  0.4540299501829428E+00
  0.1776819319319319E+01  0.4573025576083646E+00
  0.1777219719719720E+01  0.4619554432062645E+00
  0.1777620120120120E+01  0.4634460577496505E+00
  0.1778020520520521E+01  0.4575580398324891E+00
  0.1778420920920921E+01  0.4516700219153311E+00
  0.1778821321321321E+01  0.4536237209166841E+00
  0.1779221721721722E+01  0.4575073128668276E+00
  0.1779622122122122E+01  0.4600116167775932E+00
  0.1780022522522523E+01  0.4593729528609188E+00
  0.1780422922922923E+01  0.4587342889442445E+00
  0.1780823323323323E+01  0.4571815544149677E+00
  0.1781223723723724E+01  0.4554109145074534E+00
  0.1781624124124124E+01  0.4537812027990633E+00
  0.1782024524524525E+01  0.4524651699854956E+00
  0.1782424924924925E+01  0.4511491371719279E+00
  0.1782825325325325E+01  0.4522615928479241E+00
  0.1783225725725726E+01  0.4539344689445902E+00
  0.1783626126126126E+01  0.4553106049878323E+00
  0.1784026526526526E+01  0.4560414491688684E+00
  0.1784426926926927E+01  0.4567722933499050E+00
  0.1784827327327327E+01  0.4555082081189767E+00
  0.1785227727727728E+01  0.4537987716737578E+00
  0.1785628128128128E+01  0.4517533480280190E+00
  0.1786028528528528E+01  0.4489939515811742E+00
  0.1786428928928929E+01  0.4462345551343278E+00
  0.1786829329329329E+01  0.4462591003269742E+00
  0.1787229729729730E+01  0.4468844353567135E+00
  0.1787630130130130E+01  0.4480810266508486E+00
  0.1788030530530531E+01  0.4504640732633476E+00
  0.1788430930930931E+01  0.4528471198758454E+00
  0.1788831331331331E+01  0.4502451168266701E+00
  0.1789231731731732E+01  0.4466039342407725E+00
  0.1789632132132132E+01  0.4441822333514359E+00
  0.1790032532532533E+01  0.4442364498460310E+00
  0.1790432932932933E+01  0.4442906663406262E+00
  0.1790833333333333E+01  0.4437913269961570E+00
  0.1791233733733734E+01  0.4431806115519357E+00
  0.1791634134134134E+01  0.4430141694977089E+00
  0.1792034534534535E+01  0.4437296432773512E+00
  0.1792434934934935E+01  0.4444451170569936E+00
  0.1792835335335335E+01  0.4445570136778397E+00
  0.1793235735735736E+01  0.4445517983126508E+00
  0.1793636136136136E+01  0.4433333732712799E+00
  0.1794036536536536E+01  0.4397598941526127E+00
  0.1794436936936937E+01  0.4361864150339435E+00
  0.1794837337337337E+01  0.4389455120222321E+00
  0.1795237737737738E+01  0.4428884437130048E+00
  0.1795638138138138E+01  0.4450886802651935E+00
  0.1796038538538538E+01  0.4439803216991969E+00
  0.1796438938938939E+01  0.4428719631331997E+00
  0.1796839339339339E+01  0.4413031267611276E+00
  0.1797239739739740E+01  0.4396514315507942E+00
  0.1797640140140140E+01  0.4384013861631475E+00
  0.1798040540540541E+01  0.4378972618747771E+00
  0.1798440940940941E+01  0.4373931375864069E+00
  0.1798841341341341E+01  0.4394122367344574E+00
  0.1799241741741742E+01  0.4418679053333838E+00
  0.1799642142142142E+01  0.4434453566021541E+00
  0.1800042542542543E+01  0.4434271735668343E+00
  0.1800442942942943E+01  0.4434089905315144E+00
  0.1800843343343343E+01  0.4432375131615319E+00
  0.1801243743743744E+01  0.4430405612228152E+00
  0.1801644144144144E+01  0.4437863346591275E+00
  0.1802044544544545E+01  0.4462080643177139E+00
  0.1802444944944945E+01  0.4486297939763003E+00
  0.1802845345345345E+01  0.4478525074001415E+00
  0.1803245745745746E+01  0.4465652327285872E+00
  0.1803646146146146E+01  0.4446419672350725E+00
  0.1804046546546547E+01  0.4416122519554054E+00
  0.1804446946946947E+01  0.4385825366757367E+00
  0.1804847347347347E+01  0.4400558299444680E+00
  0.1805247747747748E+01  0.4422169026168432E+00
  0.1805648148148148E+01  0.4447266199381167E+00
  0.1806048548548548E+01  0.4478299754453530E+00
  0.1806448948948949E+01  0.4509333309525910E+00
  0.1806849349349349E+01  0.4546440627301461E+00
  0.1807249749749750E+01  0.4584435514984925E+00
  0.1807650150150150E+01  0.4597144520910439E+00
  0.1808050550550551E+01  0.4567710390572673E+00
  0.1808450950950951E+01  0.4538276260234906E+00
  0.1808851351351351E+01  0.4544889772481056E+00
  0.1809251751751752E+01  0.4556535576711849E+00
  0.1809652152152152E+01  0.4568556695299680E+00
  0.1810052552552553E+01  0.4581190168891079E+00
  0.1810452952952953E+01  0.4593823642482479E+00
  0.1810853353353353E+01  0.4599250597243846E+00
  0.1811253753753754E+01  0.4603718043832377E+00
  0.1811654154154154E+01  0.4598558729241184E+00
  0.1812054554554555E+01  0.4578021601336924E+00
  0.1812454954954955E+01  0.4557484473432664E+00
  0.1812855355355355E+01  0.4588408943483173E+00
  0.1813255755755756E+01  0.4625856714682865E+00
  0.1813656156156156E+01  0.4635837405151287E+00
  0.1814056556556557E+01  0.4602856764219583E+00
  0.1814456956956957E+01  0.4569876123287859E+00
  0.1814857357357357E+01  0.4594990566803485E+00
  0.1815257757757758E+01  0.4627102457465407E+00
  0.1815658158158158E+01  0.4649563470155861E+00
  0.1816058558558558E+01  0.4657242758358388E+00
  0.1816458958958959E+01  0.4664922046560918E+00
  0.1816859359359359E+01  0.4670933532796393E+00
  0.1817259759759760E+01  0.4676754545826718E+00
  0.1817660160160160E+01  0.4673541110345547E+00
  0.1818060560560561E+01  0.4656776002097160E+00
  0.1818460960960961E+01  0.4640010893848774E+00
  0.1818861361361361E+01  0.4683798298063656E+00
  0.1819261761761762E+01  0.4734127386450465E+00
  0.1819662162162162E+01  0.4750851397659906E+00
  0.1820062562562563E+01  0.4718204986843383E+00
  0.1820462962962963E+01  0.4685558576026859E+00
  0.1820863363363363E+01  0.4681573318588812E+00
  0.1821263763763764E+01  0.4680509445930391E+00
  0.1821664164164164E+01  0.4682228597783125E+00
  0.1822064564564565E+01  0.4687952589786052E+00
  0.1822464964964965E+01  0.4693676581788978E+00
  0.1822865365365365E+01  0.4703307909661030E+00
  0.1823265765765766E+01  0.4713313913575319E+00
  0.1823666166166166E+01  0.4714832817585654E+00
  0.1824066566566567E+01  0.4704387978357898E+00
  0.1824466966966967E+01  0.4693943139130136E+00
  0.1824867367367367E+01  0.4691340738844411E+00
  0.1825267767767768E+01  0.4689443516992162E+00
  0.1825668168168168E+01  0.4698674613698729E+00
  0.1826068568568568E+01  0.4723273388415077E+00
  0.1826468968968969E+01  0.4747872163131440E+00
  0.1826869369369369E+01  0.4726429174887075E+00
  0.1827269769769770E+01  0.4701118179456316E+00
  0.1827670170170170E+01  0.4686544914143493E+00
  0.1828070570570571E+01  0.4686499166049053E+00
  0.1828470970970971E+01  0.4686453417954612E+00
  0.1828871371371371E+01  0.4679826461470572E+00
  0.1829271771771772E+01  0.4672685070907560E+00
  0.1829672172172172E+01  0.4666469652091047E+00
  0.1830072572572573E+01  0.4661481684194320E+00
  0.1830472972972973E+01  0.4656493716297593E+00
  0.1830873373373374E+01  0.4713375375460713E+00
  0.1831273773773774E+01  0.4774735533097305E+00
  0.1831674174174174E+01  0.4785091147119406E+00
  0.1832074574574575E+01  0.4729199480354979E+00
  0.1832474974974975E+01  0.4673307813590550E+00
  0.1832875375375375E+01  0.4659202966230722E+00
  0.1833275775775776E+01  0.4647883906831215E+00
  0.1833676176176176E+01  0.4657304067987842E+00
  0.1834076576576577E+01  0.4693119600761334E+00
  0.1834476976976977E+01  0.4728935133534846E+00
  0.1834877377377377E+01  0.4696795869208215E+00
  0.1835277777777778E+01  0.4660510821504139E+00
  0.1835678178178178E+01  0.4648255485221990E+00
  0.1836078578578579E+01  0.4665969789027852E+00
  0.1836478978978979E+01  0.4683684092833704E+00
  0.1836879379379379E+01  0.4681109023075626E+00
  0.1837279779779780E+01  0.4677409740006621E+00
  0.1837680180180180E+01  0.4664534424982486E+00
  0.1838080580580581E+01  0.4640443959791005E+00
  0.1838480980980981E+01  0.4616353494599522E+00
  0.1838881381381381E+01  0.4624275332903180E+00
  0.1839281781781782E+01  0.4633793585291897E+00
  0.1839682182182182E+01  0.4642261351912138E+00
  0.1840082582582583E+01  0.4649470844370132E+00
  0.1840482982982983E+01  0.4656680336828125E+00
  0.1840883383383384E+01  0.4635298416044192E+00
  0.1841283783783784E+01  0.4612647424698615E+00
  0.1841684184184184E+01  0.4602039122850371E+00
  0.1842084584584585E+01  0.4605567891281581E+00
  0.1842484984984985E+01  0.4609096659712791E+00
  0.1842885385385385E+01  0.4629329978804748E+00
  0.1843285785785786E+01  0.4650214124545817E+00
  0.1843686186186186E+01  0.4643662415795300E+00
  0.1844086586586587E+01  0.4605544723920088E+00
  0.1844486986986987E+01  0.4567427032044853E+00
  0.1844887387387387E+01  0.4583792651977224E+00
  0.1845287787787788E+01  0.4601988460678313E+00
  0.1845688188188188E+01  0.4591184702341020E+00
  0.1846088588588589E+01  0.4547679304577459E+00
  0.1846488988988989E+01  0.4504173906813922E+00
  0.1846889389389389E+01  0.4543439688381189E+00
  0.1847289789789790E+01  0.4585046043142893E+00
  0.1847690190190190E+01  0.4593155042920031E+00
  0.1848090590590591E+01  0.4564240650345844E+00
  0.1848490990990991E+01  0.4535326257771657E+00
  0.1848891391391391E+01  0.4540997037418277E+00
  0.1849291791791792E+01  0.4547463895197857E+00
  0.1849692192192192E+01  0.4548495537122835E+00
  0.1850092592592593E+01  0.4543639028538663E+00
  0.1850492992992993E+01  0.4538782519954491E+00
  0.1850893393393394E+01  0.4529951096481468E+00
  0.1851293793793794E+01  0.4521048872997709E+00
  0.1851694194194194E+01  0.4511885494143551E+00
  0.1852094594594595E+01  0.4502444805978559E+00
  0.1852494994994995E+01  0.4493004117813565E+00
  0.1852895395395395E+01  0.4496988157149852E+00
  0.1853295795795796E+01  0.4501142129745649E+00
  0.1853696196196196E+01  0.4493503072654909E+00
  0.1854096596596597E+01  0.4473589637727172E+00
  0.1854496996996997E+01  0.4453676202799424E+00
  0.1854897397397397E+01  0.4459104179200043E+00
  0.1855297797797798E+01  0.4464723652411702E+00
  0.1855698198198198E+01  0.4475501513770086E+00
  0.1856098598598599E+01  0.4491541973136748E+00
  0.1856498998998999E+01  0.4507582432503402E+00
  0.1856899399399399E+01  0.4499505378911272E+00
  0.1857299799799800E+01  0.4491367880424508E+00
  0.1857700200200200E+01  0.4490852217191593E+00
  0.1858100600600601E+01  0.4497958389212516E+00
  0.1858501001001001E+01  0.4505060979598090E+00
  0.1858901401401401E+01  0.4510734497479487E+00
  0.1859301801801802E+01  0.4516408015360887E+00
  0.1859702202202202E+01  0.4513268628228403E+00
  0.1860102602602603E+01  0.4501490849052625E+00
  0.1860503003003003E+01  0.4489804565430059E+00
  0.1860903403403404E+01  0.4490226193349435E+00
  0.1861303803803804E+01  0.4490647821268812E+00
  0.1861704204204204E+01  0.4491373201274207E+00
  0.1862104604604605E+01  0.4492390421519110E+00
  0.1862505005005005E+01  0.4493356963640884E+00
  0.1862905405405406E+01  0.4490319934035414E+00
  0.1863305805805806E+01  0.4487282904429946E+00
  0.1863706206206206E+01  0.4496061162951425E+00
  0.1864106606606607E+01  0.4515966440388578E+00
  0.1864507007007007E+01  0.4535495564476764E+00
  0.1864907407407407E+01  0.4533906364831025E+00
  0.1865307807807808E+01  0.4532317165185286E+00
  0.1865708208208208E+01  0.4540142449161594E+00
  0.1866108608608609E+01  0.4556658025712106E+00
  0.1866509009009009E+01  0.4572883548932405E+00
  0.1866909409409409E+01  0.4576507866362804E+00
  0.1867309809809810E+01  0.4580132183793203E+00
  0.1867710210210210E+01  0.4585885382578012E+00
  0.1868110610610611E+01  0.4593564712112040E+00
  0.1868511011011011E+01  0.4601340296140408E+00
  0.1868911411411411E+01  0.4612519789104978E+00
  0.1869311811811812E+01  0.4623699282069553E+00
  0.1869712212212212E+01  0.4633145967484547E+00
  0.1870112612612613E+01  0.4641056012242371E+00
  0.1870513013013013E+01  0.4648089616970639E+00
  0.1870913413413414E+01  0.4629032276203496E+00
  0.1871313813813814E+01  0.4609974935436364E+00
  0.1871714214214214E+01  0.4614020049844252E+00
  0.1872114614614615E+01  0.4638144868282740E+00
  0.1872515015015015E+01  0.4661726472625559E+00
  0.1872915415415416E+01  0.4671365581846066E+00
  0.1873315815815816E+01  0.4681004691066568E+00
  0.1873716216216216E+01  0.4697896867266249E+00
  0.1874116616616617E+01  0.4720967582003757E+00
  0.1874517017017017E+01  0.4743355687477341E+00
  0.1874917417417417E+01  0.4750365007769938E+00
  0.1875317817817818E+01  0.4757374328062534E+00
  0.1875718218218218E+01  0.4738498030904607E+00
  0.1876118618618619E+01  0.4698010805416409E+00
  0.1876519019019019E+01  0.4661827230442762E+00
  0.1876919419419419E+01  0.4711943173681485E+00
  0.1877319819819820E+01  0.4762059116920208E+00
  0.1877720220220220E+01  0.4769059003710416E+00
  0.1878120620620621E+01  0.4740782117042769E+00
  0.1878521021021021E+01  0.4714815001866393E+00
  0.1878921421421421E+01  0.4730533762651609E+00
  0.1879321821821822E+01  0.4746252523436832E+00
  0.1879722222222222E+01  0.4746765588629893E+00
  0.1880122622622623E+01  0.4735086699699532E+00
  0.1880523023023023E+01  0.4724716370656310E+00
  0.1880923423423424E+01  0.4735795044980644E+00
  0.1881323823823824E+01  0.4746873719304970E+00
  0.1881724224224224E+01  0.4750304819226672E+00
  0.1882124624624625E+01  0.4747727110689174E+00
  0.1882525025025025E+01  0.4745221766688833E+00
  0.1882925425425426E+01  0.4743801890745857E+00
  0.1883325825825826E+01  0.4742382014802882E+00
  0.1883726226226226E+01  0.4748585504877090E+00
  0.1884126626626627E+01  0.4760658312150372E+00
  0.1884527027027027E+01  0.4770847583147183E+00
  0.1884927427427427E+01  0.4755016149287703E+00
  0.1885327827827828E+01  0.4739184715428224E+00
  0.1885728228228228E+01  0.4731984787730883E+00
  0.1886128628628629E+01  0.4731296347138314E+00
  0.1886529029029029E+01  0.4732384027405631E+00
  0.1886929429429429E+01  0.4756193805570104E+00
  0.1887329829829830E+01  0.4780003583734589E+00
  0.1887730230230230E+01  0.4773863816396011E+00
  0.1888130630630631E+01  0.4745587428468261E+00
  0.1888531031031031E+01  0.4720298594748730E+00
  0.1888931431431431E+01  0.4730571293378693E+00
  0.1889331831831832E+01  0.4740843992008661E+00
  0.1889732232232232E+01  0.4736388942430663E+00
  0.1890132632632633E+01  0.4721268971736570E+00
  0.1890533033033033E+01  0.4707143908023352E+00
  0.1890933433433434E+01  0.4704083415885342E+00
  0.1891333833833834E+01  0.4701022923747334E+00
  0.1891734234234234E+01  0.4716595924905036E+00
  0.1892134634634635E+01  0.4745387558058828E+00
  0.1892535035035035E+01  0.4768308842428536E+00
  0.1892935435435436E+01  0.4730010775192752E+00
  0.1893335835835836E+01  0.4691712707956967E+00
  0.1893736236236236E+01  0.4677475214023128E+00
  0.1894136636636637E+01  0.4679957779502498E+00
  0.1894537037037037E+01  0.4682723454025258E+00
  0.1894937437437437E+01  0.4688266657811561E+00
  0.1895337837837838E+01  0.4693809861597863E+00
  0.1895738238238238E+01  0.4689278702570343E+00
  0.1896138638638639E+01  0.4677890204148535E+00
  0.1896539039039039E+01  0.4669196438981673E+00
  0.1896939439439439E+01  0.4685446230354137E+00
  0.1897339839839840E+01  0.4701696021726610E+00
  0.1897740240240240E+01  0.4694862010005223E+00
  0.1898140640640641E+01  0.4672638796221298E+00
  0.1898541041041041E+01  0.4650680929047470E+00
  0.1898941441441441E+01  0.4631046462679141E+00
  0.1899341841841842E+01  0.4611411996310802E+00
  0.1899742242242242E+01  0.4611075084264514E+00
  0.1900142642642643E+01  0.4623337401899543E+00
  0.1900543043043043E+01  0.4634548728865480E+00
  0.1900943443443444E+01  0.4637034389113587E+00
  0.1901343843843844E+01  0.4639520049361692E+00
  0.1901744244244244E+01  0.4631569285534445E+00
  0.1902144644644645E+01  0.4616946053855753E+00
  0.1902545045045045E+01  0.4600759254419742E+00
  0.1902945445445446E+01  0.4572237642676104E+00
  0.1903345845845846E+01  0.4543716030932465E+00
  0.1903746246246246E+01  0.4555404498972247E+00
  0.1904146646646647E+01  0.4592265130778896E+00
  0.1904547047047047E+01  0.4621078879348873E+00
  0.1904947447447447E+01  0.4589455398503177E+00
  0.1905347847847848E+01  0.4557831917657481E+00
  0.1905748248248248E+01  0.4553882408779714E+00
  0.1906148648648649E+01  0.4566894366591978E+00
  0.1906549049049049E+01  0.4575441595743562E+00
  0.1906949449449449E+01  0.4552006788978892E+00
  0.1907349849849850E+01  0.4528571982214207E+00
  0.1907750250250250E+01  0.4542380509870563E+00
  0.1908150650650651E+01  0.4578535038179496E+00
  0.1908551051051051E+01  0.4609204407321806E+00
  0.1908951451451451E+01  0.4602338079421864E+00
  0.1909351851851852E+01  0.4595471751521917E+00
  0.1909752252252252E+01  0.4578395739985698E+00
  0.1910152652652653E+01  0.4555323565044055E+00
  0.1910553053053053E+01  0.4538507467125423E+00
  0.1910953453453454E+01  0.4562650967829157E+00
  0.1911353853853854E+01  0.4586794468532891E+00
  0.1911754254254254E+01  0.4578738369264300E+00
  0.1912154654654655E+01  0.4552173838515568E+00
  0.1912555055055055E+01  0.4529943371111919E+00
  0.1912955455455456E+01  0.4534899301054777E+00
  0.1913355855855856E+01  0.4539855230997634E+00
  0.1913756256256256E+01  0.4537667638416265E+00
  0.1914156656656657E+01  0.4531461814415024E+00
  0.1914557057057057E+01  0.4528653130844196E+00
  0.1914957457457457E+01  0.4546286888810770E+00
  0.1915357857857858E+01  0.4563920646777344E+00
  0.1915758258258258E+01  0.4578136352259174E+00
  0.1916158658658659E+01  0.4590470804047859E+00
  0.1916559059059059E+01  0.4599050190087246E+00
  0.1916959459459459E+01  0.4585926568999357E+00
  0.1917359859859860E+01  0.4572802947911460E+00
  0.1917760260260260E+01  0.4563454333128652E+00
  0.1918160660660661E+01  0.4556138414048577E+00
  0.1918561061061061E+01  0.4552994457104053E+00
  0.1918961461461461E+01  0.4573035666781726E+00
  0.1919361861861862E+01  0.4593076876459410E+00
  0.1919762262262262E+01  0.4583866473939259E+00
  0.1920162662662663E+01  0.4559248733696610E+00
  0.1920563063063063E+01  0.4545698817443491E+00
  0.1920963463463464E+01  0.4591352975547061E+00
  0.1921363863863864E+01  0.4637007133650630E+00
  0.1921764264264264E+01  0.4638624342083090E+00
  0.1922164664664665E+01  0.4617555849169844E+00
  0.1922565065065065E+01  0.4600724001024624E+00
  0.1922965465465466E+01  0.4605727168222367E+00
  0.1923365865865866E+01  0.4610730335420111E+00
  0.1923766266266266E+01  0.4613594819689588E+00
  0.1924166666666667E+01  0.4615381922333547E+00
  0.1924567067067067E+01  0.4620444284682695E+00
  0.1924967467467467E+01  0.4641785176611374E+00
  0.1925367867867868E+01  0.4663126068540052E+00
  0.1925768268268268E+01  0.4663501140747986E+00
  0.1926168668668669E+01  0.4653549764436741E+00
  0.1926569069069069E+01  0.4648315912318293E+00
  0.1926969469469469E+01  0.4665712502342109E+00
  0.1927369869869870E+01  0.4683109092365934E+00
  0.1927770270270270E+01  0.4692549324989799E+00
  0.1928170670670671E+01  0.4698158718865546E+00
  0.1928571071071071E+01  0.4706377854876531E+00
  0.1928971471471471E+01  0.4726690021345183E+00
  0.1929371871871872E+01  0.4747002187813847E+00
  0.1929772272272272E+01  0.4736011180725656E+00
  0.1930172672672673E+01  0.4710289268434260E+00
  0.1930573073073073E+01  0.4695135200797281E+00
  0.1930973473473474E+01  0.4727319286612295E+00
  0.1931373873873874E+01  0.4759503372427310E+00
  0.1931774274274274E+01  0.4732336133699622E+00
  0.1932174674674675E+01  0.4677875950109246E+00
  0.1932575075075075E+01  0.4644670521744964E+00
  0.1932975475475476E+01  0.4703569032693873E+00
  0.1933375875875876E+01  0.4762467543642781E+00
  0.1933776276276276E+01  0.4783688351982812E+00
  0.1934176676676677E+01  0.4787981496831895E+00
  0.1934577077077077E+01  0.4783511973065506E+00
  0.1934977477477478E+01  0.4742284761470570E+00
  0.1935377877877878E+01  0.4701057549875635E+00
  0.1935778278278278E+01  0.4708167162986346E+00
  0.1936178678678679E+01  0.4736489339457077E+00
  0.1936579079079079E+01  0.4753922907003391E+00
  0.1936979479479479E+01  0.4727112886388417E+00
  0.1937379879879880E+01  0.4700302865773428E+00
  0.1937780280280280E+01  0.4719108159347766E+00
  0.1938180680680681E+01  0.4757462873288921E+00
  0.1938581081081081E+01  0.4785614410429750E+00
  0.1938981481481481E+01  0.4773583066097762E+00
  0.1939381881881882E+01  0.4761551721765768E+00
  0.1939782282282282E+01  0.4746511626413649E+00
  0.1940182682682683E+01  0.4730212550138213E+00
  0.1940583083083083E+01  0.4720284175618238E+00
  0.1940983483483484E+01  0.4734687276477491E+00
  0.1941383883883884E+01  0.4749090377336744E+00
  0.1941784284284284E+01  0.4734576981874210E+00
  0.1942184684684685E+01  0.4708252623125317E+00
  0.1942585085085085E+01  0.4697393357452673E+00
  0.1942985485485486E+01  0.4743845907297750E+00
  0.1943385885885886E+01  0.4790298457142828E+00
  0.1943786286286286E+01  0.4791116898003376E+00
  0.1944186686686687E+01  0.4773745519198774E+00
  0.1944587087087087E+01  0.4765247088785217E+00
  0.1944987487487488E+01  0.4788670874996823E+00
  0.1945387887887888E+01  0.4812094661208430E+00
  0.1945788288288288E+01  0.4806568606359309E+00
  0.1946188688688689E+01  0.4789784279986579E+00
  0.1946589089089089E+01  0.4773625045191022E+00
  0.1946989489489490E+01  0.4759650119165124E+00
  0.1947389889889890E+01  0.4745675193139235E+00
  0.1947790290290290E+01  0.4756127453839942E+00
  0.1948190690690691E+01  0.4775845199161066E+00
  0.1948591091091091E+01  0.4788528791253874E+00
  0.1948991491491491E+01  0.4777327181725284E+00
  0.1949391891891892E+01  0.4766125572196688E+00
  0.1949792292292292E+01  0.4749927021368536E+00
  0.1950192692692693E+01  0.4731880286772054E+00
  0.1950593093093093E+01  0.4726549267972117E+00
  0.1950993493493494E+01  0.4763193784113342E+00
  0.1951393893893894E+01  0.4799838300254568E+00
  0.1951794294294294E+01  0.4789357799478818E+00
  0.1952194694694695E+01  0.4761886646345255E+00
  0.1952595095095095E+01  0.4731590363074813E+00
  0.1952995495495496E+01  0.4692223925154483E+00
  0.1953395895895896E+01  0.4652857487234155E+00
  0.1953796296296296E+01  0.4659169929165843E+00
  0.1954196696696697E+01  0.4681531707261741E+00
  0.1954597097097097E+01  0.4687564236549319E+00
  0.1954997497497498E+01  0.4642588906157429E+00
  0.1955397897897898E+01  0.4597613575765538E+00
  0.1955798298298298E+01  0.4567109157665377E+00
  0.1956198698698699E+01  0.4541557870618110E+00
  0.1956599099099099E+01  0.4509025187586296E+00
  0.1956999499499500E+01  0.4455266239995408E+00
  0.1957399899899900E+01  0.4401507292404550E+00
  0.1957800300300300E+01  0.4331697913006178E+00
  0.1958200700700701E+01  0.4256538389671977E+00
  0.1958601101101101E+01  0.4189367910224083E+00
  0.1959001501501502E+01  0.4145848164657385E+00
  0.1959401901901902E+01  0.4102328419090712E+00
  0.1959802302302302E+01  0.4024066859714512E+00
  0.1960202702702703E+01  0.3934531466718012E+00
  0.1960603103103103E+01  0.3853866877687466E+00
  0.1961003503503504E+01  0.3798781208830700E+00
  0.1961403903903904E+01  0.3743695539973934E+00
  0.1961804304304304E+01  0.3686541570753913E+00
  0.1962204704704705E+01  0.3628734454050758E+00
  0.1962605105105105E+01  0.3561005343648972E+00
  0.1963005505505506E+01  0.3465400155713134E+00
  0.1963405905905906E+01  0.3369794967777298E+00
  0.1963806306306306E+01  0.3273945978318558E+00
  0.1964206706706707E+01  0.3178022095581612E+00
  0.1964607107107107E+01  0.3082812830768176E+00
  0.1965007507507508E+01  0.2989560416904162E+00
  0.1965407907907908E+01  0.2896308003040149E+00
  0.1965808308308308E+01  0.2813972563127821E+00
  0.1966208708708709E+01  0.2734898037512811E+00
  0.1966609109109109E+01  0.2648356163960285E+00
  0.1967009509509510E+01  0.2541878526647940E+00
  0.1967409909909910E+01  0.2435400889335654E+00
  0.1967810310310310E+01  0.2355560614952937E+00
  0.1968210710710711E+01  0.2283453768517503E+00
  0.1968611111111111E+01  0.2205679911332397E+00
  0.1969011511511512E+01  0.2113151404537746E+00
  0.1969411911911912E+01  0.2020622897743147E+00
  0.1969812312312312E+01  0.1939962193632592E+00
  0.1970212712712713E+01  0.1862648818484157E+00
  0.1970613113113113E+01  0.1787133099656043E+00
  0.1971013513513514E+01  0.1716183109712155E+00
  0.1971413913913914E+01  0.1645233119768268E+00
  0.1971814314314314E+01  0.1578129048416661E+00
  0.1972214714714715E+01  0.1512078317825997E+00
  0.1972615115115115E+01  0.1449960330229689E+00
  0.1973015515515516E+01  0.1397588705706452E+00
  0.1973415915915916E+01  0.1345217081183215E+00
  0.1973816316316316E+01  0.1287008604530586E+00
  0.1974216716716717E+01  0.1227248559590439E+00
  0.1974617117117117E+01  0.1171184431559998E+00
  0.1975017517517518E+01  0.1124059999986351E+00
  0.1975417917917918E+01  0.1076935568412704E+00
  0.1975818318318318E+01  0.1045768642711526E+00
  0.1976218718718719E+01  0.1018716545568683E+00
  0.1976619119119119E+01  0.9851478199141643E-01
  0.1977019519519520E+01  0.9361910891186241E-01
  0.1977419919919920E+01  0.8872343583231113E-01
  0.1977820320320320E+01  0.8571514004060790E-01
  0.1978220720720721E+01  0.8317868857086604E-01
  0.1978621121121121E+01  0.8044190069718681E-01
  0.1979021521521522E+01  0.7724318012351838E-01
  0.1979421921921922E+01  0.7404445954985175E-01
  0.1979822322322322E+01  0.7117724918346308E-01
  0.1980222722722723E+01  0.6839034253187928E-01
  0.1980623123123123E+01  0.6563654050739112E-01
  0.1981023523523524E+01  0.6295729117969186E-01
  0.1981423923923924E+01  0.6027804185199261E-01
  0.1981824324324324E+01  0.5785066232497223E-01
  0.1982224724724725E+01  0.5548236336848150E-01
  0.1982625125125125E+01  0.5300055045920656E-01
  0.1983025525525526E+01  0.5026900685381114E-01
  0.1983425925925926E+01  0.4753746324841572E-01
  0.1983826326326326E+01  0.4564846390361331E-01
  0.1984226726726727E+01  0.4395071693698365E-01
  0.1984627127127127E+01  0.4212520155357896E-01
  0.1985027527527528E+01  0.4002503437663471E-01
  0.1985427927927928E+01  0.3792486719969048E-01
  0.1985828328328328E+01  0.3592043866613520E-01
  0.1986228728728729E+01  0.3393702593234962E-01
  0.1986629129129129E+01  0.3197874975641145E-01
  0.1987029529529530E+01  0.3007327983765544E-01
  0.1987429929929930E+01  0.2816780991890050E-01
  0.1987830330330330E+01  0.2702080107035668E-01
  0.1988230730730731E+01  0.2603467790337260E-01
  0.1988631131131131E+01  0.2485281017048920E-01
  0.1989031531531532E+01  0.2326899367251421E-01
  0.1989431931931932E+01  0.2168517717454010E-01
  0.1989832332332332E+01  0.2075433703470188E-01
  0.1990232732732733E+01  0.1995723904050544E-01
  0.1990633133133133E+01  0.1905745301492520E-01
  0.1991033533533534E+01  0.1795151883611547E-01
  0.1991433933933934E+01  0.1684558465730574E-01
  0.1991834334334334E+01  0.1597647285601696E-01
  0.1992234734734735E+01  0.1515415829100433E-01
  0.1992635135135135E+01  0.1435302375076992E-01
  0.1993035535535536E+01  0.1359346481472882E-01
  0.1993435935935936E+01  0.1283390587868730E-01
  0.1993836336336337E+01  0.1215479838961818E-01
  0.1994236736736737E+01  0.1149101498568654E-01
  0.1994637137137137E+01  0.1086784607554302E-01
  0.1995037537537538E+01  0.1032264513522623E-01
  0.1995437937937938E+01  0.9777444194909442E-02
  0.1995838338338338E+01  0.9192409529610051E-02
  0.1996238738738739E+01  0.8600068086355644E-02
  0.1996639139139139E+01  0.8123227394077510E-02
  0.1997039539539540E+01  0.7863262212624973E-02
  0.1997439939939940E+01  0.7603297031172580E-02
  0.1997840340340340E+01  0.7151555596228186E-02
  0.1998240740740741E+01  0.6665971293020542E-02
  0.1998641141141141E+01  0.6257995503090451E-02
  0.1999041541541542E+01  0.5992577194996213E-02
  0.1999441941941942E+01  0.5727158886902122E-02
  0.1999842342342342E+01  0.5450484176954484E-02
  0.2000242742742743E+01  0.5171900486575390E-02
  0.2000643143143143E+01  0.4920326396244402E-02
  0.2001043543543544E+01  0.4717294034670924E-02
  0.2001443943943944E+01  0.4514261673097446E-02
  0.2001844344344344E+01  0.4272621681827700E-02
  0.2002244744744745E+01  0.4024696727584140E-02
  0.2002645145145145E+01  0.3804990204869195E-02
  0.2003045545545546E+01  0.3634909199669929E-02
  0.2003445945945946E+01  0.3464828194470850E-02
  0.2003846346346347E+01  0.3315779294987524E-02
  0.2004246746746747E+01  0.3170012862870213E-02
  0.2004647147147147E+01  0.3026061322454062E-02
  0.2005047547547548E+01  0.2885233371156236E-02
  0.2005447947947948E+01  0.2744405419858409E-02
  0.2005848348348348E+01  0.2612160818881206E-02
  0.2006248748748749E+01  0.2481198787492146E-02
  0.2006649149149149E+01  0.2361647379322591E-02
  0.2007049549549550E+01  0.2261317893489579E-02
  0.2007449949949950E+01  0.2160988407656566E-02
  0.2007850350350350E+01  0.2058578545944893E-02
  0.2008250750750751E+01  0.1955871487679125E-02
  0.2008651151151151E+01  0.1868883480953455E-02
  0.2009051551551551E+01  0.1807816294317134E-02
  0.2009451951951952E+01  0.1746749107680746E-02
  0.2009852352352353E+01  0.1665006848258726E-02
  0.2010252752752753E+01  0.1580445260729581E-02
  0.2010653153153153E+01  0.1507700076975980E-02
  0.2011053553553554E+01  0.1454031048337104E-02
  0.2011453953953954E+01  0.1400362019698227E-02
  0.2011854354354354E+01  0.1344326973405992E-02
  0.2012254754754755E+01  0.1287984478492135E-02
  0.2012655155155155E+01  0.1232601992924172E-02
  0.2013055555555556E+01  0.1178736941483534E-02
  0.2013455955955956E+01  0.1124871890042957E-02
  0.2013856356356357E+01  0.1081914060027841E-02
  0.2014256756756757E+01  0.1040304313559687E-02
  0.2014657157157157E+01  0.9965104169857286E-03
  0.2015057557557558E+01  0.9493359568722179E-03
  0.2015457957957958E+01  0.9021614967587070E-03
  0.2015858358358359E+01  0.8805454644299720E-03
  0.2016258758758759E+01  0.8619279068693198E-03
  0.2016659159159159E+01  0.8384937776758295E-03
  0.2017059559559560E+01  0.8077590587747927E-03
  0.2017459959959960E+01  0.7770243398737557E-03
  0.2017860360360360E+01  0.7437645022422624E-03
  0.2018260760760761E+01  0.7102240958629406E-03
  0.2018661161161161E+01  0.6791531780890761E-03
  0.2019061561561561E+01  0.6517481471270382E-03
  0.2019461961961962E+01  0.6243431161649698E-03
  0.2019862362362363E+01  0.6074047320219949E-03
  0.2020262762762763E+01  0.5915650566611175E-03
  0.2020663163163163E+01  0.5727649826170162E-03
  0.2021063563563564E+01  0.5496605252114169E-03
  0.2021463963963964E+01  0.5265560678058176E-03
  0.2021864364364364E+01  0.5102651587223289E-03
  0.2022264764764765E+01  0.4946481170553135E-03
  0.2022665165165165E+01  0.4791995826378618E-03
  0.2023065565565566E+01  0.4639910433940145E-03
  0.2023465965965966E+01  0.4487825041501841E-03
  0.2023866366366367E+01  0.4349950538993374E-03
  0.2024266766766767E+01  0.4213396173800780E-03
  0.2024667167167167E+01  0.4061547550595945E-03
  0.2025067567567568E+01  0.3888360232080595E-03
  0.2025467967967968E+01  0.3715172913565245E-03
  0.2025868368368369E+01  0.3625040406754854E-03
  0.2026268768768769E+01  0.3542130057484157E-03
  0.2026669169169169E+01  0.3444779051383289E-03
  0.2027069569569570E+01  0.3327689632692124E-03
  0.2027469969969970E+01  0.3210600214000959E-03
  0.2027870370370370E+01  0.3130908039514320E-03
  0.2028270770770771E+01  0.3054248074017211E-03
  0.2028671171171171E+01  0.2975339738952458E-03
  0.2029071571571571E+01  0.2893420429437465E-03
  0.2029471971971972E+01  0.2811501119922382E-03
  0.2029872372372373E+01  0.2741836144108202E-03
  0.2030272772772773E+01  0.2673093537497302E-03
  0.2030673173173173E+01  0.2590889808308672E-03
  0.2031073573573574E+01  0.2491023218859123E-03
  0.2031473973973974E+01  0.2391156629409574E-03
  0.2031874374374374E+01  0.2361580116594906E-03
  0.2032274774774775E+01  0.2336890079696000E-03
  0.2032675175175175E+01  0.2286316359728357E-03
  0.2033075575575576E+01  0.2202463618672144E-03
  0.2033475975975976E+01  0.2118610877616023E-03
  0.2033876376376377E+01  0.2064447178841042E-03
  0.2034276776776777E+01  0.2012178525318039E-03
  0.2034677177177177E+01  0.1953118634466041E-03
  0.2035077577577578E+01  0.1885502551950966E-03
  0.2035477977977978E+01  0.1817886469435891E-03
  0.2035878378378379E+01  0.1791956946542608E-03
  0.2036278778778779E+01  0.1768453625532093E-03
  0.2036679179179179E+01  0.1726106481155953E-03
  0.2037079579579580E+01  0.1660494057652430E-03
  0.2037479979979980E+01  0.1594881634148906E-03
  0.2037880380380380E+01  0.1548693515398754E-03
  0.2038280780780781E+01  0.1503527728477725E-03
  0.2038681181181181E+01  0.1464734736490487E-03
  0.2039081581581581E+01  0.1433652474285017E-03
  0.2039481981981982E+01  0.1402570212079513E-03
  0.2039882382382383E+01  0.1394144622702479E-03
  0.2040282782782783E+01  0.1386786625238800E-03
  0.2040683183183183E+01  0.1369564355053556E-03
  0.2041083583583584E+01  0.1340645105739454E-03
  0.2041483983983984E+01  0.1311725856425353E-03
  0.2041884384384384E+01  0.1272595923588841E-03
  0.2042284784784785E+01  0.1233040545605560E-03
  0.2042685185185185E+01  0.1197599441066873E-03
  0.2043085585585586E+01  0.1166939789450252E-03
  0.2043485985985986E+01  0.1136280137833666E-03
  0.2043886386386387E+01  0.1120071361505253E-03
  0.2044286786786787E+01  0.1104386710187281E-03
  0.2044687187187187E+01  0.1070762923895227E-03
  0.2045087587587588E+01  0.1016705791349245E-03
  0.2045487987987988E+01  0.9626486588032635E-04
  0.2045888388388389E+01  0.9347228968749471E-04
  0.2046288788788789E+01  0.9076053216668067E-04
  0.2046689189189189E+01  0.8833874292089525E-04
  0.2047089589589590E+01  0.8624067487104037E-04
  0.2047489989989990E+01  0.8414260682118550E-04
  0.2047890390390390E+01  0.8387087487985454E-04
  0.2048290790790791E+01  0.8364597206951026E-04
  0.2048691191191191E+01  0.8110167397133775E-04
  0.2049091591591591E+01  0.7601939883045724E-04
  0.2049491991991992E+01  0.7093712368957108E-04
  0.2049892392392393E+01  0.7118165340606846E-04
  0.2050292792792793E+01  0.7153489342577504E-04
  0.2050693193193193E+01  0.7118027662440811E-04
  0.2051093593593594E+01  0.7006645587505165E-04
  0.2051493993993994E+01  0.6895263512569519E-04
  0.2051894394394394E+01  0.6523438750844293E-04
  0.2052294794794795E+01  0.6147647856833023E-04
  0.2052695195195195E+01  0.5860588843071621E-04
  0.2053095595595596E+01  0.5666812062393503E-04
  0.2053495995995996E+01  0.5473035281715598E-04
  0.2053896396396397E+01  0.5633018513958109E-04
  0.2054296796796797E+01  0.5796575079664377E-04
  0.2054697197197197E+01  0.5809668059518157E-04
  0.2055097597597598E+01  0.5667714806234707E-04
  0.2055497997997998E+01  0.5525761552951257E-04
  0.2055898398398399E+01  0.5383808299667650E-04
  0.2056298798798799E+01  0.5241855046384199E-04
  0.2056699199199199E+01  0.5140962071366086E-04
  0.2057099599599600E+01  0.5081542040726520E-04
  0.2057900400400400E+01  0.0000000000000000E+00
