  1000 NIRCAM_F405N        
  0.3964513041000000E+01  0.4147111883842843E+01  0.2850388921477451E+02  0.3057779024431007E+01  0.7403889214774509E+01  0.3966836622782511E-11  0.2172142885960257E+03  0.4051557459995180E+01  0.2218533947993715E-16  0.4051654362009836E+01
  0.4051741123026259E+01  0.4051625446292723E+01  0.4051683277933314E+01  0.4051474662105026E+01  0.4047478612227325E+01  0.1735530193278820E+00  0.4600031231626911E-01  0.4549654380283231E-01  0.4028400380085587E+01  0.4074400692401856E+01
  0.1923618236419976E+00  0.4549654380283230E+00  0.4747769165533564E-02  0.4569705277227025E-17  0.1003433439451105E-19  0.2539999961853027E+06  0.2149238936069990E+02  0.2455016991100982E+02  0.2889627857547440E+02
  0.3964513041000000E+01  0.0000000000000000E+00
  0.3964695639842843E+01  0.5187760746772965E-04
  0.3964878238685686E+01  0.5372158442494924E-04
  0.3965060837528529E+01  0.5556556138217333E-04
  0.3965243436371372E+01  0.5740953833939742E-04
  0.3965426035214214E+01  0.5925351529661701E-04
  0.3965608634057057E+01  0.6109749225384110E-04
  0.3965791232899900E+01  0.6294146921106519E-04
  0.3965973831742743E+01  0.6487720205902082E-04
  0.3966156430585586E+01  0.6687410628661182E-04
  0.3966339029428429E+01  0.6887101051420280E-04
  0.3966521628271271E+01  0.7086791474178895E-04
  0.3966704227114114E+01  0.7286481896937993E-04
  0.3966886825956957E+01  0.7486172319697091E-04
  0.3967069424799800E+01  0.7685862742455705E-04
  0.3967252023642643E+01  0.7885334605932053E-04
  0.3967434622485486E+01  0.8083932228509258E-04
  0.3967617221328328E+01  0.8282529851085980E-04
  0.3967799820171171E+01  0.8481127473663184E-04
  0.3967982419014014E+01  0.8679725096239906E-04
  0.3968165017856857E+01  0.8878322718817110E-04
  0.3968347616699700E+01  0.9076920341394314E-04
  0.3968530215542542E+01  0.9275517963971036E-04
  0.3968712814385385E+01  0.9463437420424893E-04
  0.3968895413228228E+01  0.9648687363775048E-04
  0.3969078012071071E+01  0.9833937307124755E-04
  0.3969260610913914E+01  0.1001918725047491E-03
  0.3969443209756757E+01  0.1020443719382506E-03
  0.3969625808599599E+01  0.1038968713717477E-03
  0.3969808407442442E+01  0.1057493708052492E-03
  0.3969991006285285E+01  0.1076035504326137E-03
  0.3970173605128128E+01  0.1094602503652521E-03
  0.3970356203970971E+01  0.1113169502978950E-03
  0.3970538802813814E+01  0.1131736502305379E-03
  0.3970721401656657E+01  0.1150303501631762E-03
  0.3970904000499500E+01  0.1168870500958191E-03
  0.3971086599342343E+01  0.1187437500284620E-03
  0.3971269198185185E+01  0.1206004497982192E-03
  0.3971451797028028E+01  0.1222965434448380E-03
  0.3971634395870871E+01  0.1239926370914568E-03
  0.3971816994713714E+01  0.1256887307380715E-03
  0.3971999593556557E+01  0.1273848243846903E-03
  0.3972182192399400E+01  0.1290809180313091E-03
  0.3972364791242242E+01  0.1307770116779238E-03
  0.3972547390085085E+01  0.1324731053245425E-03
  0.3972729988927928E+01  0.1340820523906800E-03
  0.3972912587770771E+01  0.1356329012356659E-03
  0.3973095186613614E+01  0.1371837500806555E-03
  0.3973277785456457E+01  0.1387345989256451E-03
  0.3973460384299299E+01  0.1402854477706310E-03
  0.3973642983142142E+01  0.1418362966156206E-03
  0.3973825581984985E+01  0.1433871454606065E-03
  0.3974008180827828E+01  0.1449581752255658E-03
  0.3974190779670671E+01  0.1466099285066709E-03
  0.3974373378513513E+01  0.1482616817877720E-03
  0.3974555977356356E+01  0.1499134350688771E-03
  0.3974738576199199E+01  0.1515651883499822E-03
  0.3974921175042042E+01  0.1532169416310833E-03
  0.3975103773884885E+01  0.1548686949121884E-03
  0.3975286372727728E+01  0.1565204481932935E-03
  0.3975468971570570E+01  0.1583270303781251E-03
  0.3975651570413413E+01  0.1601723204562391E-03
  0.3975834169256256E+01  0.1620176105343530E-03
  0.3976016768099099E+01  0.1638629006124625E-03
  0.3976199366941942E+01  0.1657081906905765E-03
  0.3976381965784785E+01  0.1675534807686905E-03
  0.3976564564627628E+01  0.1693987708468000E-03
  0.3976747163470471E+01  0.1713759194508002E-03
  0.3976929762313314E+01  0.1735508561445142E-03
  0.3977112361156156E+01  0.1757257928382230E-03
  0.3977294959998999E+01  0.1779007295319371E-03
  0.3977477558841842E+01  0.1800756662256512E-03
  0.3977660157684685E+01  0.1822506029193600E-03
  0.3977842756527528E+01  0.1844255396130740E-03
  0.3978025355370371E+01  0.1866004770715271E-03
  0.3978207954213213E+01  0.1891524430050264E-03
  0.3978390553056056E+01  0.1917044089385319E-03
  0.3978573151898899E+01  0.1942563748720374E-03
  0.3978755750741742E+01  0.1968083408055367E-03
  0.3978938349584585E+01  0.1993603067390422E-03
  0.3979120948427428E+01  0.2019122726725477E-03
  0.3979303547270270E+01  0.2044642386060470E-03
  0.3979486146113113E+01  0.2071897102048245E-03
  0.3979668744955956E+01  0.2100308527554568E-03
  0.3979851343798799E+01  0.2128719953060821E-03
  0.3980033942641642E+01  0.2157131378567144E-03
  0.3980216541484484E+01  0.2185542804073397E-03
  0.3980399140327327E+01  0.2213954229579720E-03
  0.3980581739170170E+01  0.2242365655086043E-03
  0.3980764338013013E+01  0.2270374327509642E-03
  0.3980946936855856E+01  0.2296772001081719E-03
  0.3981129535698699E+01  0.2323169674653796E-03
  0.3981312134541541E+01  0.2349567348225809E-03
  0.3981494733384384E+01  0.2375965021797887E-03
  0.3981677332227227E+01  0.2402362695369964E-03
  0.3981859931070070E+01  0.2428760368941977E-03
  0.3982042529912913E+01  0.2455158042514054E-03
  0.3982225128755756E+01  0.2480292007804723E-03
  0.3982407727598599E+01  0.2505110042580654E-03
  0.3982590326441442E+01  0.2529928077356645E-03
  0.3982772925284285E+01  0.2554746112132636E-03
  0.3982955524127127E+01  0.2579564146908567E-03
  0.3983138122969970E+01  0.2604382181684559E-03
  0.3983320721812813E+01  0.2629200216460550E-03
  0.3983503320655656E+01  0.2656294467828746E-03
  0.3983685919498499E+01  0.2686803034851589E-03
  0.3983868518341342E+01  0.2717311601874432E-03
  0.3984051117184184E+01  0.2747820168897201E-03
  0.3984233716027027E+01  0.2778328735920044E-03
  0.3984416314869870E+01  0.2808837302942887E-03
  0.3984598913712713E+01  0.2839345869965656E-03
  0.3984781512555556E+01  0.2869854436988499E-03
  0.3984964111398399E+01  0.2907387953028760E-03
  0.3985146710241241E+01  0.2944921486167638E-03
  0.3985329309084084E+01  0.2982455019306607E-03
  0.3985511907926927E+01  0.3019988552445576E-03
  0.3985694506769770E+01  0.3057522085584454E-03
  0.3985877105612613E+01  0.3095055618723423E-03
  0.3986059704455455E+01  0.3132589151862300E-03
  0.3986242303298298E+01  0.3176043556727618E-03
  0.3986424902141141E+01  0.3223445210077687E-03
  0.3986607500983984E+01  0.3270846863427640E-03
  0.3986790099826827E+01  0.3318248516777708E-03
  0.3986972698669670E+01  0.3365650170127777E-03
  0.3987155297512512E+01  0.3413051823477730E-03
  0.3987337896355355E+01  0.3460453476827799E-03
  0.3987520495198198E+01  0.3510486423739645E-03
  0.3987703094041041E+01  0.3571044750380995E-03
  0.3987885692883884E+01  0.3631603077022492E-03
  0.3988068291726727E+01  0.3692161403663990E-03
  0.3988250890569569E+01  0.3752719730305339E-03
  0.3988433489412412E+01  0.3813278056946836E-03
  0.3988616088255255E+01  0.3873836383588333E-03
  0.3988798687098098E+01  0.3934394710229683E-03
  0.3988981285940941E+01  0.4007067295604855E-03
  0.3989163884783784E+01  0.4082768459485054E-03
  0.3989346483626627E+01  0.4158469623365069E-03
  0.3989529082469470E+01  0.4234170787245268E-03
  0.3989711681312313E+01  0.4309871951125468E-03
  0.3989894280155155E+01  0.4385573115005482E-03
  0.3990076878997998E+01  0.4461274278885682E-03
  0.3990259477840841E+01  0.4543460714841649E-03
  0.3990442076683684E+01  0.4635374991495758E-03
  0.3990624675526527E+01  0.4727289268150091E-03
  0.3990807274369370E+01  0.4819203544804423E-03
  0.3990989873212212E+01  0.4911117821458532E-03
  0.3991172472055055E+01  0.5003032098112865E-03
  0.3991355070897898E+01  0.5094946374767197E-03
  0.3991537669740741E+01  0.5186860651421306E-03
  0.3991720268583584E+01  0.5297160942264673E-03
  0.3991902867426426E+01  0.5407461259212820E-03
  0.3992085466269269E+01  0.5517761576161234E-03
  0.3992268065112112E+01  0.5628061893109649E-03
  0.3992450663954955E+01  0.5738362210057797E-03
  0.3992633262797798E+01  0.5848662527006211E-03
  0.3992815861640641E+01  0.5958962843954626E-03
  0.3992998460483483E+01  0.6079964902193672E-03
  0.3993181059326326E+01  0.6208101425684759E-03
  0.3993363658169169E+01  0.6336237949175845E-03
  0.3993546257012012E+01  0.6464374472666619E-03
  0.3993728855854855E+01  0.6592510996157705E-03
  0.3993911454697698E+01  0.6720647519648790E-03
  0.3994094053540540E+01  0.6848784043139565E-03
  0.3994276652383383E+01  0.6979267890457597E-03
  0.3994459251226226E+01  0.7119141156874388E-03
  0.3994641850069069E+01  0.7259014423290838E-03
  0.3994824448911912E+01  0.7398887689707629E-03
  0.3995007047754755E+01  0.7538760956124420E-03
  0.3995189646597598E+01  0.7678634222540869E-03
  0.3995372245440441E+01  0.7818507488957661E-03
  0.3995554844283284E+01  0.7958380755374450E-03
  0.3995737443126126E+01  0.8111299843914185E-03
  0.3995920041968969E+01  0.8267480382196711E-03
  0.3996102640811812E+01  0.8423660920479237E-03
  0.3996285239654655E+01  0.8579841458761384E-03
  0.3996467838497498E+01  0.8736021997043912E-03
  0.3996650437340341E+01  0.8892202535326439E-03
  0.3996833036183183E+01  0.9048383073608584E-03
  0.3997015635026026E+01  0.9213029296188706E-03
  0.3997198233868869E+01  0.9390374193317642E-03
  0.3997380832711712E+01  0.9567719090446147E-03
  0.3997563431554555E+01  0.9745063987575082E-03
  0.3997746030397398E+01  0.9922408884704018E-03
  0.3997928629240240E+01  0.1009975378183252E-02
  0.3998111228083083E+01  0.1027709867896146E-02
  0.3998293826925926E+01  0.1045444357608996E-02
  0.3998476425768769E+01  0.1065931232085436E-02
  0.3998659024611612E+01  0.1086418107678424E-02
  0.3998841623454454E+01  0.1106904983271363E-02
  0.3999024222297297E+01  0.1127391858864351E-02
  0.3999206821140140E+01  0.1147878734457339E-02
  0.3999389419982983E+01  0.1168365610050278E-02
  0.3999572018825826E+01  0.1188852485643266E-02
  0.3999754617668669E+01  0.1211691165131556E-02
  0.3999937216511511E+01  0.1236097700897733E-02
  0.4000119815354354E+01  0.1260504236663969E-02
  0.4000302414197197E+01  0.1284910772430147E-02
  0.4000485013040040E+01  0.1309317308196443E-02
  0.4000667611882883E+01  0.1333723843962620E-02
  0.4000850210725726E+01  0.1358130379728797E-02
  0.4001032809568569E+01  0.1383629171639975E-02
  0.4001215408411412E+01  0.1413497018039251E-02
  0.4001398007254254E+01  0.1443364864438526E-02
  0.4001580606097098E+01  0.1473232710837947E-02
  0.4001763204939940E+01  0.1503100557237222E-02
  0.4001945803782783E+01  0.1532968403636498E-02
  0.4002128402625626E+01  0.1562836250035919E-02
  0.4002311001468469E+01  0.1592704096435194E-02
  0.4002493600311311E+01  0.1628082646459358E-02
  0.4002676199154155E+01  0.1664838861212416E-02
  0.4002858797996997E+01  0.1701595075965295E-02
  0.4003041396839840E+01  0.1738351290718174E-02
  0.4003223995682683E+01  0.1775107505471232E-02
  0.4003406594525526E+01  0.1811863720224111E-02
  0.4003589193368368E+01  0.1848619934976990E-02
  0.4003771792211212E+01  0.1888698313223717E-02
  0.4003954391054054E+01  0.1933759973772283E-02
  0.4004136989896897E+01  0.1978821634320849E-02
  0.4004319588739740E+01  0.2023883294869634E-02
  0.4004502187582583E+01  0.2068944955418199E-02
  0.4004684786425425E+01  0.2114006615966765E-02
  0.4004867385268269E+01  0.2159068276515551E-02
  0.4005049984111111E+01  0.2204129944178218E-02
  0.4005232582953954E+01  0.2260882845038995E-02
  0.4005415181796797E+01  0.2317635745900049E-02
  0.4005597780639640E+01  0.2374388646760826E-02
  0.4005780379482482E+01  0.2431141547621603E-02
  0.4005962978325326E+01  0.2487894448482656E-02
  0.4006145577168168E+01  0.2544647349343433E-02
  0.4006328176011011E+01  0.2601400250204210E-02
  0.4006510774853854E+01  0.2667141346798216E-02
  0.4006693373696697E+01  0.2738874635663662E-02
  0.4006875972539540E+01  0.2810607924529107E-02
  0.4007058571382382E+01  0.2882341213394553E-02
  0.4007241170225226E+01  0.2954074502260347E-02
  0.4007423769068068E+01  0.3025807791125793E-02
  0.4007606367910911E+01  0.3097541079991239E-02
  0.4007788966753754E+01  0.3173193120597446E-02
  0.4007971565596597E+01  0.3264520176113096E-02
  0.4008154164439439E+01  0.3355847231628746E-02
  0.4008336763282283E+01  0.3447174287144840E-02
  0.4008519362125125E+01  0.3538501342660489E-02
  0.4008701960967968E+01  0.3629828398176139E-02
  0.4008884559810811E+01  0.3721155453692233E-02
  0.4009067158653654E+01  0.3812482509207883E-02
  0.4009249757496496E+01  0.3924701581888759E-02
  0.4009432356339340E+01  0.4042143762153073E-02
  0.4009614955182182E+01  0.4159585942416817E-02
  0.4009797554025025E+01  0.4277028122680559E-02
  0.4009980152867868E+01  0.4394470302944872E-02
  0.4010162751710711E+01  0.4511912483208615E-02
  0.4010345350553553E+01  0.4629354663472358E-02
  0.4010527949396397E+01  0.4760824985716205E-02
  0.4010710548239239E+01  0.4913337588506139E-02
  0.4010893147082082E+01  0.5065850191296072E-02
  0.4011075745924925E+01  0.5218362794086748E-02
  0.4011258344767768E+01  0.5370875396876681E-02
  0.4011440943610610E+01  0.5523387999666615E-02
  0.4011623542453454E+01  0.5675900602457290E-02
  0.4011806141296296E+01  0.5828413282457197E-02
  0.4011988740139139E+01  0.6028508156291404E-02
  0.4012171338981982E+01  0.6228603030126584E-02
  0.4012353937824825E+01  0.6428697903960792E-02
  0.4012536536667668E+01  0.6628792777794999E-02
  0.4012719135510511E+01  0.6828887651630179E-02
  0.4012901734353354E+01  0.7028982525464387E-02
  0.4013084333196196E+01  0.7229077399298595E-02
  0.4013266932039040E+01  0.7468778832166353E-02
  0.4013449530881882E+01  0.7734884798391911E-02
  0.4013632129724725E+01  0.8000990764617470E-02
  0.4013814728567568E+01  0.8267096730844321E-02
  0.4013997327410411E+01  0.8533202697069879E-02
  0.4014179926253253E+01  0.8799308663295438E-02
  0.4014362525096097E+01  0.9065414629522289E-02
  0.4014545123938939E+01  0.9350389294106106E-02
  0.4014727722781782E+01  0.9710838311998446E-02
  0.4014910321624625E+01  0.1007128732989254E-01
  0.4015092920467468E+01  0.1043173634778488E-01
  0.4015275519310310E+01  0.1079218536567722E-01
  0.4015458118153154E+01  0.1115263438357131E-01
  0.4015640716995996E+01  0.1151308340146365E-01
  0.4015823315838839E+01  0.1187353241935598E-01
  0.4016005914681682E+01  0.1234429478973048E-01
  0.4016188513524525E+01  0.1284263586881205E-01
  0.4016371112367367E+01  0.1334097694789363E-01
  0.4016553711210211E+01  0.1383931802697762E-01
  0.4016736310053053E+01  0.1433765910605920E-01
  0.4016918908895896E+01  0.1483600018514077E-01
  0.4017101507738739E+01  0.1533434126422477E-01
  0.4017284106581582E+01  0.1591248102015062E-01
  0.4017466705424424E+01  0.1661031866994809E-01
  0.4017649304267268E+01  0.1730815631974894E-01
  0.4017831903110110E+01  0.1800599396954641E-01
  0.4018014501952953E+01  0.1870383161934387E-01
  0.4018197100795796E+01  0.1940166926914472E-01
  0.4018379699638639E+01  0.2009950691894218E-01
  0.4018562298481481E+01  0.2079734456873964E-01
  0.4018744897324325E+01  0.2178717709868487E-01
  0.4018927496167167E+01  0.2277701045779370E-01
  0.4019110095010010E+01  0.2376684381690254E-01
  0.4019292693852853E+01  0.2475667717601137E-01
  0.4019475292695696E+01  0.2574651053512502E-01
  0.4019657891538539E+01  0.2673634389423386E-01
  0.4019840490381381E+01  0.2772617725334269E-01
  0.4020023089224225E+01  0.2897608960869801E-01
  0.4020205688067067E+01  0.3039938828391854E-01
  0.4020388286909910E+01  0.3182268695913907E-01
  0.4020570885752753E+01  0.3324598563436652E-01
  0.4020753484595596E+01  0.3466928430958706E-01
  0.4020936083438438E+01  0.3609258298480759E-01
  0.4021118682281282E+01  0.3751588166003504E-01
  0.4021301281124124E+01  0.3906381248779082E-01
  0.4021483879966967E+01  0.4111026585867152E-01
  0.4021666478809810E+01  0.4315671922956220E-01
  0.4021849077652653E+01  0.4520317260044290E-01
  0.4022031676495495E+01  0.4724962597132362E-01
  0.4022214275338339E+01  0.4929607934221428E-01
  0.4022396874181181E+01  0.5134253271309500E-01
  0.4022579473024024E+01  0.5338898608397570E-01
  0.4022762071866867E+01  0.5614901675332973E-01
  0.4022944670709710E+01  0.5908744301373284E-01
  0.4023127269552552E+01  0.6202586927413593E-01
  0.4023309868395396E+01  0.6496429553455332E-01
  0.4023492467238238E+01  0.6790272179495643E-01
  0.4023675066081081E+01  0.7084114805535953E-01
  0.4023857664923924E+01  0.7377957431577693E-01
  0.4024040263766767E+01  0.7719862647204198E-01
  0.4024222862609609E+01  0.8133861369449301E-01
  0.4024405461452453E+01  0.8547860091696417E-01
  0.4024588060295295E+01  0.8961858813941520E-01
  0.4024770659138138E+01  0.9375857536186623E-01
  0.4024953257980981E+01  0.9789856258433739E-01
  0.4025135856823824E+01  0.1020385498067884E+00
  0.4025318455666667E+01  0.1061785370292394E+00
  0.4025501054509510E+01  0.1116805701876806E+00
  0.4025683653352353E+01  0.1171826058325083E+00
  0.4025866252195195E+01  0.1226846414773359E+00
  0.4026048851038039E+01  0.1281866771221903E+00
  0.4026231449880881E+01  0.1336887127670179E+00
  0.4026414048723724E+01  0.1391907484118456E+00
  0.4026596647566567E+01  0.1446927840567000E+00
  0.4026779246409410E+01  0.1508984611355333E+00
  0.4026961845252252E+01  0.1575732313936443E+00
  0.4027144444095096E+01  0.1642480016517878E+00
  0.4027327042937938E+01  0.1709227719098989E+00
  0.4027509641780781E+01  0.1775975421680099E+00
  0.4027692240623624E+01  0.1842723124261534E+00
  0.4027874839466467E+01  0.1909470826842644E+00
  0.4028057438309309E+01  0.1977416555888203E+00
  0.4028240037152153E+01  0.2050154466122610E+00
  0.4028422635994995E+01  0.2122892376356663E+00
  0.4028605234837838E+01  0.2195630286590716E+00
  0.4028787833680681E+01  0.2268368196825122E+00
  0.4028970432523524E+01  0.2341106107059175E+00
  0.4029153031366366E+01  0.2413844017293228E+00
  0.4029335630209210E+01  0.2486581927527635E+00
  0.4029518229052052E+01  0.2556632028464169E+00
  0.4029700827894895E+01  0.2626010176565224E+00
  0.4029883426737738E+01  0.2695388324666617E+00
  0.4030066025580581E+01  0.2764766472767672E+00
  0.4030248624423423E+01  0.2834144620868727E+00
  0.4030431223266267E+01  0.2903522768970120E+00
  0.4030613822109109E+01  0.2972900917071175E+00
  0.4030796420951952E+01  0.3037054662960964E+00
  0.4030979019794795E+01  0.3093371700889956E+00
  0.4031161618637638E+01  0.3149688738818673E+00
  0.4031344217480481E+01  0.3206005776747392E+00
  0.4031526816323323E+01  0.3262322814676109E+00
  0.4031709415166167E+01  0.3318639852605101E+00
  0.4031892014009009E+01  0.3374956890533819E+00
  0.4032074612851852E+01  0.3431273928462537E+00
  0.4032257211694695E+01  0.3468475963452348E+00
  0.4032439810537538E+01  0.3505677982933366E+00
  0.4032622409380380E+01  0.3542880002414385E+00
  0.4032805008223224E+01  0.3580082021895583E+00
  0.4032987607066066E+01  0.3617284041376601E+00
  0.4033170205908909E+01  0.3654486060857619E+00
  0.4033352804751752E+01  0.3691688080338819E+00
  0.4033535403594595E+01  0.3717341891658691E+00
  0.4033718002437437E+01  0.3735296948288770E+00
  0.4033900601280281E+01  0.3753252004918937E+00
  0.4034083200123123E+01  0.3771207061549016E+00
  0.4034265798965966E+01  0.3789162118179095E+00
  0.4034448397808809E+01  0.3807117174809262E+00
  0.4034630996651652E+01  0.3825072231439341E+00
  0.4034813595494494E+01  0.3840026270224970E+00
  0.4034996194337338E+01  0.3842976125021479E+00
  0.4035178793180180E+01  0.3845925979817975E+00
  0.4035361392023023E+01  0.3848875834614471E+00
  0.4035543990865866E+01  0.3851825689410980E+00
  0.4035726589708709E+01  0.3854775544207475E+00
  0.4035909188551551E+01  0.3857725399003971E+00
  0.4036091787394395E+01  0.3860675253800481E+00
  0.4036274386237237E+01  0.3858323903089783E+00
  0.4036456985080080E+01  0.3854647258394689E+00
  0.4036639583922923E+01  0.3850970613699577E+00
  0.4036822182765766E+01  0.3847293969004484E+00
  0.4037004781608609E+01  0.3843617324309390E+00
  0.4037187380451452E+01  0.3839940679614278E+00
  0.4037369979294295E+01  0.3836264034919184E+00
  0.4037552578137137E+01  0.3832308783511541E+00
  0.4037735176979981E+01  0.3827935618220572E+00
  0.4037917775822823E+01  0.3823562452929624E+00
  0.4038100374665666E+01  0.3819189287638676E+00
  0.4038282973508509E+01  0.3814816122347707E+00
  0.4038465572351352E+01  0.3810442957056759E+00
  0.4038648171194194E+01  0.3806069791765811E+00
  0.4038830770037038E+01  0.3801696626881622E+00
  0.4039013368879880E+01  0.3799328905338480E+00
  0.4039195967722723E+01  0.3796961183795338E+00
  0.4039378566565566E+01  0.3794593462252185E+00
  0.4039561165408409E+01  0.3792225740709043E+00
  0.4039743764251251E+01  0.3789858019165902E+00
  0.4039926363094095E+01  0.3787490297622749E+00
  0.4040108961936937E+01  0.3785122576079608E+00
  0.4040291560779780E+01  0.3784798937868720E+00
  0.4040474159622623E+01  0.3785838038233358E+00
  0.4040656758465466E+01  0.3786877138597992E+00
  0.4040839357308308E+01  0.3787916238962625E+00
  0.4041021956151152E+01  0.3788955339327263E+00
  0.4041204554993994E+01  0.3789994439691897E+00
  0.4041387153836837E+01  0.3791033540056530E+00
  0.4041569752679680E+01  0.3792819107708148E+00
  0.4041752351522523E+01  0.3797590553592113E+00
  0.4041934950365365E+01  0.3802361999476078E+00
  0.4042117549208209E+01  0.3807133445360066E+00
  0.4042300148051051E+01  0.3811904891244031E+00
  0.4042482746893894E+01  0.3816676337127995E+00
  0.4042665345736737E+01  0.3821447783011984E+00
  0.4042847944579580E+01  0.3826219228895949E+00
  0.4043030543422423E+01  0.3833716368685420E+00
  0.4043213142265266E+01  0.3841894947155025E+00
  0.4043395741108109E+01  0.3850073525624591E+00
  0.4043578339950951E+01  0.3858252104094158E+00
  0.4043760938793794E+01  0.3866430682563723E+00
  0.4043943537636637E+01  0.3874609261033329E+00
  0.4044126136479480E+01  0.3882787839502895E+00
  0.4044308735322322E+01  0.3891952317877098E+00
  0.4044491334165166E+01  0.3902595653357355E+00
  0.4044673933008008E+01  0.3913238988837560E+00
  0.4044856531850851E+01  0.3923882324317765E+00
  0.4045039130693694E+01  0.3934525659798022E+00
  0.4045221729536537E+01  0.3945168995278227E+00
  0.4045404328379379E+01  0.3955812330758431E+00
  0.4045586927222223E+01  0.3966455667008578E+00
  0.4045769526065065E+01  0.3977731614110541E+00
  0.4045952124907908E+01  0.3989007561212503E+00
  0.4046134723750751E+01  0.4000283508314521E+00
  0.4046317322593594E+01  0.4011559455416484E+00
  0.4046499921436436E+01  0.4022835402518445E+00
  0.4046682520279280E+01  0.4034111349620462E+00
  0.4046865119122122E+01  0.4045387296722425E+00
  0.4047047717964965E+01  0.4056049918664066E+00
  0.4047230316807808E+01  0.4066303653986362E+00
  0.4047412915650651E+01  0.4076557389308608E+00
  0.4047595514493493E+01  0.4086811124630854E+00
  0.4047778113336337E+01  0.4097064859953150E+00
  0.4047960712179179E+01  0.4107318595275395E+00
  0.4048143311022022E+01  0.4117572330597642E+00
  0.4048325909864865E+01  0.4127367735684990E+00
  0.4048508508707708E+01  0.4135329825875216E+00
  0.4048691107550551E+01  0.4143291916065442E+00
  0.4048873706393394E+01  0.4151254006255707E+00
  0.4049056305236236E+01  0.4159216096445932E+00
  0.4049238904079079E+01  0.4167178186636159E+00
  0.4049421502921922E+01  0.4175140276826423E+00
  0.4049604101764765E+01  0.4183102367016650E+00
  0.4049786700607608E+01  0.4188474780248548E+00
  0.4049969299450451E+01  0.4193199763899575E+00
  0.4050151898293294E+01  0.4197924747550581E+00
  0.4050334497136136E+01  0.4202649731201585E+00
  0.4050517095978980E+01  0.4207374714852613E+00
  0.4050699694821822E+01  0.4212099698503617E+00
  0.4050882293664665E+01  0.4216824682154622E+00
  0.4051064892507508E+01  0.4220113396136069E+00
  0.4051247491350351E+01  0.4221247704156534E+00
  0.4051430090193193E+01  0.4222382012176999E+00
  0.4051612689036037E+01  0.4223516320197470E+00
  0.4051795287878879E+01  0.4224650628217935E+00
  0.4051977886721722E+01  0.4225784936238400E+00
  0.4052160485564565E+01  0.4226919244258871E+00
  0.4052343084407408E+01  0.4228053552279336E+00
  0.4052525683250250E+01  0.4225718061665307E+00
  0.4052708282093094E+01  0.4223382559790604E+00
  0.4052890880935936E+01  0.4221047057915912E+00
  0.4053073479778779E+01  0.4218711556041221E+00
  0.4053256078621622E+01  0.4216376054166518E+00
  0.4053438677464465E+01  0.4214040552291827E+00
  0.4053621276307307E+01  0.4211705050417135E+00
  0.4053803875150151E+01  0.4207456244258992E+00
  0.4053986473992993E+01  0.4201931897384319E+00
  0.4054169072835836E+01  0.4196407550509645E+00
  0.4054351671678679E+01  0.4190883203634945E+00
  0.4054534270521522E+01  0.4185358856760272E+00
  0.4054716869364364E+01  0.4179834509885599E+00
  0.4054899468207208E+01  0.4174310163010899E+00
  0.4055082067050050E+01  0.4168430494595426E+00
  0.4055264665892893E+01  0.4161129553710152E+00
  0.4055447264735736E+01  0.4153828612824843E+00
  0.4055629863578579E+01  0.4146527671939568E+00
  0.4055812462421422E+01  0.4139226731054294E+00
  0.4055995061264264E+01  0.4131925790169019E+00
  0.4056177660107108E+01  0.4124624849283709E+00
  0.4056360258949950E+01  0.4117323908398435E+00
  0.4056542857792793E+01  0.4109674914446964E+00
  0.4056725456635636E+01  0.4101938906390571E+00
  0.4056908055478479E+01  0.4094202898334215E+00
  0.4057090654321321E+01  0.4086466890277860E+00
  0.4057273253164165E+01  0.4078730882221467E+00
  0.4057455852007007E+01  0.4070994874165111E+00
  0.4057638450849850E+01  0.4063258866108757E+00
  0.4057821049692693E+01  0.4055687678472538E+00
  0.4058003648535536E+01  0.4048363720589053E+00
  0.4058186247378378E+01  0.4041039762705567E+00
  0.4058368846221222E+01  0.4033715804822047E+00
  0.4058551445064064E+01  0.4026391846938562E+00
  0.4058734043906907E+01  0.4019067889055077E+00
  0.4058916642749750E+01  0.4011743931171556E+00
  0.4059099241592593E+01  0.4004419973288071E+00
  0.4059281840435435E+01  0.3998376288699682E+00
  0.4059464439278279E+01  0.3992332606967761E+00
  0.4059647038121121E+01  0.3986288925235869E+00
  0.4059829636963964E+01  0.3980245243503976E+00
  0.4060012235806807E+01  0.3974201561772055E+00
  0.4060194834649650E+01  0.3968157880040162E+00
  0.4060377433492492E+01  0.3962114198308270E+00
  0.4060560032335336E+01  0.3956839443239661E+00
  0.4060742631178178E+01  0.3952077305600024E+00
  0.4060925230021021E+01  0.3947315167960388E+00
  0.4061107828863864E+01  0.3942553030320727E+00
  0.4061290427706707E+01  0.3937790892681090E+00
  0.4061473026549550E+01  0.3933028755041453E+00
  0.4061655625392393E+01  0.3928266617401792E+00
  0.4061838224235236E+01  0.3923619073257434E+00
  0.4062020823078078E+01  0.3919429911461897E+00
  0.4062203421920922E+01  0.3915240749666341E+00
  0.4062386020763764E+01  0.3911051587870804E+00
  0.4062568619606607E+01  0.3906862426075267E+00
  0.4062751218449450E+01  0.3902673264279710E+00
  0.4062933817292293E+01  0.3898484102484174E+00
  0.4063116416135135E+01  0.3894294940688637E+00
  0.4063299014977979E+01  0.3889560468058123E+00
  0.4063481613820821E+01  0.3884689667269554E+00
  0.4063664212663664E+01  0.3879818866480985E+00
  0.4063846811506507E+01  0.3874948065692392E+00
  0.4064029410349350E+01  0.3870077264903823E+00
  0.4064212009192192E+01  0.3865206464115254E+00
  0.4064394608035036E+01  0.3860335663326662E+00
  0.4064577206877878E+01  0.3854179228008397E+00
  0.4064759805720721E+01  0.3846094311884810E+00
  0.4064942404563564E+01  0.3838009395761184E+00
  0.4065125003406407E+01  0.3829924479637598E+00
  0.4065307602249249E+01  0.3821839563514011E+00
  0.4065490201092093E+01  0.3813754647390385E+00
  0.4065672799934935E+01  0.3805669731266799E+00
  0.4065855398777778E+01  0.3797584815143213E+00
  0.4066037997620621E+01  0.3783744046149481E+00
  0.4066220596463464E+01  0.3769903270150952E+00
  0.4066403195306306E+01  0.3756062494152423E+00
  0.4066585794149150E+01  0.3742221718153829E+00
  0.4066768392991992E+01  0.3728380942155299E+00
  0.4066950991834835E+01  0.3714540166156771E+00
  0.4067133590677678E+01  0.3700699390158175E+00
  0.4067316189520521E+01  0.3682066742244101E+00
  0.4067498788363364E+01  0.3660239528712168E+00
  0.4067681387206207E+01  0.3638412315180130E+00
  0.4067863986049050E+01  0.3616585101648198E+00
  0.4068046584891892E+01  0.3594757888116265E+00
  0.4068229183734735E+01  0.3572930674584333E+00
  0.4068411782577578E+01  0.3551103461052294E+00
  0.4068594381420421E+01  0.3527421105485670E+00
  0.4068776980263263E+01  0.3496318093352722E+00
  0.4068959579106107E+01  0.3465215081219623E+00
  0.4069142177948949E+01  0.3434112069086674E+00
  0.4069324776791792E+01  0.3403009056953727E+00
  0.4069507375634635E+01  0.3371906044820627E+00
  0.4069689974477478E+01  0.3340803032687680E+00
  0.4069872573320320E+01  0.3309700020554731E+00
  0.4070055172163164E+01  0.3271292985444406E+00
  0.4070237771006006E+01  0.3231059950145542E+00
  0.4070420369848849E+01  0.3190826914846677E+00
  0.4070602968691692E+01  0.3150593879547617E+00
  0.4070785567534535E+01  0.3110360844248753E+00
  0.4070968166377377E+01  0.3070127808949889E+00
  0.4071150765220221E+01  0.3029894773650830E+00
  0.4071333364063063E+01  0.2986350504509708E+00
  0.4071515962905906E+01  0.2937839330874761E+00
  0.4071698561748749E+01  0.2889328157239577E+00
  0.4071881160591592E+01  0.2840816983604629E+00
  0.4072063759434434E+01  0.2792305809969681E+00
  0.4072246358277278E+01  0.2743794636334498E+00
  0.4072428957120120E+01  0.2695283462699550E+00
  0.4072611555962963E+01  0.2646772289064602E+00
  0.4072794154805806E+01  0.2592322280031374E+00
  0.4072976753648649E+01  0.2537872269793819E+00
  0.4073159352491492E+01  0.2483422259556265E+00
  0.4073341951334335E+01  0.2428972249318446E+00
  0.4073524550177178E+01  0.2374522239080892E+00
  0.4073707149020020E+01  0.2320072228843338E+00
  0.4073889747862864E+01  0.2265622218605519E+00
  0.4074072346705706E+01  0.2211363732689261E+00
  0.4074254945548549E+01  0.2157232931402009E+00
  0.4074437544391392E+01  0.2103102130114495E+00
  0.4074620143234235E+01  0.2048971328827243E+00
  0.4074802742077077E+01  0.1994840527539992E+00
  0.4074985340919921E+01  0.1940709726252478E+00
  0.4075167939762763E+01  0.1886578924965226E+00
  0.4075350538605606E+01  0.1833260981272725E+00
  0.4075533137448449E+01  0.1783194486095247E+00
  0.4075715736291292E+01  0.1733127990918011E+00
  0.4075898335134134E+01  0.1683061495740776E+00
  0.4076080933976978E+01  0.1632995000563298E+00
  0.4076263532819820E+01  0.1582928505386063E+00
  0.4076446131662663E+01  0.1532862010208828E+00
  0.4076628730505506E+01  0.1482795515031349E+00
  0.4076811329348349E+01  0.1437886396719407E+00
  0.4076993928191191E+01  0.1394266610528402E+00
  0.4077176527034035E+01  0.1350646824337186E+00
  0.4077359125876877E+01  0.1307027038146181E+00
  0.4077541724719720E+01  0.1263407251955176E+00
  0.4077724323562563E+01  0.1219787465763960E+00
  0.4077906922405406E+01  0.1176167679572955E+00
  0.4078089521248248E+01  0.1135548047331140E+00
  0.4078272120091092E+01  0.1099428675678821E+00
  0.4078454718933934E+01  0.1063309304026677E+00
  0.4078637317776777E+01  0.1027189932374533E+00
  0.4078819916619620E+01  0.9910705607222133E-01
  0.4079002515462463E+01  0.9549511890700693E-01
  0.4079185114305306E+01  0.9188318174179255E-01
  0.4079367713148149E+01  0.8827124517938045E-01
  0.4079550311990991E+01  0.8540230439902569E-01
  0.4079732910833834E+01  0.8253336361867095E-01
  0.4079915509676677E+01  0.7966442283830226E-01
  0.4080098108519520E+01  0.7679548205794753E-01
  0.4080280707362363E+01  0.7392654127759277E-01
  0.4080463306205205E+01  0.7105760049723803E-01
  0.4080645905048049E+01  0.6818865971686933E-01
  0.4080828503890891E+01  0.6571860651860292E-01
  0.4081011102733734E+01  0.6351448089219158E-01
  0.4081193701576577E+01  0.6131035526576951E-01
  0.4081376300419420E+01  0.5910622963935817E-01
  0.4081558899262262E+01  0.5690210401294682E-01
  0.4081741498105106E+01  0.5469797838652475E-01
  0.4081924096947948E+01  0.5249385276011341E-01
  0.4082106695790791E+01  0.5040030085201967E-01
  0.4082289294633634E+01  0.4874904348077150E-01
  0.4082471893476477E+01  0.4709778610953135E-01
  0.4082654492319319E+01  0.4544652873829122E-01
  0.4082837091162163E+01  0.4379527136704305E-01
  0.4083019690005005E+01  0.4214401399580291E-01
  0.4083202288847848E+01  0.4049275662456277E-01
  0.4083384887690691E+01  0.3884149925331461E-01
  0.4083567486533534E+01  0.3752849103818782E-01
  0.4083750085376376E+01  0.3630004667721542E-01
  0.4083932684219220E+01  0.3507160231623704E-01
  0.4084115283062062E+01  0.3384315795526464E-01
  0.4084297881904905E+01  0.3261471359429224E-01
  0.4084480480747748E+01  0.3138626923331386E-01
  0.4084663079590591E+01  0.3015782487234147E-01
  0.4084845678433433E+01  0.2905542809454753E-01
  0.4085028277276277E+01  0.2814210313893048E-01
  0.4085210876119119E+01  0.2722877818331787E-01
  0.4085393474961962E+01  0.2631545322770526E-01
  0.4085576073804805E+01  0.2540212827208822E-01
  0.4085758672647648E+01  0.2448880331647561E-01
  0.4085941271490491E+01  0.2357547836086300E-01
  0.4086123870333334E+01  0.2266215340524595E-01
  0.4086306469176177E+01  0.2198064172503525E-01
  0.4086489068019019E+01  0.2129913089117468E-01
  0.4086671666861863E+01  0.2061762005731080E-01
  0.4086854265704705E+01  0.1993610922345023E-01
  0.4087036864547548E+01  0.1925459838958966E-01
  0.4087219463390391E+01  0.1857308755572578E-01
  0.4087402062233234E+01  0.1789157672186521E-01
  0.4087584661076076E+01  0.1731197483154723E-01
  0.4087767259918920E+01  0.1680031259291360E-01
  0.4087949858761762E+01  0.1628865035428247E-01
  0.4088132457604605E+01  0.1577698811565133E-01
  0.4088315056447448E+01  0.1526532587701771E-01
  0.4088497655290291E+01  0.1475366363838658E-01
  0.4088680254133133E+01  0.1424200139975544E-01
  0.4088862852975977E+01  0.1375572615691556E-01
  0.4089045451818819E+01  0.1337099817635053E-01
  0.4089228050661662E+01  0.1298627019578549E-01
  0.4089410649504505E+01  0.1260154221521858E-01
  0.4089593248347348E+01  0.1221681423465355E-01
  0.4089775847190190E+01  0.1183208625408851E-01
  0.4089958446033034E+01  0.1144735827352160E-01
  0.4090141044875876E+01  0.1106263029295656E-01
  0.4090323643718719E+01  0.1075077157780816E-01
  0.4090506242561562E+01  0.1045713040071711E-01
  0.4090688841404405E+01  0.1016348922362749E-01
  0.4090871440247247E+01  0.9869848046537864E-02
  0.4091054039090091E+01  0.9576206869446812E-02
  0.4091236637932933E+01  0.9282565692357189E-02
  0.4091419236775776E+01  0.8988924515267565E-02
  0.4091601835618619E+01  0.8722061367079752E-02
  0.4091784434461462E+01  0.8495365187565194E-02
  0.4091967033304305E+01  0.8268669008050634E-02
  0.4092149632147148E+01  0.8041972828534971E-02
  0.4092332230989991E+01  0.7815276649020413E-02
  0.4092514829832833E+01  0.7588580469505855E-02
  0.4092697428675676E+01  0.7361884289991297E-02
  0.4092880027518519E+01  0.7135188110475636E-02
  0.4093062626361362E+01  0.6958760478948460E-02
  0.4093245225204204E+01  0.6782332979970843E-02
  0.4093427824047048E+01  0.6605905480992368E-02
  0.4093610422889890E+01  0.6429477982014751E-02
  0.4093793021732733E+01  0.6253050483037134E-02
  0.4093975620575576E+01  0.6076622984058659E-02
  0.4094158219418419E+01  0.5900195485081043E-02
  0.4094340818261261E+01  0.5746465417749508E-02
  0.4094523417104105E+01  0.5607866986860518E-02
  0.4094706015946947E+01  0.5469268555972205E-02
  0.4094888614789790E+01  0.5330670125083890E-02
  0.4095071213632633E+01  0.5192071694194902E-02
  0.4095253812475476E+01  0.5053473263306588E-02
  0.4095436411318318E+01  0.4914874832418274E-02
  0.4095619010161162E+01  0.4781976995151671E-02
  0.4095801609004004E+01  0.4671882006452303E-02
  0.4095984207846847E+01  0.4561787017752936E-02
  0.4096166806689690E+01  0.4451692029053032E-02
  0.4096349405532533E+01  0.4341597040353665E-02
  0.4096532004375375E+01  0.4231502051654297E-02
  0.4096714603218219E+01  0.4121407062954394E-02
  0.4096897202061061E+01  0.4011312074255027E-02
  0.4097079800903904E+01  0.3918878550181970E-02
  0.4097262399746747E+01  0.3830860418013025E-02
  0.4097444998589590E+01  0.3742842285844509E-02
  0.4097627597432433E+01  0.3654824153675993E-02
  0.4097810196275276E+01  0.3566806021507049E-02
  0.4097992795118119E+01  0.3478787889338532E-02
  0.4098175393960961E+01  0.3390769757170016E-02
  0.4098357992803805E+01  0.3309581510876646E-02
  0.4098540591646647E+01  0.3238638031057538E-02
  0.4098723190489490E+01  0.3167694551238430E-02
  0.4098905789332333E+01  0.3096751071418978E-02
  0.4099088388175176E+01  0.3025807591599870E-02
  0.4099270987018018E+01  0.2954864111780762E-02
  0.4099453585860862E+01  0.2883920631961309E-02
  0.4099636184703704E+01  0.2812977152142202E-02
  0.4099818783546547E+01  0.2755167489645279E-02
  0.4100001382389390E+01  0.2697357848459864E-02
  0.4100183981232233E+01  0.2639548207274731E-02
  0.4100366580075075E+01  0.2581738566089597E-02
  0.4100549178917919E+01  0.2523928924904183E-02
  0.4100731777760761E+01  0.2466119283719050E-02
  0.4100914376603604E+01  0.2408309642533916E-02
  0.4101096975446447E+01  0.2356704007165896E-02
  0.4101279574289290E+01  0.2309234362393462E-02
  0.4101462173132132E+01  0.2261764717621028E-02
  0.4101644771974976E+01  0.2214295072848363E-02
  0.4101827370817818E+01  0.2166825428075928E-02
  0.4102009969660661E+01  0.2119355783303494E-02
  0.4102192568503504E+01  0.2071886138530829E-02
  0.4102375167346347E+01  0.2026092523596277E-02
  0.4102557766189189E+01  0.1987003124901071E-02
  0.4102740365032033E+01  0.1947913726205674E-02
  0.4102922963874875E+01  0.1908824327510467E-02
  0.4103105562717718E+01  0.1869734928815260E-02
  0.4103288161560561E+01  0.1830645530119863E-02
  0.4103470760403404E+01  0.1791556131424656E-02
  0.4103653359246247E+01  0.1752466732729450E-02
  0.4103835958089090E+01  0.1718489328872964E-02
  0.4104018556931933E+01  0.1685789923078260E-02
  0.4104201155774775E+01  0.1653090517283557E-02
  0.4104383754617619E+01  0.1620391111488695E-02
  0.4104566353460461E+01  0.1587691705693991E-02
  0.4104748952303304E+01  0.1554992299899288E-02
  0.4104931551146146E+01  0.1522292894104584E-02
  0.4105114149988990E+01  0.1491635388422304E-02
  0.4105296748831832E+01  0.1464040771219451E-02
  0.4105479347674675E+01  0.1436446154016598E-02
  0.4105661946517518E+01  0.1408851536813610E-02
  0.4105844545360361E+01  0.1381256919610757E-02
  0.4106027144203203E+01  0.1353662302407903E-02
  0.4106209743046047E+01  0.1326067685204916E-02
  0.4106392341888889E+01  0.1298473068002063E-02
  0.4106574940731732E+01  0.1274990083784111E-02
  0.4106757539574575E+01  0.1251507102067968E-02
  0.4106940138417418E+01  0.1228024120351941E-02
  0.4107122737260260E+01  0.1204541138635913E-02
  0.4107305336103104E+01  0.1181058156919770E-02
  0.4107487934945946E+01  0.1157575175203742E-02
  0.4107670533788789E+01  0.1134092193487715E-02
  0.4107853132631632E+01  0.1112720640694397E-02
  0.4108035731474475E+01  0.1092756728834451E-02
  0.4108218330317317E+01  0.1072792816974506E-02
  0.4108400929160161E+01  0.1052828905114463E-02
  0.4108583528003003E+01  0.1032864993254518E-02
  0.4108766126845846E+01  0.1012901081394572E-02
  0.4108948725688689E+01  0.9929371695345296E-03
  0.4109131324531532E+01  0.9735715266201548E-03
  0.4109313923374375E+01  0.9565989789039047E-03
  0.4109496522217218E+01  0.9396264311875721E-03
  0.4109679121060061E+01  0.9226538834713219E-03
  0.4109861719902903E+01  0.9056813357550717E-03
  0.4110044318745746E+01  0.8887087880387392E-03
  0.4110226917588589E+01  0.8717362403224891E-03
  0.4110409516431432E+01  0.8547636926062391E-03
  0.4110592115274275E+01  0.8398045275046569E-03
  0.4110774714117118E+01  0.8253487046111243E-03
  0.4110957312959960E+01  0.8108928817175916E-03
  0.4111139911802804E+01  0.7964370588239887E-03
  0.4111322510645646E+01  0.7819812359304563E-03
  0.4111505109488489E+01  0.7675254130369236E-03
  0.4111687708331332E+01  0.7530695901433207E-03
  0.4111870307174175E+01  0.7394540251231255E-03
  0.4112052906017017E+01  0.7270988573519260E-03
  0.4112235504859861E+01  0.7147436895806664E-03
  0.4112418103702703E+01  0.7023885218094669E-03
  0.4112600702545546E+01  0.6900333540382673E-03
  0.4112783301388389E+01  0.6776781862670077E-03
  0.4112965900231232E+01  0.6653230184958082E-03
  0.4113148499074074E+01  0.6529678514813944E-03
  0.4113331097916918E+01  0.6424782242897169E-03
  0.4113513696759760E+01  0.6319885970980904E-03
  0.4113696295602603E+01  0.6214989699064639E-03
  0.4113878894445446E+01  0.6110093427147864E-03
  0.4114061493288289E+01  0.6005197155231599E-03
  0.4114244092131131E+01  0.5900300883315333E-03
  0.4114426690973975E+01  0.5795404611398559E-03
  0.4114609289816817E+01  0.5699974546837021E-03
  0.4114791888659660E+01  0.5610855357580884E-03
  0.4114974487502503E+01  0.5521736168324313E-03
  0.4115157086345346E+01  0.5432616979068176E-03
  0.4115339685188188E+01  0.5343497789812038E-03
  0.4115522284031032E+01  0.5254378600555467E-03
  0.4115704882873874E+01  0.5165259411299329E-03
  0.4115887481716717E+01  0.5078877217137871E-03
  0.4116070080559560E+01  0.5003443022785197E-03
  0.4116252679402403E+01  0.4928008828432889E-03
  0.4116435278245246E+01  0.4852574634080582E-03
  0.4116617877088089E+01  0.4777140439727908E-03
  0.4116800475930932E+01  0.4701706245375600E-03
  0.4116983074773774E+01  0.4626272051023293E-03
  0.4117165673616617E+01  0.4550837856670985E-03
  0.4117348272459460E+01  0.4484895508558250E-03
  0.4117530871302303E+01  0.4421326171942444E-03
  0.4117713470145145E+01  0.4357756835326639E-03
  0.4117896068987989E+01  0.4294187498710523E-03
  0.4118078667830831E+01  0.4230618162094716E-03
  0.4118261266673674E+01  0.4167048825478911E-03
  0.4118443865516517E+01  0.4103479488862795E-03
  0.4118626464359360E+01  0.4043596769799163E-03
  0.4118809063202202E+01  0.3989243999496792E-03
  0.4118991662045046E+01  0.3934891229194157E-03
  0.4119174260887888E+01  0.3880538458891787E-03
  0.4119356859730731E+01  0.3826185688589415E-03
  0.4119539458573574E+01  0.3771832918286781E-03
  0.4119722057416417E+01  0.3717480147984409E-03
  0.4119904656259259E+01  0.3663127377682039E-03
  0.4120087255102103E+01  0.3615754294543988E-03
  0.4120269853944945E+01  0.3568381239720476E-03
  0.4120452452787788E+01  0.3521008184896966E-03
  0.4120635051630631E+01  0.3473635130073224E-03
  0.4120817650473474E+01  0.3426262075249712E-03
  0.4121000249316316E+01  0.3378889020426201E-03
  0.4121182848159160E+01  0.3331515965602459E-03
  0.4121365447002002E+01  0.3287815922555987E-03
  0.4121548045844845E+01  0.3246564570997132E-03
  0.4121730644687688E+01  0.3205313219438076E-03
  0.4121913243530531E+01  0.3164061867879221E-03
  0.4122095842373374E+01  0.3122810516320365E-03
  0.4122278441216217E+01  0.3081559164761309E-03
  0.4122461040059060E+01  0.3040307813202453E-03
  0.4122643638901902E+01  0.2999919783512553E-03
  0.4122826237744746E+01  0.2962985025538467E-03
  0.4123008836587588E+01  0.2926050267564561E-03
  0.4123191435430431E+01  0.2889115509590655E-03
  0.4123374034273274E+01  0.2852180751616569E-03
  0.4123556633116117E+01  0.2815245993642663E-03
  0.4123739231958959E+01  0.2778311235668757E-03
  0.4123921830801803E+01  0.2741376477694672E-03
  0.4124104429644645E+01  0.2706963986973253E-03
  0.4124287028487488E+01  0.2673182072337705E-03
  0.4124469627330331E+01  0.2639400157701991E-03
  0.4124652226173174E+01  0.2605618243066443E-03
  0.4124834825016016E+01  0.2571836328430894E-03
  0.4125017423858860E+01  0.2538054413795181E-03
  0.4125200022701702E+01  0.2504272499159633E-03
  0.4125382621544545E+01  0.2471489301305341E-03
  0.4125565220387388E+01  0.2440204178369551E-03
  0.4125747819230231E+01  0.2408919055433913E-03
  0.4125930418073073E+01  0.2377633932498274E-03
  0.4126113016915917E+01  0.2346348809562484E-03
  0.4126295615758759E+01  0.2315063686626846E-03
  0.4126478214601602E+01  0.2283778563691207E-03
  0.4126660813444445E+01  0.2252493440755417E-03
  0.4126843412287288E+01  0.2223273250896771E-03
  0.4127026011130130E+01  0.2194053067320677E-03
  0.4127208609972974E+01  0.2164832883744441E-03
  0.4127391208815816E+01  0.2135612700168347E-03
  0.4127573807658659E+01  0.2106392516592252E-03
  0.4127756406501502E+01  0.2077172333016016E-03
  0.4127939005344345E+01  0.2047952149439923E-03
  0.4128121604187188E+01  0.2019756161328999E-03
  0.4128304203030031E+01  0.1992242972041300E-03
  0.4128486801872874E+01  0.1964729782753735E-03
  0.4128669400715716E+01  0.1937216593466170E-03
  0.4128851999558560E+01  0.1909703404178471E-03
  0.4129034598401402E+01  0.1882190214890906E-03
  0.4129217197244245E+01  0.1854677025603341E-03
  0.4129399796087087E+01  0.1827774865468230E-03
  0.4129582394929931E+01  0.1803316878954812E-03
  0.4129764993772773E+01  0.1778858892441513E-03
  0.4129947592615616E+01  0.1754400905928214E-03
  0.4130130191458459E+01  0.1729942919414796E-03
  0.4130312790301302E+01  0.1705484932901496E-03
  0.4130495389144144E+01  0.1681026946388197E-03
  0.4130677987986988E+01  0.1656568959874779E-03
  0.4130860586829830E+01  0.1635009384199473E-03
  0.4131043185672673E+01  0.1614174417296295E-03
  0.4131225784515516E+01  0.1593339450393015E-03
  0.4131408383358359E+01  0.1572504483489837E-03
  0.4131590982201201E+01  0.1551669516586659E-03
  0.4131773581044045E+01  0.1530834549683379E-03
  0.4131956179886887E+01  0.1509999582780201E-03
  0.4132138778729730E+01  0.1490067185478740E-03
  0.4132321377572573E+01  0.1471488636629965E-03
  0.4132503976415416E+01  0.1452910087781280E-03
  0.4132686575258258E+01  0.1434331538932595E-03
  0.4132869174101102E+01  0.1415752990083820E-03
  0.4133051772943944E+01  0.1397174441235135E-03
  0.4133234371786787E+01  0.1378595892386450E-03
  0.4133416970629630E+01  0.1360017343537675E-03
  0.4133599569472473E+01  0.1342483065949883E-03
  0.4133782168315316E+01  0.1324948790480216E-03
  0.4133964767158159E+01  0.1307414515010464E-03
  0.4134147366001002E+01  0.1289880239540797E-03
  0.4134329964843844E+01  0.1272345964071130E-03
  0.4134512563686688E+01  0.1254811688601378E-03
  0.4134695162529530E+01  0.1237277413131711E-03
  0.4134877761372373E+01  0.1220004227872517E-03
  0.4135060360215216E+01  0.1202905102488764E-03
  0.4135242959058059E+01  0.1185805977105094E-03
  0.4135425557900901E+01  0.1168706851721425E-03
  0.4135608156743745E+01  0.1151607726337672E-03
  0.4135790755586587E+01  0.1134508600954003E-03
  0.4135973354429430E+01  0.1117409475570333E-03
  0.4136155953272273E+01  0.1100470891067791E-03
  0.4136338552115116E+01  0.1084174480998899E-03
  0.4136521150957958E+01  0.1067878070930007E-03
  0.4136703749800802E+01  0.1051581660861035E-03
  0.4136886348643644E+01  0.1035285250792143E-03
  0.4137068947486487E+01  0.1018988840723251E-03
  0.4137251546329330E+01  0.1002692430654279E-03
  0.4137434145172173E+01  0.9863960205853875E-04
  0.4137616744015015E+01  0.9714928799664173E-04
  0.4137799342857859E+01  0.9569380574163463E-04
  0.4137981941700701E+01  0.9423832348663460E-04
  0.4138164540543544E+01  0.9278284123163460E-04
  0.4138347139386387E+01  0.9132735897662751E-04
  0.4138529738229230E+01  0.8987187672162749E-04
  0.4138712337072072E+01  0.8841639446662748E-04
  0.4138894935914916E+01  0.8705036604464832E-04
  0.4139077534757758E+01  0.8581852027736832E-04
  0.4139260133600601E+01  0.8458667451008829E-04
  0.4139442732443444E+01  0.8335482874280229E-04
  0.4139625331286287E+01  0.8212298297552228E-04
  0.4139807930129130E+01  0.8089113720824227E-04
  0.4139990528971973E+01  0.7965929144095627E-04
  0.4140173127814816E+01  0.7842744567367625E-04
  0.4140355726657658E+01  0.7735624765563462E-04
  0.4140538325500501E+01  0.7628504980051115E-04
  0.4140720924343344E+01  0.7521385194539287E-04
  0.4140903523186187E+01  0.7414265409027459E-04
  0.4141086122029030E+01  0.7307145623515110E-04
  0.4141268720871873E+01  0.7200025838003285E-04
  0.4141451319714715E+01  0.7092906052491457E-04
  0.4141633918557558E+01  0.6989677994148364E-04
  0.4141816517400401E+01  0.6889044464876647E-04
  0.4141999116243244E+01  0.6788410935605420E-04
  0.4142181715086086E+01  0.6687777406334192E-04
  0.4142364313928930E+01  0.6587143877062475E-04
  0.4142546912771772E+01  0.6486510347791249E-04
  0.4142729511614615E+01  0.6385876818520022E-04
  0.4142912110457458E+01  0.6284521197194081E-04
  0.4143094709300301E+01  0.6180277176894107E-04
  0.4143277308143143E+01  0.6076033156594134E-04
  0.4143459906985987E+01  0.5971789136293654E-04
  0.4143642505828829E+01  0.5867545115993680E-04
  0.4143825104671672E+01  0.5763301095693706E-04
  0.4144007703514515E+01  0.5659057075393225E-04
  0.4144190302357358E+01  0.5554813055093251E-04
  0.4144372901200200E+01  0.5461705899071415E-04
  0.4144555500043044E+01  0.5371382947118060E-04
  0.4144738098885886E+01  0.5281059995165145E-04
  0.4144920697728729E+01  0.5190737043212229E-04
  0.4145103296571572E+01  0.5100414091258874E-04
  0.4145285895414415E+01  0.5010091139305958E-04
  0.4145468494257257E+01  0.4919768187353043E-04
  0.4145651093100101E+01  0.4835165396597893E-04
  0.4145833691942943E+01  0.4759142933208164E-04
  0.4146016290785786E+01  0.4683120469818435E-04
  0.4146198889628629E+01  0.4607098006428336E-04
  0.4146381488471472E+01  0.4531075543038608E-04
  0.4146564087314315E+01  0.4455053079648879E-04
  0.4146746686157158E+01  0.4379030616258779E-04
  0.4147111883842843E+01  0.0000000000000000E+00
