  1000 NIRCAM_F335M        
  0.2990275174000000E+01  0.4223831802628628E+01  0.2769910295929138E+02  0.2658071473361403E+01  0.6599102959291383E+01  0.8324512624755962E-11  0.3138856133324798E+03  0.3353869050275663E+01  0.1264616069836833E-16  0.3362146619739498E+01
  0.3367629375546445E+01  0.3360319936036029E+01  0.3363974296435723E+01  0.3358190114089749E+01  0.3359222834645193E+01  0.2626186557182731E+00  0.3608117765836711E+00  0.3520466749288985E+00  0.3176923733752632E+01  0.3537735510336304E+01
  0.1606816718471564E+01  0.3520466749288985E+01  0.4781737301975569E-01  0.5711398525343081E-17  0.1446851416809593E-20  0.2539999961853027E+06  0.2439983720595344E+02  0.2705791020519375E+02  0.3099894016524483E+02
  0.2990275174000000E+01  0.0000000000000000E+00
  0.2991508730628628E+01  0.5141367801683843E-04
  0.2992742287257257E+01  0.5669272381261075E-04
  0.2993975843885885E+01  0.6085587274037748E-04
  0.2995209400514514E+01  0.6225202495592906E-04
  0.2996442957143143E+01  0.6423841465963220E-04
  0.2997676513771772E+01  0.6698360809246278E-04
  0.2998910070400400E+01  0.6972395491973795E-04
  0.3000143627029029E+01  0.7296094742971647E-04
  0.3001377183657657E+01  0.7700059674169806E-04
  0.3002610740286286E+01  0.8170555488869538E-04
  0.3003844296914915E+01  0.8380480132668057E-04
  0.3005077853543543E+01  0.8260937986524314E-04
  0.3006311410172172E+01  0.7849355485310481E-04
  0.3007544966800801E+01  0.8094001767003816E-04
  0.3008778523429429E+01  0.8692524804614258E-04
  0.3010012080058058E+01  0.9027972013027902E-04
  0.3011245636686687E+01  0.9148609943813818E-04
  0.3012479193315315E+01  0.9309557240857097E-04
  0.3013712749943944E+01  0.9512130426094340E-04
  0.3014946306572572E+01  0.9565807419287539E-04
  0.3016179863201201E+01  0.9449991155543665E-04
  0.3017413419829829E+01  0.9514103522542570E-04
  0.3018646976458458E+01  0.9564773349503315E-04
  0.3019880533087087E+01  0.9376923737348227E-04
  0.3021114089715716E+01  0.9129291816490726E-04
  0.3022347646344344E+01  0.9136319956355683E-04
  0.3023581202972973E+01  0.9019561170063909E-04
  0.3024814759601601E+01  0.9206699660610620E-04
  0.3026048316230230E+01  0.9646458940305856E-04
  0.3027281872858858E+01  0.1007534362703012E-03
  0.3028515429487487E+01  0.1051718052090184E-03
  0.3029748986116116E+01  0.1101967963025123E-03
  0.3030982542744745E+01  0.1138349751848404E-03
  0.3032216099373373E+01  0.1157930415145307E-03
  0.3033449656002002E+01  0.1181846383282116E-03
  0.3034683212630630E+01  0.1215051254379933E-03
  0.3035916769259259E+01  0.1257006615750970E-03
  0.3037150325887888E+01  0.1307415436487525E-03
  0.3038383882516516E+01  0.1344293331566865E-03
  0.3039617439145145E+01  0.1389156117156445E-03
  0.3040850995773773E+01  0.1438641229117079E-03
  0.3042084552402402E+01  0.1492561512446715E-03
  0.3043318109031031E+01  0.1563657569085648E-03
  0.3044551665659660E+01  0.1629077962864379E-03
  0.3045785222288288E+01  0.1722415828695768E-03
  0.3047018778916917E+01  0.1810578830339249E-03
  0.3048252335545545E+01  0.1917500362156209E-03
  0.3049485892174174E+01  0.2000180723833843E-03
  0.3050719448802802E+01  0.2089414601071734E-03
  0.3051953005431431E+01  0.2190855394709522E-03
  0.3053186562060060E+01  0.2306563101825115E-03
  0.3054420118688689E+01  0.2430635098117348E-03
  0.3055653675317317E+01  0.2551469405451316E-03
  0.3056887231945946E+01  0.2669838310771530E-03
  0.3058120788574574E+01  0.2803954089630360E-03
  0.3059354345203203E+01  0.2961199311672089E-03
  0.3060587901831831E+01  0.3127006315814351E-03
  0.3061821458460460E+01  0.3294437184294579E-03
  0.3063055015089089E+01  0.3486161406258420E-03
  0.3064288571717718E+01  0.3688358311148500E-03
  0.3065522128346346E+01  0.3906133600714208E-03
  0.3066755684974975E+01  0.4109322958758922E-03
  0.3067989241603603E+01  0.4317529483525764E-03
  0.3069222798232232E+01  0.4532141121538746E-03
  0.3070456354860861E+01  0.4755366411752042E-03
  0.3071689911489489E+01  0.5004417379547830E-03
  0.3072923468118118E+01  0.5260949145204128E-03
  0.3074157024746746E+01  0.5536570640737272E-03
  0.3075390581375375E+01  0.5799900903878723E-03
  0.3076624138004004E+01  0.6121867893597943E-03
  0.3077857694632632E+01  0.6430104899210647E-03
  0.3079091251261261E+01  0.6764201303621189E-03
  0.3080324807889890E+01  0.7107088548282538E-03
  0.3081558364518518E+01  0.7465506567274774E-03
  0.3082791921147147E+01  0.7830895039758383E-03
  0.3084025477775775E+01  0.8225789447167465E-03
  0.3085259034404404E+01  0.8667341649108653E-03
  0.3086492591033033E+01  0.9119639885742763E-03
  0.3087726147661662E+01  0.9592242861277537E-03
  0.3088959704290290E+01  0.1006434043453806E-02
  0.3090193260918919E+01  0.1060092837930655E-02
  0.3091426817547547E+01  0.1116832006977840E-02
  0.3092660374176176E+01  0.1179021153141986E-02
  0.3093893930804804E+01  0.1243546056521795E-02
  0.3095127487433433E+01  0.1311273316908456E-02
  0.3096361044062062E+01  0.1383611230908806E-02
  0.3097594600690690E+01  0.1463242137142606E-02
  0.3098828157319319E+01  0.1552055313205041E-02
  0.3100061713947948E+01  0.1648306988548076E-02
  0.3101295270576576E+01  0.1748185383212910E-02
  0.3102528827205205E+01  0.1851043396565145E-02
  0.3103762383833834E+01  0.1966228540758198E-02
  0.3104995940462462E+01  0.2090983741722279E-02
  0.3106229497091091E+01  0.2224317663322954E-02
  0.3107463053719719E+01  0.2371580515573862E-02
  0.3108696610348348E+01  0.2533475511279124E-02
  0.3109930166976977E+01  0.2710272270472202E-02
  0.3111163723605605E+01  0.2902686246487155E-02
  0.3112397280234234E+01  0.3112057319917607E-02
  0.3113630836862863E+01  0.3343142750587562E-02
  0.3114864393491491E+01  0.3602185128454761E-02
  0.3116097950120120E+01  0.3887635197862246E-02
  0.3117331506748748E+01  0.4200355278907034E-02
  0.3118565063377377E+01  0.4544574889077408E-02
  0.3119798620006006E+01  0.4925663461952048E-02
  0.3121032176634635E+01  0.5357382164947083E-02
  0.3122265733263263E+01  0.5834941112459220E-02
  0.3123499289891892E+01  0.6362086761218147E-02
  0.3124732846520520E+01  0.6948920739813815E-02
  0.3125966403149149E+01  0.7602590418295663E-02
  0.3127199959777777E+01  0.8328886694799923E-02
  0.3128433516406406E+01  0.9136365694923447E-02
  0.3129667073035035E+01  0.1003424344138521E-01
  0.3130900629663663E+01  0.1103405884150271E-01
  0.3132134186292292E+01  0.1215314352960092E-01
  0.3133367742920921E+01  0.1341687110250823E-01
  0.3134601299549549E+01  0.1482618982245581E-01
  0.3135834856178178E+01  0.1640450566414949E-01
  0.3137068412806807E+01  0.1816840670687305E-01
  0.3138301969435435E+01  0.2014138027860939E-01
  0.3139535526064064E+01  0.2234529415674892E-01
  0.3140769082692692E+01  0.2480812195446791E-01
  0.3142002639321321E+01  0.2755963063305142E-01
  0.3143236195949950E+01  0.3062354846104851E-01
  0.3144469752578578E+01  0.3403289333536624E-01
  0.3145703309207207E+01  0.3780831215869555E-01
  0.3146936865835836E+01  0.4201496224134555E-01
  0.3148170422464464E+01  0.4670125725197987E-01
  0.3149403979093093E+01  0.5180952781340091E-01
  0.3150637535721721E+01  0.5736070241851439E-01
  0.3151871092350350E+01  0.6337910531761350E-01
  0.3153104648978979E+01  0.6986132296225381E-01
  0.3154338205607607E+01  0.7678927914034979E-01
  0.3155571762236236E+01  0.8414519613972207E-01
  0.3156805318864865E+01  0.9188898482982352E-01
  0.3158038875493493E+01  0.9994625359399308E-01
  0.3159272432122122E+01  0.1082946824647136E+00
  0.3160505988750750E+01  0.1168467582354906E+00
  0.3161739545379379E+01  0.1255185850281469E+00
  0.3162973102008008E+01  0.1343047771106017E+00
  0.3164206658636636E+01  0.1430320540595574E+00
  0.3165440215265265E+01  0.1517371030950622E+00
  0.3166673771893894E+01  0.1603644492101836E+00
  0.3167907328522522E+01  0.1688651682398220E+00
  0.3169140885151151E+01  0.1772500108888218E+00
  0.3170374441779780E+01  0.1855415362472107E+00
  0.3171607998408408E+01  0.1937734329457181E+00
  0.3172841555037037E+01  0.2020283702072776E+00
  0.3174075111665665E+01  0.2101060298246141E+00
  0.3175308668294294E+01  0.2179899782487370E+00
  0.3176542224922922E+01  0.2258261738624567E+00
  0.3177775781551551E+01  0.2335363765716508E+00
  0.3179009338180180E+01  0.2411715703592130E+00
  0.3180242894808809E+01  0.2487013737931321E+00
  0.3181476451437437E+01  0.2560861211133868E+00
  0.3182710008066066E+01  0.2633502864056550E+00
  0.3183943564694694E+01  0.2705028485445087E+00
  0.3185177121323323E+01  0.2775027798777271E+00
  0.3186410677951952E+01  0.2843622794466004E+00
  0.3187644234580580E+01  0.2910838856737111E+00
  0.3188877791209209E+01  0.2975760142808080E+00
  0.3190111347837838E+01  0.3038874522090903E+00
  0.3191344904466466E+01  0.3100091452243446E+00
  0.3192578461095095E+01  0.3159055016170331E+00
  0.3193812017723723E+01  0.3216012192859883E+00
  0.3195045574352352E+01  0.3270736204789191E+00
  0.3196279130980981E+01  0.3323214567565911E+00
  0.3197512687609609E+01  0.3375107674903667E+00
  0.3198746244238238E+01  0.3425886652673326E+00
  0.3199979800866867E+01  0.3471728567242545E+00
  0.3201213357495495E+01  0.3515389925944559E+00
  0.3202446914124124E+01  0.3556917292239760E+00
  0.3203680470752753E+01  0.3595973692663039E+00
  0.3204914027381381E+01  0.3633182832084811E+00
  0.3206147584010010E+01  0.3668446742265953E+00
  0.3207381140638638E+01  0.3701815668313649E+00
  0.3208614697267267E+01  0.3733487919281580E+00
  0.3209848253895895E+01  0.3763353034493003E+00
  0.3211081810524524E+01  0.3791444828292502E+00
  0.3212315367153153E+01  0.3816636881359566E+00
  0.3213548923781782E+01  0.3838881826312576E+00
  0.3214782480410410E+01  0.3862433411209756E+00
  0.3216016037039039E+01  0.3884792845875837E+00
  0.3217249593667667E+01  0.3905777819774499E+00
  0.3218483150296296E+01  0.3925340462600898E+00
  0.3219716706924925E+01  0.3943820806325492E+00
  0.3220950263553553E+01  0.3963318681795374E+00
  0.3222183820182182E+01  0.3983351718692509E+00
  0.3223417376810811E+01  0.4001281329354177E+00
  0.3224650933439439E+01  0.4017188149695426E+00
  0.3225884490068068E+01  0.4032181100696324E+00
  0.3227118046696696E+01  0.4046366907672002E+00
  0.3228351603325325E+01  0.4059932684857119E+00
  0.3229585159953954E+01  0.4072743844068576E+00
  0.3230818716582582E+01  0.4083840425209473E+00
  0.3232052273211211E+01  0.4093466371680102E+00
  0.3233285829839839E+01  0.4102620854712145E+00
  0.3234519386468468E+01  0.4111276016107639E+00
  0.3235752943097097E+01  0.4119598082836980E+00
  0.3236986499725726E+01  0.4127469889627748E+00
  0.3238220056354354E+01  0.4134939412472655E+00
  0.3239453612982983E+01  0.4141997277877333E+00
  0.3240687169611611E+01  0.4148483380588708E+00
  0.3241920726240240E+01  0.4154390772591590E+00
  0.3243154282868868E+01  0.4160236337075359E+00
  0.3244387839497497E+01  0.4167164609314563E+00
  0.3245621396126126E+01  0.4175464413497029E+00
  0.3246854952754755E+01  0.4180450681016299E+00
  0.3248088509383383E+01  0.4185106491410120E+00
  0.3249322066012012E+01  0.4189407551895483E+00
  0.3250555622640640E+01  0.4194117578843762E+00
  0.3251789179269269E+01  0.4199141579510595E+00
  0.3253022735897898E+01  0.4204220388368649E+00
  0.3254256292526526E+01  0.4209219415467596E+00
  0.3255489849155155E+01  0.4214078198569756E+00
  0.3256723405783783E+01  0.4218844138305261E+00
  0.3257956962412412E+01  0.4223480550407345E+00
  0.3259190519041041E+01  0.4228174046235993E+00
  0.3260424075669669E+01  0.4232544168090301E+00
  0.3261657632298298E+01  0.4236440459042960E+00
  0.3262891188926927E+01  0.4240260627516665E+00
  0.3264124745555555E+01  0.4244006381946187E+00
  0.3265358302184184E+01  0.4247775966084061E+00
  0.3266591858812812E+01  0.4252273860947609E+00
  0.3267825415441441E+01  0.4258304283692640E+00
  0.3269058972070070E+01  0.4264349103032490E+00
  0.3270292528698699E+01  0.4268013257993221E+00
  0.3271526085327327E+01  0.4271005790182482E+00
  0.3272759641955956E+01  0.4273911011218631E+00
  0.3273993198584584E+01  0.4276869193865334E+00
  0.3275226755213213E+01  0.4279898287971098E+00
  0.3276460311841841E+01  0.4283055850698154E+00
  0.3277693868470470E+01  0.4286344760328682E+00
  0.3278927425099099E+01  0.4289707964793449E+00
  0.3280160981727728E+01  0.4293141840891290E+00
  0.3281394538356356E+01  0.4296601811893540E+00
  0.3282628094984985E+01  0.4300090448932229E+00
  0.3283861651613613E+01  0.4303639678369552E+00
  0.3285095208242242E+01  0.4307232481830636E+00
  0.3286328764870871E+01  0.4310991102631278E+00
  0.3287562321499499E+01  0.4314759270274482E+00
  0.3288795878128128E+01  0.4318609833134928E+00
  0.3290029434756756E+01  0.4326796023205755E+00
  0.3291262991385385E+01  0.4331612334618623E+00
  0.3292496548014014E+01  0.4335648314744658E+00
  0.3293730104642642E+01  0.4339659616601140E+00
  0.3294963661271271E+01  0.4343675553353110E+00
  0.3296197217899900E+01  0.4347672927901450E+00
  0.3297430774528528E+01  0.4351685795128598E+00
  0.3298664331157157E+01  0.4355796893046602E+00
  0.3299897887785785E+01  0.4359655340910820E+00
  0.3301131444414414E+01  0.4362604982211844E+00
  0.3302365001043043E+01  0.4365327790965611E+00
  0.3303598557671672E+01  0.4368114604924961E+00
  0.3304832114300300E+01  0.4370896737463219E+00
  0.3306065670928929E+01  0.4373595411977053E+00
  0.3307299227557557E+01  0.4376286561354566E+00
  0.3308532784186186E+01  0.4378918985665643E+00
  0.3309766340814814E+01  0.4381433196506081E+00
  0.3310999897443443E+01  0.4385346971624808E+00
  0.3312233454072072E+01  0.4390557738551928E+00
  0.3313467010700700E+01  0.4393273770324086E+00
  0.3314700567329329E+01  0.4395464181819107E+00
  0.3315934123957958E+01  0.4397618973871770E+00
  0.3317167680586586E+01  0.4399812924910181E+00
  0.3318401237215215E+01  0.4401964144401294E+00
  0.3319634793843844E+01  0.4404140660255481E+00
  0.3320868350472472E+01  0.4405920256948740E+00
  0.3322101907101101E+01  0.4407611771617286E+00
  0.3323335463729729E+01  0.4409396108049030E+00
  0.3324569020358358E+01  0.4411291901821749E+00
  0.3325802576986987E+01  0.4413313207548936E+00
  0.3327036133615615E+01  0.4415421122653733E+00
  0.3328269690244244E+01  0.4417544741504161E+00
  0.3329503246872873E+01  0.4419516447701019E+00
  0.3330736803501501E+01  0.4418650514743654E+00
  0.3331970360130130E+01  0.4415912226832520E+00
  0.3333203916758758E+01  0.4413217132735340E+00
  0.3334437473387387E+01  0.4413768686404552E+00
  0.3335671030016016E+01  0.4413152371047236E+00
  0.3336904586644645E+01  0.4411100736622915E+00
  0.3338138143273273E+01  0.4408829006276519E+00
  0.3339371699901902E+01  0.4405905636138888E+00
  0.3340605256530530E+01  0.4399302027756893E+00
  0.3341838813159159E+01  0.4386573973977036E+00
  0.3343072369787787E+01  0.4373786261600908E+00
  0.3344305926416416E+01  0.4361123069675622E+00
  0.3345539483045045E+01  0.4348600733741305E+00
  0.3346773039673673E+01  0.4336162632612749E+00
  0.3348006596302302E+01  0.4323771184406288E+00
  0.3349240152930931E+01  0.4311377071711265E+00
  0.3350473709559559E+01  0.4290211688933421E+00
  0.3351707266188188E+01  0.4261634649247223E+00
  0.3352940822816817E+01  0.4231149977350270E+00
  0.3354174379445445E+01  0.4200622457724769E+00
  0.3355407936074074E+01  0.4169982366063426E+00
  0.3356641492702702E+01  0.4139271345879276E+00
  0.3357875049331331E+01  0.4108513618349396E+00
  0.3359108605959960E+01  0.4077698867063678E+00
  0.3360342162588588E+01  0.4059859855396831E+00
  0.3361575719217217E+01  0.4061571847741361E+00
  0.3362809275845846E+01  0.4066225935554757E+00
  0.3364042832474474E+01  0.4070751946972763E+00
  0.3365276389103103E+01  0.4075168065194332E+00
  0.3366509945731731E+01  0.4079500848253446E+00
  0.3367743502360360E+01  0.4083755519701521E+00
  0.3368977058988988E+01  0.4087932495126266E+00
  0.3370210615617617E+01  0.4098003328911864E+00
  0.3371444172246246E+01  0.4133077142842967E+00
  0.3372677728874875E+01  0.4171307157337815E+00
  0.3373911285503503E+01  0.4212432469677344E+00
  0.3375144842132132E+01  0.4248127124739116E+00
  0.3376378398760760E+01  0.4283182830165447E+00
  0.3377611955389389E+01  0.4318154640638840E+00
  0.3378845512018018E+01  0.4353092875602158E+00
  0.3380079068646646E+01  0.4380508540084174E+00
  0.3381312625275275E+01  0.4396684448568645E+00
  0.3382546181903904E+01  0.4406949030392395E+00
  0.3383779738532532E+01  0.4417216404994170E+00
  0.3385013295161161E+01  0.4427498654012498E+00
  0.3386246851789790E+01  0.4437709168495971E+00
  0.3387480408418418E+01  0.4447831989169787E+00
  0.3388713965047047E+01  0.4457981816868278E+00
  0.3389947521675675E+01  0.4466069602239613E+00
  0.3391181078304304E+01  0.4465573117507777E+00
  0.3392414634932932E+01  0.4462532623551475E+00
  0.3393648191561561E+01  0.4459510869644953E+00
  0.3394881748190190E+01  0.4456508321729576E+00
  0.3396115304818819E+01  0.4453493851948817E+00
  0.3397348861447447E+01  0.4450451253936793E+00
  0.3398582418076076E+01  0.4447444853614533E+00
  0.3399815974704704E+01  0.4444465058838308E+00
  0.3401049531333333E+01  0.4441292310714370E+00
  0.3402283087961961E+01  0.4438082122393975E+00
  0.3403516644590590E+01  0.4434912228881330E+00
  0.3404750201219219E+01  0.4431854852819619E+00
  0.3405983757847848E+01  0.4428868420696587E+00
  0.3407217314476476E+01  0.4426007814237988E+00
  0.3408450871105105E+01  0.4423650745184630E+00
  0.3409684427733733E+01  0.4423371084649457E+00
  0.3410917984362362E+01  0.4424397450446601E+00
  0.3412151540990991E+01  0.4423542992349895E+00
  0.3413385097619619E+01  0.4422726956277148E+00
  0.3414618654248248E+01  0.4422130362658031E+00
  0.3415852210876877E+01  0.4425445097040861E+00
  0.3417085767505505E+01  0.4425221622076501E+00
  0.3418319324134134E+01  0.4424481755623975E+00
  0.3419552880762763E+01  0.4423619381456384E+00
  0.3420786437391391E+01  0.4424901936024313E+00
  0.3422019994020020E+01  0.4427268152889057E+00
  0.3423253550648648E+01  0.4429568422442247E+00
  0.3424487107277277E+01  0.4431736384718831E+00
  0.3425720663905905E+01  0.4433748112914840E+00
  0.3426954220534534E+01  0.4435640463380449E+00
  0.3428187777163163E+01  0.4437503248306094E+00
  0.3429421333791792E+01  0.4439256640691853E+00
  0.3430654890420420E+01  0.4440139337653654E+00
  0.3431888447049049E+01  0.4440567404140666E+00
  0.3433122003677677E+01  0.4440874658414742E+00
  0.3434355560306306E+01  0.4440768306288640E+00
  0.3435589116934934E+01  0.4439974395057766E+00
  0.3436822673563563E+01  0.4438515660351270E+00
  0.3438056230192192E+01  0.4436666786762510E+00
  0.3439289786820821E+01  0.4434562043270194E+00
  0.3440523343449449E+01  0.4431782906762648E+00
  0.3441756900078078E+01  0.4427758430348892E+00
  0.3442990456706706E+01  0.4423811131609665E+00
  0.3444224013335335E+01  0.4424258267773933E+00
  0.3445457569963964E+01  0.4420124333975154E+00
  0.3446691126592592E+01  0.4415582948605419E+00
  0.3447924683221221E+01  0.4412131953595750E+00
  0.3449158239849849E+01  0.4409985624033687E+00
  0.3450391796478478E+01  0.4407685575450948E+00
  0.3451625353107107E+01  0.4405186514408581E+00
  0.3452858909735736E+01  0.4403042382094183E+00
  0.3454092466364364E+01  0.4401003713292285E+00
  0.3455326022992993E+01  0.4399173600303535E+00
  0.3456559579621621E+01  0.4397617068815891E+00
  0.3457793136250250E+01  0.4396347190192937E+00
  0.3459026692878878E+01  0.4395403637288340E+00
  0.3460260249507507E+01  0.4395889704646725E+00
  0.3461493806136136E+01  0.4398638297942845E+00
  0.3462727362764765E+01  0.4402260377046283E+00
  0.3463960919393393E+01  0.4406350383855161E+00
  0.3465194476022022E+01  0.4410951619890621E+00
  0.3466428032650650E+01  0.4416076239288359E+00
  0.3467661589279279E+01  0.4421727639033546E+00
  0.3468895145907907E+01  0.4427938791629732E+00
  0.3470128702536536E+01  0.4434322258991156E+00
  0.3471362259165165E+01  0.4438879791834129E+00
  0.3472595815793794E+01  0.4443968579488983E+00
  0.3473829372422422E+01  0.4449510151700371E+00
  0.3475062929051051E+01  0.4455496170174554E+00
  0.3476296485679679E+01  0.4464426822897034E+00
  0.3477530042308308E+01  0.4473149246611963E+00
  0.3478763598936937E+01  0.4481767005251843E+00
  0.3479997155565565E+01  0.4491918875204566E+00
  0.3481230712194194E+01  0.4502863079897991E+00
  0.3482464268822822E+01  0.4512834974661977E+00
  0.3483697825451451E+01  0.4522471457938186E+00
  0.3484931382080080E+01  0.4531617223589054E+00
  0.3486164938708709E+01  0.4540110424017422E+00
  0.3487398495337337E+01  0.4547504840337357E+00
  0.3488632051965966E+01  0.4553749796606792E+00
  0.3489865608594594E+01  0.4558525926173660E+00
  0.3491099165223223E+01  0.4562214667606405E+00
  0.3492332721851851E+01  0.4564215011535294E+00
  0.3493566278480480E+01  0.4563947907683826E+00
  0.3494799835109109E+01  0.4561133734472537E+00
  0.3496033391737738E+01  0.4555469439446633E+00
  0.3497266948366366E+01  0.4546547587007506E+00
  0.3498500504994995E+01  0.4534043150617321E+00
  0.3499734061623623E+01  0.4517471468849603E+00
  0.3500967618252252E+01  0.4495954506863948E+00
  0.3502201174880881E+01  0.4469854813523050E+00
  0.3503434731509509E+01  0.4439230443601634E+00
  0.3504668288138138E+01  0.4403875941493495E+00
  0.3505901844766766E+01  0.4363796196946230E+00
  0.3507135401395395E+01  0.4320866062218450E+00
  0.3508368958024024E+01  0.4273003834263732E+00
  0.3509602514652652E+01  0.4218906485794612E+00
  0.3510836071281281E+01  0.4160851171146715E+00
  0.3512069627909909E+01  0.4097841272968273E+00
  0.3513303184538538E+01  0.4028770932536896E+00
  0.3514536741167167E+01  0.3955620797104727E+00
  0.3515770297795795E+01  0.3878792146837449E+00
  0.3517003854424424E+01  0.3799104272672182E+00
  0.3518237411053053E+01  0.3716209819203943E+00
  0.3519470967681682E+01  0.3630337663777307E+00
  0.3520704524310310E+01  0.3541629021713026E+00
  0.3521938080938939E+01  0.3450644517172287E+00
  0.3523171637567567E+01  0.3358069328315040E+00
  0.3524405194196196E+01  0.3264354352880244E+00
  0.3525638750824824E+01  0.3169894642997021E+00
  0.3526872307453453E+01  0.3075227404590840E+00
  0.3528105864082081E+01  0.2980609357626636E+00
  0.3529339420710710E+01  0.2886225301291169E+00
  0.3530572977339339E+01  0.2792691161711872E+00
  0.3531806533967968E+01  0.2700163780318087E+00
  0.3533040090596596E+01  0.2609065390503578E+00
  0.3534273647225225E+01  0.2521073914223271E+00
  0.3535507203853854E+01  0.2434695319624673E+00
  0.3536740760482482E+01  0.2349367143692594E+00
  0.3537974317111111E+01  0.2265960675340020E+00
  0.3539207873739739E+01  0.2184705344507916E+00
  0.3540441430368368E+01  0.2105632310285428E+00
  0.3541674986996997E+01  0.2028764239321269E+00
  0.3542908543625625E+01  0.1956030722124496E+00
  0.3544142100254254E+01  0.1884317058738869E+00
  0.3545375656882882E+01  0.1814876463887370E+00
  0.3546609213511511E+01  0.1747828893227703E+00
  0.3547842770140140E+01  0.1683202180030715E+00
  0.3549076326768768E+01  0.1620855029342315E+00
  0.3550309883397397E+01  0.1560747760812811E+00
  0.3551543440026026E+01  0.1503437653826804E+00
  0.3552776996654655E+01  0.1448565581984888E+00
  0.3554010553283283E+01  0.1394636816913701E+00
  0.3555244109911912E+01  0.1342745293249605E+00
  0.3556477666540540E+01  0.1292686856859038E+00
  0.3557711223169169E+01  0.1244589956497447E+00
  0.3558944779797797E+01  0.1198320148138684E+00
  0.3560178336426426E+01  0.1153677612767648E+00
  0.3561411893055054E+01  0.1110697961309355E+00
  0.3562645449683683E+01  0.1069184138786525E+00
  0.3563879006312312E+01  0.1029013107146945E+00
  0.3565112562940941E+01  0.9901801436654276E-01
  0.3566346119569569E+01  0.9526237579334020E-01
  0.3567579676198198E+01  0.9163882061911489E-01
  0.3568813232826827E+01  0.8817189180087723E-01
  0.3570046789455455E+01  0.8479158149519020E-01
  0.3571280346084084E+01  0.8146813635042659E-01
  0.3572513902712712E+01  0.7825727290499708E-01
  0.3573747459341341E+01  0.7513768408351314E-01
  0.3574981015969970E+01  0.7211256185345091E-01
  0.3576214572598598E+01  0.6918123136972937E-01
  0.3577448129227227E+01  0.6637080314711702E-01
  0.3578681685855855E+01  0.6363325354968727E-01
  0.3579915242484484E+01  0.6094178030874335E-01
  0.3581148799113113E+01  0.5832425904997778E-01
  0.3582382355741741E+01  0.5578419138056376E-01
  0.3583615912370370E+01  0.5333451583632855E-01
  0.3584849468998998E+01  0.5099485657827928E-01
  0.3586083025627627E+01  0.4869994040097914E-01
  0.3587316582256256E+01  0.4647419539451749E-01
  0.3588550138884885E+01  0.4431754349357595E-01
  0.3589783695513513E+01  0.4223742441071725E-01
  0.3591017252142142E+01  0.4022785897283769E-01
  0.3592250808770770E+01  0.3828792402568822E-01
  0.3593484365399399E+01  0.3642190800949417E-01
  0.3594717922028027E+01  0.3462772995948530E-01
  0.3595951478656656E+01  0.3290043837086486E-01
  0.3597185035285285E+01  0.3124603614097247E-01
  0.3598418591913914E+01  0.2966225535871355E-01
  0.3599652148542542E+01  0.2814268480378524E-01
  0.3600885705171171E+01  0.2669815418765872E-01
  0.3602119261799800E+01  0.2531699586444399E-01
  0.3603352818428428E+01  0.2401367372442477E-01
  0.3604586375057057E+01  0.2276928469250282E-01
  0.3605819931685685E+01  0.2157440744158973E-01
  0.3607053488314314E+01  0.2043538353002097E-01
  0.3608287044942943E+01  0.1935615318245459E-01
  0.3609520601571571E+01  0.1832977159896322E-01
  0.3610754158200200E+01  0.1735133889894340E-01
  0.3611987714828828E+01  0.1642867536741289E-01
  0.3613221271457457E+01  0.1555468309835261E-01
  0.3614454828086086E+01  0.1473070398995621E-01
  0.3615688384714714E+01  0.1395599249902357E-01
  0.3616921941343343E+01  0.1322012436349619E-01
  0.3618155497971971E+01  0.1252622188163948E-01
  0.3619389054600600E+01  0.1187946802632873E-01
  0.3620622611229229E+01  0.1126423217086281E-01
  0.3621856167857858E+01  0.1067743471967092E-01
  0.3623089724486486E+01  0.1012518723030316E-01
  0.3624323281115115E+01  0.9603847281555705E-02
  0.3625556837743743E+01  0.9113723109937851E-02
  0.3626790394372372E+01  0.8656162455813521E-02
  0.3628023951001000E+01  0.8217306703237169E-02
  0.3629257507629629E+01  0.7805044163021474E-02
  0.3630491064258258E+01  0.7422472217819220E-02
  0.3631724620886887E+01  0.7059641587708288E-02
  0.3632958177515515E+01  0.6719122577458722E-02
  0.3634191734144144E+01  0.6398823888100662E-02
  0.3635425290772773E+01  0.6094050447168341E-02
  0.3636658847401401E+01  0.5804954660614992E-02
  0.3637892404030030E+01  0.5533431203341663E-02
  0.3639125960658658E+01  0.5277778199260455E-02
  0.3640359517287287E+01  0.5040458850932340E-02
  0.3641593073915915E+01  0.4819753738584871E-02
  0.3642826630544544E+01  0.4604338173460340E-02
  0.3644060187173173E+01  0.4402023198599237E-02
  0.3645293743801801E+01  0.4213455405773823E-02
  0.3646527300430430E+01  0.4033201203718256E-02
  0.3647760857059059E+01  0.3864142883617653E-02
  0.3648994413687687E+01  0.3705814611875854E-02
  0.3650227970316316E+01  0.3554507697387156E-02
  0.3651461526944944E+01  0.3410884757382839E-02
  0.3652695083573573E+01  0.3277085251839879E-02
  0.3653928640202202E+01  0.3147576273136384E-02
  0.3655162196830831E+01  0.3026024893900921E-02
  0.3656395753459459E+01  0.2914800308966016E-02
  0.3657629310088088E+01  0.2803771351774723E-02
  0.3658862866716716E+01  0.2700453262937970E-02
  0.3660096423345345E+01  0.2605504931029121E-02
  0.3661329979973973E+01  0.2513896367720205E-02
  0.3662563536602602E+01  0.2426768938597341E-02
  0.3663797093231231E+01  0.2343388267397314E-02
  0.3665030649859859E+01  0.2262058505618244E-02
  0.3666264206488488E+01  0.2184817525641538E-02
  0.3667497763117117E+01  0.2113809636849330E-02
  0.3668731319745745E+01  0.2044477756912027E-02
  0.3669964876374374E+01  0.1980409237370973E-02
  0.3671198433003003E+01  0.1921579859749663E-02
  0.3672431989631631E+01  0.1861595866936237E-02
  0.3673665546260260E+01  0.1804249795313798E-02
  0.3674899102888888E+01  0.1750118485025889E-02
  0.3676132659517517E+01  0.1696688824719219E-02
  0.3677366216146146E+01  0.1646989242973399E-02
  0.3678599772774774E+01  0.1601770086645987E-02
  0.3679833329403403E+01  0.1557635424961885E-02
  0.3681066886032032E+01  0.1514295858537915E-02
  0.3682300442660660E+01  0.1475285582815648E-02
  0.3683533999289289E+01  0.1436083201051758E-02
  0.3684767555917917E+01  0.1398523432928317E-02
  0.3686001112546546E+01  0.1366661070127857E-02
  0.3687234669175175E+01  0.1328878653643189E-02
  0.3688468225803804E+01  0.1290131825356417E-02
  0.3689701782432432E+01  0.1256785135864843E-02
  0.3690935339061061E+01  0.1226178086482347E-02
  0.3692168895689689E+01  0.1197221031673555E-02
  0.3693402452318318E+01  0.1170801956242193E-02
  0.3694636008946946E+01  0.1144582083595302E-02
  0.3695869565575575E+01  0.1116088927452105E-02
  0.3697103122204204E+01  0.1090504489746935E-02
  0.3698336678832832E+01  0.1065097889938580E-02
  0.3699570235461461E+01  0.1037217217876837E-02
  0.3700803792090090E+01  0.1012791162408566E-02
  0.3702037348718718E+01  0.9887096776968478E-03
  0.3703270905347347E+01  0.9642125271709554E-03
  0.3704504461975976E+01  0.9415567670095324E-03
  0.3705738018604604E+01  0.9196573213714402E-03
  0.3706971575233233E+01  0.8979082353274449E-03
  0.3708205131861861E+01  0.8773727034933115E-03
  0.3709438688490490E+01  0.8570354411254174E-03
  0.3710672245119119E+01  0.8341383907127567E-03
  0.3711905801747747E+01  0.8118740073678715E-03
  0.3713139358376376E+01  0.7910545883980234E-03
  0.3714372915005005E+01  0.7690480774243214E-03
  0.3715606471633633E+01  0.7501807963965502E-03
  0.3716840028262262E+01  0.7331309535827092E-03
  0.3718073584890890E+01  0.7150081392505370E-03
  0.3719307141519519E+01  0.6968716716804775E-03
  0.3720540698148148E+01  0.6791684308310004E-03
  0.3721774254776776E+01  0.6614385482387917E-03
  0.3723007811405405E+01  0.6441050989864221E-03
  0.3724241368034034E+01  0.6269678182987565E-03
  0.3725474924662662E+01  0.6074085969518723E-03
  0.3726708481291291E+01  0.5883788974924108E-03
  0.3727942037919919E+01  0.5723261396254416E-03
  0.3729175594548548E+01  0.5540951227629286E-03
  0.3730409151177177E+01  0.5362586599183347E-03
  0.3731642707805805E+01  0.5198735506227917E-03
  0.3732876264434434E+01  0.5026306778428747E-03
  0.3734109821063063E+01  0.4857625383849319E-03
  0.3735343377691691E+01  0.4705268636878028E-03
  0.3736576934320320E+01  0.4549452491310447E-03
  0.3737810490948949E+01  0.4380171937450741E-03
  0.3739044047577577E+01  0.4236408938441322E-03
  0.3740277604206206E+01  0.4097283253496225E-03
  0.3741511160834834E+01  0.3925369546530850E-03
  0.3742744717463463E+01  0.3767903336900064E-03
  0.3743978274092091E+01  0.3618859363706400E-03
  0.3745211830720720E+01  0.3471261755078042E-03
  0.3746445387349349E+01  0.3344529502005385E-03
  0.3747678943977978E+01  0.3215921166913337E-03
  0.3748912500606606E+01  0.3073099797595042E-03
  0.3750146057235235E+01  0.2940126278592054E-03
  0.3751379613863863E+01  0.2829429118452470E-03
  0.3752613170492492E+01  0.2711799287460326E-03
  0.3753846727121121E+01  0.2594024638002593E-03
  0.3755080283749749E+01  0.2499862845567895E-03
  0.3756313840378378E+01  0.2376597018281492E-03
  0.3757547397007007E+01  0.2250794641078505E-03
  0.3758780953635635E+01  0.2159857711918459E-03
  0.3760014510264264E+01  0.2070608094031408E-03
  0.3761248066892892E+01  0.1977649045397334E-03
  0.3762481623521521E+01  0.1892989418000854E-03
  0.3763715180150150E+01  0.1810753170766001E-03
  0.3764948736778778E+01  0.1726214526198390E-03
  0.3766182293407407E+01  0.1655477234746273E-03
  0.3767415850036036E+01  0.1592801107494586E-03
  0.3768649406664664E+01  0.1505937980961794E-03
  0.3769882963293293E+01  0.1426332152355656E-03
  0.3771116519921922E+01  0.1372485686657647E-03
  0.3772350076550550E+01  0.1313617829323252E-03
  0.3773583633179179E+01  0.1265128822795944E-03
  0.3774817189807807E+01  0.1228283868390591E-03
  0.3776050746436436E+01  0.1182294852787703E-03
  0.3777284303065064E+01  0.1128691475221323E-03
  0.3778517859693693E+01  0.1073470218493336E-03
  0.3779751416322322E+01  0.1011607455587607E-03
  0.3780984972950951E+01  0.9558096591958142E-04
  0.3782218529579579E+01  0.9317195980485902E-04
  0.3783452086208208E+01  0.9248041250466360E-04
  0.3784685642836836E+01  0.8969757059611421E-04
  0.3785919199465465E+01  0.8722122282737310E-04
  0.3787152756094094E+01  0.8474874069844101E-04
  0.3788386312722722E+01  0.8100874291880301E-04
  0.3789619869351351E+01  0.7804300654629500E-04
  0.3790853425979980E+01  0.7602198862011783E-04
  0.3792086982608608E+01  0.7302424671946534E-04
  0.3793320539237237E+01  0.6929378125495130E-04
  0.3794554095865865E+01  0.6746969386642769E-04
  0.3795787652494494E+01  0.6670650124357706E-04
  0.3797021209123123E+01  0.6486526621417590E-04
  0.3798254765751751E+01  0.6587519047164023E-04
  0.3799488322380380E+01  0.6695272105060335E-04
  0.3800721879009008E+01  0.6464306840605802E-04
  0.3801955435637637E+01  0.6312055808894527E-04
  0.3803188992266266E+01  0.6220160200150093E-04
  0.3804422548894895E+01  0.6080143594000998E-04
  0.3805656105523523E+01  0.6026181453660417E-04
  0.3806889662152152E+01  0.6031955283012923E-04
  0.3808123218780780E+01  0.5827181621490613E-04
  0.3809356775409409E+01  0.5489857409242964E-04
  0.3810590332038037E+01  0.5420210268323657E-04
  0.3811823888666666E+01  0.5369890101976877E-04
  0.3813057445295295E+01  0.5161223940773514E-04
  0.3814291001923924E+01  0.5032719502352528E-04
  0.3815524558552552E+01  0.4886200690862990E-04
  0.3816758115181181E+01  0.4715427873078595E-04
  0.3817991671809809E+01  0.4619938147161554E-04
  0.3819225228438438E+01  0.4596499159039613E-04
  0.3820458785067067E+01  0.4592341873993797E-04
  0.3821692341695695E+01  0.4588184588947982E-04
  0.3822925898324324E+01  0.4584027303902166E-04
  0.3824159454952953E+01  0.4579870018856350E-04
  0.3825393011581581E+01  0.4582388651860089E-04
  0.3826626568210210E+01  0.4723194024444718E-04
  0.3827860124838838E+01  0.4821356499410874E-04
  0.3829093681467467E+01  0.4761760568643279E-04
  0.3830327238096096E+01  0.4709760835515359E-04
  0.3831560794724724E+01  0.4662632746024017E-04
  0.3832794351353353E+01  0.4666668937535342E-04
  0.3834027907981981E+01  0.4711683813210848E-04
  0.3835261464610610E+01  0.4743891812616317E-04
  0.3836495021239239E+01  0.4751302150099068E-04
  0.3837728577867868E+01  0.4749207080019874E-04
  0.3838962134496496E+01  0.4747112009940681E-04
  0.3840195691125125E+01  0.4745016939861487E-04
  0.3841429247753753E+01  0.4742921869782293E-04
  0.3842662804382382E+01  0.4740826799703099E-04
  0.3843896361011010E+01  0.4738731729623906E-04
  0.3845129917639639E+01  0.4736636659544712E-04
  0.3846363474268268E+01  0.4734541589465517E-04
  0.3847597030896897E+01  0.4732446519386324E-04
  0.3848830587525525E+01  0.4730351449307130E-04
  0.3850064144154154E+01  0.4728256379227936E-04
  0.3851297700782782E+01  0.4726161309148742E-04
  0.3852531257411411E+01  0.4724066239069548E-04
  0.3853764814040040E+01  0.4721971168990354E-04
  0.3854998370668668E+01  0.4719876098911161E-04
  0.3856231927297297E+01  0.4717781028831967E-04
  0.3857465483925925E+01  0.4715685958752773E-04
  0.3858699040554554E+01  0.4713590888673579E-04
  0.3859932597183183E+01  0.4711495818594385E-04
  0.3861166153811811E+01  0.4709400748515192E-04
  0.3862399710440440E+01  0.4707305678435998E-04
  0.3863633267069069E+01  0.4705210608356803E-04
  0.3864866823697697E+01  0.4703115538277610E-04
  0.3866100380326326E+01  0.4701020468198416E-04
  0.3867333936954954E+01  0.4698925398119222E-04
  0.3868567493583583E+01  0.4696830328040029E-04
  0.3869801050212212E+01  0.4694735257960834E-04
  0.3871034606840841E+01  0.4692640187881640E-04
  0.3872268163469469E+01  0.4690545117802446E-04
  0.3873501720098098E+01  0.4688450047723253E-04
  0.3874735276726726E+01  0.4686354977644059E-04
  0.3875968833355355E+01  0.4684259907564866E-04
  0.3877202389983983E+01  0.4682164837485671E-04
  0.3878435946612612E+01  0.4680069767406479E-04
  0.3879669503241241E+01  0.4677974697327283E-04
  0.3880903059869869E+01  0.4675879627248090E-04
  0.3882136616498498E+01  0.4673784557168896E-04
  0.3883370173127127E+01  0.4671689487089702E-04
  0.3884603729755755E+01  0.4669594417010509E-04
  0.3885837286384384E+01  0.4667499346931314E-04
  0.3887070843013013E+01  0.4665404276852120E-04
  0.3888304399641641E+01  0.4663309206772927E-04
  0.3889537956270270E+01  0.4661214136693733E-04
  0.3890771512898898E+01  0.4659119066614539E-04
  0.3892005069527527E+01  0.4657023996535345E-04
  0.3893238626156156E+01  0.4654928926456152E-04
  0.3894472182784784E+01  0.4652833856376958E-04
  0.3895705739413413E+01  0.4650738786297764E-04
  0.3896939296042042E+01  0.4648643716218570E-04
  0.3898172852670670E+01  0.4646548646139376E-04
  0.3899406409299299E+01  0.4644453576060182E-04
  0.3900639965927927E+01  0.4642358505980988E-04
  0.3901873522556556E+01  0.4640263435901795E-04
  0.3903107079185185E+01  0.4638168365822601E-04
  0.3904340635813814E+01  0.4636073295743407E-04
  0.3905574192442442E+01  0.4633978225664213E-04
  0.3906807749071071E+01  0.4631883155585019E-04
  0.3908041305699699E+01  0.4629788085505826E-04
  0.3909274862328328E+01  0.4627693015426632E-04
  0.3910508418956956E+01  0.4625597945347438E-04
  0.3911741975585585E+01  0.4623502875268244E-04
  0.3912975532214214E+01  0.4621407805189049E-04
  0.3914209088842842E+01  0.4619312735109856E-04
  0.3915442645471471E+01  0.4617217665030662E-04
  0.3916676202100100E+01  0.4615122594951469E-04
  0.3917909758728728E+01  0.4613027524872275E-04
  0.3919143315357357E+01  0.4610932454793081E-04
  0.3920376871985986E+01  0.4608837384713887E-04
  0.3921610428614614E+01  0.4606742314634693E-04
  0.3922843985243243E+01  0.4604647244555499E-04
  0.3924077541871871E+01  0.4602552174476306E-04
  0.3925311098500500E+01  0.4600457104397112E-04
  0.3926544655129129E+01  0.4598362034317918E-04
  0.3927778211757757E+01  0.4596266964238724E-04
  0.3929011768386386E+01  0.4594171894159531E-04
  0.3930245325015015E+01  0.4592076824080336E-04
  0.3931478881643643E+01  0.4589981754001143E-04
  0.3932712438272272E+01  0.4587886683921948E-04
  0.3933945994900900E+01  0.4585791613842755E-04
  0.3935179551529529E+01  0.4583696543763561E-04
  0.3936413108158158E+01  0.4581601473684367E-04
  0.3937646664786786E+01  0.4579506403605173E-04
  0.3938880221415415E+01  0.4583862469410517E-04
  0.3940113778044044E+01  0.4777882438970878E-04
  0.3941347334672672E+01  0.4776582497894571E-04
  0.3942580891301301E+01  0.4644320597003910E-04
  0.3943814447929929E+01  0.4600247847730666E-04
  0.3945048004558558E+01  0.4593590640863134E-04
  0.3946281561187187E+01  0.4586933433995600E-04
  0.3947515117815815E+01  0.4580276227128070E-04
  0.3948748674444444E+01  0.4598210253460946E-04
  0.3949982231073073E+01  0.4658902014839383E-04
  0.3951215787701701E+01  0.4719593776217820E-04
  0.3952449344330330E+01  0.4780285537596278E-04
  0.3953682900958959E+01  0.4840977298974715E-04
  0.3954916457587587E+01  0.4952459143653235E-04
  0.3956150014216216E+01  0.5071785778099396E-04
  0.3957383570844844E+01  0.5253338610444000E-04
  0.3958617127473473E+01  0.5239742205325120E-04
  0.3959850684102102E+01  0.5207707166765642E-04
  0.3961084240730730E+01  0.5260970985297299E-04
  0.3962317797359359E+01  0.5255236221834942E-04
  0.3963551353987988E+01  0.5139790867919268E-04
  0.3964784910616616E+01  0.5127927138146221E-04
  0.3966018467245245E+01  0.5279415465306643E-04
  0.3967252023873873E+01  0.5410982710310608E-04
  0.3968485580502502E+01  0.5343939841884855E-04
  0.3969719137131131E+01  0.5414854071350586E-04
  0.3970952693759759E+01  0.5500861515308578E-04
  0.3972186250388388E+01  0.5413906462042614E-04
  0.3973419807017017E+01  0.5502667690279552E-04
  0.3974653363645645E+01  0.5719742062439997E-04
  0.3975886920274274E+01  0.5786604017920091E-04
  0.3977120476902902E+01  0.5646259157597124E-04
  0.3978354033531531E+01  0.5498881007683199E-04
  0.3979587590160160E+01  0.5479873374124859E-04
  0.3980821146788788E+01  0.5496976902120418E-04
  0.3982054703417417E+01  0.5444717709515353E-04
  0.3983288260046046E+01  0.5649528324234301E-04
  0.3984521816674674E+01  0.5786044572227597E-04
  0.3985755373303303E+01  0.5832993578832391E-04
  0.3986988929931932E+01  0.5927299625495940E-04
  0.3988222486560560E+01  0.5985976789138290E-04
  0.3989456043189189E+01  0.5895201353986002E-04
  0.3990689599817817E+01  0.5711718765365490E-04
  0.3991923156446446E+01  0.5638095230360495E-04
  0.3993156713075074E+01  0.5778903300433270E-04
  0.3994390269703703E+01  0.5937146982204648E-04
  0.3995623826332332E+01  0.5997822917326438E-04
  0.3996857382960960E+01  0.5957586940877944E-04
  0.3998090939589589E+01  0.5798741852177151E-04
  0.3999324496218218E+01  0.5735088824133309E-04
  0.4000558052846847E+01  0.5787567772690268E-04
  0.4001791609475475E+01  0.5797199533471378E-04
  0.4003025166104104E+01  0.5638941777386589E-04
  0.4004258722732732E+01  0.5453008936450422E-04
  0.4005492279361361E+01  0.5398398256019548E-04
  0.4006725835989990E+01  0.5411167279462948E-04
  0.4007959392618618E+01  0.5452490852328684E-04
  0.4009192949247247E+01  0.5706172520135581E-04
  0.4010426505875875E+01  0.5962929467153968E-04
  0.4011660062504504E+01  0.5969967998567999E-04
  0.4012893619133132E+01  0.5840105480753987E-04
  0.4014127175761761E+01  0.5842351742833337E-04
  0.4015360732390389E+01  0.5779774878894224E-04
  0.4016594289019018E+01  0.5507142456464645E-04
  0.4017827845647647E+01  0.5256574337130907E-04
  0.4019061402276276E+01  0.5130590798230013E-04
  0.4020294958904905E+01  0.4972037034280094E-04
  0.4021528515533533E+01  0.4797753802510046E-04
  0.4022762072162162E+01  0.4770256055408562E-04
  0.4023995628790790E+01  0.5004133923265286E-04
  0.4025229185419419E+01  0.5194095754586199E-04
  0.4026462742048047E+01  0.5198341714963532E-04
  0.4027696298676676E+01  0.5229045754471186E-04
  0.4028929855305305E+01  0.5199942031269612E-04
  0.4030163411933933E+01  0.5185971588593634E-04
  0.4031396968562563E+01  0.5267265004361428E-04
  0.4032630525191191E+01  0.5404455724438579E-04
  0.4033864081819820E+01  0.5439816829257314E-04
  0.4035097638448448E+01  0.5353053383284275E-04
  0.4036331195077077E+01  0.5472012634543451E-04
  0.4037564751705705E+01  0.5877472626209139E-04
  0.4038798308334334E+01  0.6137145455504744E-04
  0.4040031864962963E+01  0.6225430808831879E-04
  0.4041265421591591E+01  0.6172658054298718E-04
  0.4042498978220220E+01  0.5981081485273924E-04
  0.4043732534848848E+01  0.5705889858545367E-04
  0.4044966091477477E+01  0.5642135189869084E-04
  0.4046199648106105E+01  0.5804136124928824E-04
  0.4047433204734734E+01  0.5974387496968437E-04
  0.4048666761363362E+01  0.6078241480240222E-04
  0.4049900317991991E+01  0.6228530331508254E-04
  0.4051133874620620E+01  0.6382440514971759E-04
  0.4052367431249249E+01  0.6435497927191777E-04
  0.4053600987877878E+01  0.6386528368689244E-04
  0.4054834544506506E+01  0.6509577788898143E-04
  0.4056068101135135E+01  0.6464672436434668E-04
  0.4057301657763763E+01  0.6305862883005466E-04
  0.4058535214392392E+01  0.6209202882223601E-04
  0.4059768771021020E+01  0.6194617884012509E-04
  0.4061002327649649E+01  0.6143489863968276E-04
  0.4062235884278278E+01  0.6006887820542244E-04
  0.4063469440906906E+01  0.5941400678001473E-04
  0.4064702997535536E+01  0.6105343311793380E-04
  0.4065936554164164E+01  0.6167802801034246E-04
  0.4067170110792793E+01  0.6197677223439880E-04
  0.4068403667421421E+01  0.6262577081718304E-04
  0.4069637224050050E+01  0.6307319571972776E-04
  0.4070870780678678E+01  0.6234240418823288E-04
  0.4072104337307307E+01  0.6247454508752042E-04
  0.4073337893935935E+01  0.6392870308722118E-04
  0.4074571450564564E+01  0.6453999927769562E-04
  0.4075805007193193E+01  0.6348952807768938E-04
  0.4077038563821821E+01  0.6227627462443311E-04
  0.4078272120450450E+01  0.6157722242542569E-04
  0.4079505677079078E+01  0.6090874512410619E-04
  0.4080739233707707E+01  0.5909372785069737E-04
  0.4081972790336335E+01  0.6054762681923039E-04
  0.4083206346964964E+01  0.6233168257630316E-04
  0.4084439903593593E+01  0.6214568741975564E-04
  0.4085673460222222E+01  0.6112064523827082E-04
  0.4086907016850851E+01  0.6069574909158155E-04
  0.4088140573479479E+01  0.6088460684002821E-04
  0.4089374130108108E+01  0.6060002754661611E-04
  0.4090607686736736E+01  0.6033750438535671E-04
  0.4091841243365365E+01  0.6155014069842347E-04
  0.4093074799993993E+01  0.6249297361206454E-04
  0.4094308356622622E+01  0.6246627916895809E-04
  0.4095541913251250E+01  0.6184155645458566E-04
  0.4096775469879879E+01  0.6226000370435967E-04
  0.4098009026508509E+01  0.6166207945758491E-04
  0.4099242583137137E+01  0.6134770117036365E-04
  0.4100476139765766E+01  0.6247601153197090E-04
  0.4101709696394394E+01  0.6379530981260166E-04
  0.4102943253023023E+01  0.6382204873132982E-04
  0.4104176809651651E+01  0.6252480861074166E-04
  0.4105410366280280E+01  0.6134221889755100E-04
  0.4106643922908908E+01  0.6110234552850437E-04
  0.4107877479537537E+01  0.5946107414890714E-04
  0.4109111036166166E+01  0.5841866786045484E-04
  0.4110344592794794E+01  0.5886266373438772E-04
  0.4111578149423423E+01  0.5970011450550476E-04
  0.4112811706052051E+01  0.5861885196068353E-04
  0.4114045262680680E+01  0.5746671404520339E-04
  0.4115278819309308E+01  0.5722693354282397E-04
  0.4116512375937937E+01  0.5669317130709314E-04
  0.4117745932566566E+01  0.5553943266734385E-04
  0.4118979489195195E+01  0.5500747559028767E-04
  0.4120213045823824E+01  0.5603816215046668E-04
  0.4121446602452452E+01  0.5810252375529661E-04
  0.4122680159081081E+01  0.5845517900802415E-04
  0.4123913715709709E+01  0.5959029175502655E-04
  0.4125147272338338E+01  0.6077906122223479E-04
  0.4126380828966966E+01  0.6131416558007828E-04
  0.4127614385595595E+01  0.6065062075126855E-04
  0.4128847942224223E+01  0.6004372062893306E-04
  0.4130081498852852E+01  0.5886100109431022E-04
  0.4131315055481481E+01  0.5698200093643862E-04
  0.4132548612110110E+01  0.5553741056629919E-04
  0.4133782168738739E+01  0.5534732233990155E-04
  0.4135015725367367E+01  0.5562462991580651E-04
  0.4136249281995996E+01  0.5448395917177902E-04
  0.4137482838624624E+01  0.5185640669247656E-04
  0.4138716395253253E+01  0.5208806698365589E-04
  0.4139949951881881E+01  0.5291519801499193E-04
  0.4141183508510510E+01  0.5358804264325963E-04
  0.4142417065139139E+01  0.5370818553242334E-04
  0.4143650621767767E+01  0.5364693867645966E-04
  0.4144884178396396E+01  0.5245121643262391E-04
  0.4146117735025024E+01  0.5066567525199920E-04
  0.4147351291653653E+01  0.4995327418175379E-04
  0.4148584848282281E+01  0.5047282063579025E-04
  0.4149818404910910E+01  0.5133102667467038E-04
  0.4151051961539538E+01  0.5100598961495546E-04
  0.4152285518168168E+01  0.5180420654079583E-04
  0.4153519074796796E+01  0.5339956535639524E-04
  0.4154752631425425E+01  0.5347284413513545E-04
  0.4155986188054054E+01  0.5231635547360058E-04
  0.4157219744682682E+01  0.5117372085905545E-04
  0.4158453301311311E+01  0.5107916400450873E-04
  0.4159686857939939E+01  0.5129953017823362E-04
  0.4160920414568568E+01  0.5135924713115062E-04
  0.4162153971197196E+01  0.5173622340321301E-04
  0.4163387527825825E+01  0.5196960118946211E-04
  0.4164621084454454E+01  0.5152749070968116E-04
  0.4165854641083083E+01  0.5031786117914582E-04
  0.4167088197711712E+01  0.5141630697774797E-04
  0.4168321754340340E+01  0.5199851257973365E-04
  0.4169555310968969E+01  0.5141344006587194E-04
  0.4170788867597597E+01  0.5022143461206672E-04
  0.4172022424226226E+01  0.5024534436765048E-04
  0.4173255980854854E+01  0.5092940158659187E-04
  0.4174489537483483E+01  0.5113622387443367E-04
  0.4175723094112112E+01  0.5086837743207933E-04
  0.4176956650740740E+01  0.5049658095624454E-04
  0.4178190207369369E+01  0.4971490543101413E-04
  0.4179423763997997E+01  0.4750488687906001E-04
  0.4180657320626626E+01  0.4663667526896065E-04
  0.4181890877255254E+01  0.4824089700547520E-04
  0.4183124433883883E+01  0.4965847472585087E-04
  0.4184357990512511E+01  0.4971035721919522E-04
  0.4185591547141141E+01  0.4874044726203168E-04
  0.4186825103769769E+01  0.4787445089542813E-04
  0.4188058660398398E+01  0.4743734484462958E-04
  0.4189292217027027E+01  0.4713897921723347E-04
  0.4190525773655655E+01  0.4684061358983735E-04
  0.4191759330284284E+01  0.4654224796244125E-04
  0.4192992886912912E+01  0.4627739776091038E-04
  0.4194226443541541E+01  0.4631691379787798E-04
  0.4195460000170169E+01  0.4582907971939748E-04
  0.4196693556798798E+01  0.4581401307026947E-04
  0.4197927113427427E+01  0.4584690822822063E-04
  0.4199160670056056E+01  0.4587980338617175E-04
  0.4200394226684685E+01  0.4591269854412287E-04
  0.4201627783313313E+01  0.4594559370207399E-04
  0.4202861339941942E+01  0.4597848886002511E-04
  0.4204094896570570E+01  0.4619396458621601E-04
  0.4205328453199199E+01  0.4666971138840042E-04
  0.4206562009827827E+01  0.4679150089355581E-04
  0.4207795566456456E+01  0.4671608429491862E-04
  0.4209029123085084E+01  0.4664066769628143E-04
  0.4210262679713713E+01  0.4656525109764425E-04
  0.4211496236342342E+01  0.4648983449900706E-04
  0.4212729792970970E+01  0.4641441790036987E-04
  0.4213963349599599E+01  0.4633900130173269E-04
  0.4215196906228227E+01  0.4626358470309550E-04
  0.4216430462856856E+01  0.4618816810445831E-04
  0.4217664019485484E+01  0.4611275150582112E-04
  0.4218897576114114E+01  0.4627631565284225E-04
  0.4220131132742742E+01  0.4709482021295662E-04
  0.4221364689371371E+01  0.4802377753627099E-04
  0.4223831802628628E+01  0.0000000000000000E+00
