    88.3572987798  -559.7114341674  2044.0000000000  2044.0000000000 481
   152.6160973294  -559.7335494886     5.0000000000  2044.0000000000 481
   152.1840884958  -495.4608697279     5.0000000000     5.0000000000 481
    88.8020779108  -495.5975678743  2044.0000000000     5.0000000000 481
   120.5254640701  -527.5431321986  1024.5000000000  1024.5000000000 481
    87.8920683782  -491.3813211627  2044.0000000000  2044.0000000000 482
   151.2244695168  -491.5288041596     5.0000000000  2044.0000000000 482
   150.8779896171  -428.2582235329     5.0000000000     5.0000000000 482
    88.2275858381  -428.2649427049  2044.0000000000     5.0000000000 482
   119.5890989791  -459.8633040577  1024.5000000000  1024.5000000000 482
    19.6652913687  -560.0450969846  2044.0000000000  2044.0000000000 483
    84.2218213270  -560.4955782927     5.0000000000  2044.0000000000 483
    83.7710181703  -495.8578163608     5.0000000000     5.0000000000 483
    20.0996996168  -495.7514402609  2044.0000000000     5.0000000000 483
    51.8855824829  -527.9527524294  1024.5000000000  1024.5000000000 483
    20.4336666545  -491.5869802123  2044.0000000000  2044.0000000000 484
    84.0543280162  -491.8020354444     5.0000000000  2044.0000000000 484
    83.7144327446  -428.1810937860     5.0000000000     5.0000000000 484
    20.7809329999  -428.3003906533  2044.0000000000     5.0000000000 484
    52.1945501781  -459.9724901697  1024.5000000000  1024.5000000000 484
    20.7959604331  -557.9767700949  2044.0000000000  2044.0000000000 485
   151.3411344536  -558.6604267565     5.0000000000  2044.0000000000 485
   149.7977555568  -428.5543662992     5.0000000000     5.0000000000 485
    22.3182842113  -428.8398052855  2044.0000000000     5.0000000000 485
    86.0390114187  -493.3857038417  1024.5000000000  1024.5000000000 485
  -153.5325182139  -559.6949971632  2044.0000000000  2044.0000000000   0
   153.2551504377  -556.8311507369     5.0000000000  2044.0000000000   0
   151.3341504918  -425.6951439033     5.0000000000     5.0000000000   0
  -151.6115182681  -428.4419760381  2044.0000000000     5.0000000000   0
    -0.3276288867  -492.9658888701  1024.5000000000  1024.5000000000   0
  -152.5966833458  -489.4472775002  2044.0000000000  2044.0000000000 486
   -89.2827435101  -489.2953366742     5.0000000000  2044.0000000000 486
   -89.6149639872  -426.1931657487     5.0000000000     5.0000000000 486
  -152.2529138993  -426.1881562933  2044.0000000000     5.0000000000 486
  -120.9695129285  -457.7887772274  1024.5000000000  1024.5000000000 486
  -153.2356675228  -557.6609083705  2044.0000000000  2044.0000000000 487
   -89.0032492598  -557.6186584042     5.0000000000  2044.0000000000 487
   -89.4430571559  -493.5391423851     5.0000000000     5.0000000000 487
  -152.8070250479  -493.4118962460  2044.0000000000     5.0000000000 487
  -121.1546843705  -525.4781411838  1024.5000000000  1024.5000000000 487
   -84.9974844892  -489.6380391494  2044.0000000000  2044.0000000000 488
   -21.3850321276  -489.4351088832     5.0000000000  2044.0000000000 488
   -21.7305139362  -426.1571890954     5.0000000000     5.0000000000 488
   -84.6605004114  -426.0254515665  2044.0000000000     5.0000000000 488
   -53.1399344634  -457.8217399794  1024.5000000000  1024.5000000000 488
   -85.1756500079  -558.2534469450  2044.0000000000  2044.0000000000 489
   -20.6348480546  -557.8055318246     5.0000000000  2044.0000000000 489
   -21.0665935536  -493.5415370675     5.0000000000     5.0000000000 489
   -84.7275936256  -493.6435764111  2044.0000000000     5.0000000000 489
   -52.8457025020  -525.7293209330  1024.5000000000  1024.5000000000 489
  -154.9933142316  -556.8286772980  2044.0000000000  2044.0000000000 490
   -24.2443964279  -556.1668518716     5.0000000000  2044.0000000000 490
   -25.7587044828  -426.8160037774     5.0000000000     5.0000000000 490
  -153.4564786260  -426.5279499113  2044.0000000000     5.0000000000 490
   -89.5965143913  -491.4741532445  1024.5000000000  1024.5000000000 490
