1024.5418660485884
1024.500692158414
180
-1
1024.5418660485884
1024.499307841586
0.03087522
0.03096206
-89.9598609
0.08871159
0.08871159
-1
52.19455
-459.97249
6 Sci2IdlX
0 0 -0.0
1 0 0.0308752101772131
1 1 0.0
2 0 6.090471059758185e-08
2 1 -1.648811075986838e-07
2 2 -1.407624753539182e-08
3 0 9.919179810764127e-12
3 1 1.082725418847517e-12
3 2 1.026719051828232e-11
3 3 6.055250679497582e-13
4 0 8.225418299399996e-16
4 1 5.208111141376619e-16
4 2 1.015354851378007e-15
4 3 4.796039586601361e-16
4 4 1.509165266579907e-16
5 0 1.412565532035823e-19
5 1 1.205191694459897e-20
5 2 2.905686840708651e-19
5 3 1.274448664775179e-20
5 4 1.455840343755253e-19
5 5 1.869623792580945e-21
6 Sci2IdlY
0 0 0.0
1 0 -2.617446232548599e-05
1 1 0.0309620567389514
2 0 8.500467376857998e-08
2 1 7.810383619782704e-08
2 2 -8.230006563535016e-08
3 0 1.138183736772789e-12
3 1 9.545790472780128e-12
3 2 1.505136714376422e-12
3 3 1.007679975218641e-11
4 0 2.483621188336127e-16
4 1 7.821651130577501e-16
4 2 9.609538523615145e-16
4 3 7.550780323079995e-16
4 4 6.361929426809501e-16
5 0 1.320549402608527e-21
5 1 1.583678165212544e-19
5 2 1.150791641765077e-20
5 3 2.971025554600567e-19
5 4 9.211250168319652e-21
5 5 1.370404286462984e-19
6 Idl2SciX
0 0 0.04186604858840326
1 0 32.3886135087671
1 1 0.000605444051577933
2 0 -0.002092062852204699
2 1 0.005597014467618368
2 2 0.0004608743451423748
3 0 -1.113641806460824e-05
3 1 -3.03875074658616e-06
3 2 -1.022021612555354e-05
3 3 -5.92380270280801e-07
4 0 -2.222037602010402e-08
4 1 -2.679019988015324e-08
4 2 -2.878065686241378e-08
4 3 -2.581870141493936e-08
4 4 -5.235900700405727e-09
5 0 -1.363389142862611e-10
5 1 -8.03401232423165e-12
5 2 -2.827887194482489e-10
5 3 -8.080481929575043e-12
5 4 -1.435575497420814e-10
5 5 -8.677870845994149e-13
6 Idl2SciY
0 0 -0.0006921584140400228
1 0 0.02654430315583694
1 1 32.29819427138883
2 0 -0.002886044929376355
2 1 -0.002664041562763268
2 2 0.00277288263554856
3 0 -4.557176914149432e-07
3 1 -1.162482724004206e-05
3 2 -2.752113875138369e-06
3 3 -1.078605151703818e-05
4 0 -4.921305194342231e-09
4 1 -1.865212771758888e-08
4 2 -3.397313771194988e-08
4 3 -1.865596103357698e-08
4 4 -2.713058961509061e-08
5 0 -2.591403621942274e-12
5 1 -1.443191606800385e-10
5 2 -1.157182523886043e-11
5 3 -2.806222009990799e-10
5 4 -8.271502115582306e-12
5 5 -1.346468638636243e-10
