1024.4983931973147
1024.4932190609904
0
-1
1024.5016068026853
1024.4932190609904
0.06277681
0.06307627
-90.15693057
-0.07385127
-0.07385127
-1
86.039011
-493.385704
6 Sci2IdlX
0 0 -0.0
1 0 0.06277674557948036
1 1 0.0
2 0 1.198364733530203e-07
2 1 -7.244807505775117e-07
2 2 -9.721046535057192e-08
3 0 9.094661041997164e-11
3 1 -5.782468597491751e-12
3 2 9.66518115581259e-11
3 3 -2.164006028817789e-13
4 0 6.449038115869934e-16
4 1 -2.949576253844291e-15
4 2 2.117937146007029e-16
4 3 -3.191824242088728e-15
4 4 -3.590620404845533e-16
5 0 4.706941538958384e-18
5 1 4.879315376187496e-19
5 2 9.531355664635004e-18
5 3 5.143162171129567e-19
5 4 4.71684808024088e-18
5 5 4.354424173002358e-20
6 Sci2IdlY
0 0 0.0
1 0 -9.102681200381172e-05
1 1 0.0630762699429303
2 0 3.086258377388918e-07
2 1 2.287097298253153e-07
2 2 -4.239854922865822e-07
3 0 -6.696189796258203e-13
3 1 8.751405385759113e-11
3 2 -6.481047139577153e-12
3 3 9.762139471915262e-11
4 0 1.454596109813538e-15
4 1 1.146884680565914e-15
4 2 -5.078890561912942e-16
4 3 1.0853593918469e-15
4 4 -2.015274358881797e-15
5 0 9.296183515265389e-20
5 1 5.27551747031014e-18
5 2 5.986044579428994e-19
5 3 9.736970732740994e-18
5 4 4.941571953195922e-19
5 5 4.410393661077231e-18
6 Idl2SciX
0 0 0.001606802685174102
1 0 15.92985674331845
1 1 1.072121003490439e-05
2 0 -0.0004827156577026869
2 1 0.002932499409606826
2 2 0.0003899472961152239
3 0 -6.181790050341375e-06
3 1 -1.704997124234288e-07
3 2 -5.492406520770091e-06
3 3 1.741491572219416e-07
4 0 6.600092079203932e-10
4 1 -3.7994370832503e-09
4 2 4.500242110641451e-10
4 3 -3.48506269432795e-09
4 4 -1.730326086686541e-10
5 0 -5.99901579643954e-11
5 1 -6.325812350975392e-12
5 2 -1.214837102200545e-10
5 3 -7.573478292656556e-12
5 4 -6.053447585998923e-11
5 5 -1.214407164376713e-12
6 Idl2SciY
0 0 -0.006780939009559006
1 0 0.02314264781384863
1 1 15.85435606632966
2 0 -0.001244711452021884
2 1 -0.0009119151347307442
2 2 0.001699308339193117
3 0 1.499394209694464e-07
3 1 -6.450451269943015e-06
3 2 -1.968853925968155e-07
3 3 -5.931127954103713e-06
4 0 3.124699039332876e-10
4 1 1.029780982881483e-09
4 2 -2.485642883412269e-09
4 3 9.314930747598225e-10
4 4 -2.505780246788893e-09
5 0 -9.811118954903338e-13
5 1 -6.284891892869384e-11
5 2 -7.045014588881225e-12
5 3 -1.192566344000974e-10
5 4 -6.10620822524126e-12
5 5 -5.582941651153512e-11
