1024.4714723276418
1024.4742392124062
0
-1
1024.5285276723582
1024.4742392124062
0.03113928
0.03132232
-90.51540197
-0.5627898
-0.5627898
-1
120.525464
-527.543132
6 Sci2IdlX
0 0 -0.0
1 0 0.03113927057320378
1 1 0.0
2 0 2.647868960718943e-09
2 1 -2.072814117015743e-07
2 2 -3.458513613566995e-08
3 0 9.981364842292262e-12
3 1 1.962326977287545e-12
3 2 1.138276459579333e-11
3 3 9.930966891768332e-13
4 0 -7.549895427552614e-16
4 1 -8.429771521086596e-16
4 2 -9.668029580473881e-16
4 3 -8.36566345464553e-16
4 4 -1.743122869662406e-16
5 0 1.412831405624928e-19
5 1 9.609105529089133e-21
5 2 2.903483352077379e-19
5 3 7.886601562296209e-21
5 4 1.453802058474737e-19
5 5 -4.317156114143568e-22
6 Sci2IdlY
0 0 0.0
1 0 2.575447687359493e-05
1 1 0.03132231734459833
2 0 6.630385424209756e-08
2 1 3.924780794587422e-08
2 2 -1.430126852632114e-07
3 0 5.668370030369835e-13
3 1 9.389665577078546e-12
3 2 1.517464786993467e-12
3 3 1.102133013925884e-11
4 0 -1.244854655120432e-16
4 1 -6.749197967264989e-16
4 2 -1.074927316166255e-15
4 3 -6.447047915258214e-16
4 4 -8.815808662186257e-16
5 0 3.736583504294484e-21
5 1 1.585675778547018e-19
5 2 1.612692635074526e-20
5 3 2.972179637468818e-19
5 4 1.132929838482074e-20
5 5 1.369961309390521e-19
6 Idl2SciX
0 0 0.02852767235825127
1 0 32.11322559593064
1 1 -0.0008160809989578022
2 0 -9.724034450875925e-05
2 1 0.006837758463837761
2 2 0.001115878848781029
3 0 -1.104817843491892e-05
3 1 -2.051345664069248e-06
3 2 -9.221962006168579e-06
3 3 -2.956980391507152e-07
4 0 2.484452656335202e-08
4 1 1.410781167421689e-08
4 2 3.102494469653281e-08
4 3 1.461538458754669e-08
4 4 5.141010196756656e-09
5 0 -1.362431486539602e-10
5 1 -1.008733223577518e-11
5 2 -2.828953548052548e-10
5 3 -1.262955875773537e-11
5 4 -1.437148567903496e-10
5 5 -3.189206432092133e-12
6 Idl2SciY
0 0 -0.02576078759375378
1 0 -0.02663664038825331
1 1 31.92522776916034
2 0 -0.002166687441413255
2 1 -0.001295016176828591
2 2 0.004665378151718276
3 0 -5.034085214750285e-07
3 1 -1.137442632848125e-05
3 2 -2.366566035944466e-06
3 3 -9.809848202244944e-06
4 0 5.321933907107602e-09
4 1 2.202399264069362e-08
4 2 2.505495633411726e-08
4 3 2.162078226815308e-08
4 4 1.907740372866165e-08
5 0 -2.550110742984502e-13
5 1 -1.441412706029029e-10
5 2 -7.115100873460392e-12
5 3 -2.80557514971971e-10
5 4 -6.261424851887069e-12
5 5 -1.347191329596358e-10
