                   1024.5         x_det_ref
                   1024.5         y_det_Ref
                      180    det_sci_yangle
                       -1    det_sci_parity
                   1024.5         x_sci_ref
                   1024.5         y_sci_Ref
     0.030736460005613208       x_sci_scale
     0.030835862527203998       y_sci_scale
        -90.2774540548771    v3_sci_x_angle
     -0.21969951947477284    v3_sci_y_angle
     -0.21969951947477284    v3_idl_y_angle
                       -1      v_idl_parity
        119.5890989791352            v2_ref
      -459.86330405774663            v3_ref
6 Sci2IdlX
 0  0                      -0.0       Sci2IdlX00
 1  0      0.030736444390298576       Sci2IdlX10
 1  1                       0.0       Sci2IdlX11
 2  0     3.114983623352518e-09       Sci2IdlX20
 2  1   -1.6349218195311913e-07       Sci2IdlX21
 2  2   -3.3249310065539335e-08       Sci2IdlX22
 3  0     9.474853147674027e-12       Sci2IdlX30
 3  1   -2.0786847105919497e-12       Sci2IdlX31
 3  2    1.0019913842422203e-11       Sci2IdlX32
 3  3     -4.94585422606919e-13       Sci2IdlX33
 4  0    -7.223121398045024e-16       Sci2IdlX40
 4  1     4.209010093217014e-16       Sci2IdlX41
 4  2    -8.978177813475023e-16       Sci2IdlX42
 4  3     4.291475520861067e-16       Sci2IdlX43
 4  4   -1.7385758512659294e-16       Sci2IdlX44
 5  0    1.4131608014522978e-19       Sci2IdlX50
 5  1    1.0401014308734282e-20       Sci2IdlX51
 5  2     2.904227758445216e-19       Sci2IdlX52
 5  3     9.303532089231941e-21       Sci2IdlX53
 5  4     1.454235139593428e-19       Sci2IdlX54
 5  5    2.0646864903723851e-22       Sci2IdlX55
6 Sci2IdlY
 0  0                       0.0       Sci2IdlY00
 1  0   -3.0982555469240505e-05       Sci2IdlY10
 1  1      0.030835862527203998       Sci2IdlY11
 2  0      8.47333437435573e-08       Sci2IdlY20
 2  1    3.7956424541545593e-08       Sci2IdlY21
 2  2    -8.177876967539158e-08       Sci2IdlY22
 3  0    -8.606805065075208e-13       Sci2IdlY30
 3  1     8.923978978866495e-12       Sci2IdlY31
 3  2    -2.395933760411858e-12       Sci2IdlY32
 3  3      9.84147678567808e-12       Sci2IdlY33
 4  0    2.2493457783591803e-16       Sci2IdlY40
 4  1    -5.972253844945627e-16       Sci2IdlY41
 4  2     8.745903018063228e-16       Sci2IdlY42
 4  3    -5.393279332353821e-16       Sci2IdlY43
 4  4     6.131193685694578e-16       Sci2IdlY44
 5  0    3.0890535172418136e-21       Sci2IdlY50
 5  1    1.5852488643514804e-19       Sci2IdlY51
 5  2    1.4710456600470956e-20       Sci2IdlY52
 5  3     2.971633635713262e-19       Sci2IdlY53
 5  4    1.0572055964546463e-20       Sci2IdlY54
 5  5    1.3698306201685706e-19       Sci2IdlY55
6 Idl2sciX
 0  0      -0.04120090074946603       Idl2SciX00
 1  0          32.5356599380481       Idl2SciX10
 1  1   -0.00045962534077742534       Idl2SciX11
 2  0    -7.712973333707379e-05       Idl2SciX20
 2  1     0.0056265278476505835       Idl2SciX21
 2  2      0.001154328546381179       Idl2SciX22
 3  0   -1.1350119445779573e-05       Idl2SciX30
 3  1     2.022413058543362e-06       Idl2SciX31
 3  2   -1.0193437713092152e-05       Idl2SciX32
 3  3     9.909650865085568e-07       Idl2SciX33
 4  0    2.3825751409663267e-08       Idl2SciX40
 4  1   -2.4407747158261947e-08       Idl2SciX41
 4  2    2.8188053701935437e-08       Idl2SciX42
 4  3   -2.4516778466888335e-08       Idl2SciX43
 4  4     4.135539943197544e-09       Idl2SciX44
 5  0    -1.363027746318072e-10       Idl2SciX50
 5  1    -9.575788025498559e-12       Idl2SciX51
 5  2   -2.8288485212557976e-10       Idl2SciX52
 5  3   -1.1340762631934197e-11       Idl2SciX53
 5  4   -1.4366460159945653e-10       Idl2SciX54
 5  5    -2.497493628177242e-12       Idl2SciX55
6 Idl2sciY
 0  0       0.00940151465283634       Idl2SciY00
 1  0       0.03330956135517607       Idl2SciY10
 1  1          32.4312878004606       Idl2SciY11
 2  0    -0.0029156915505004284       Idl2SciY20
 2  1    -0.0012712425689983614       Idl2SciY21
 2  2     0.0027868966525991874       Idl2SciY22
 3  0     8.933323916316799e-07       Idl2SciY30
 3  1   -1.1818931789968813e-05       Idl2SciY31
 3  2     1.794242788112147e-06       Idl2SciY32
 3  3   -1.0823430701756664e-05       Idl2SciY33
 4  0   -4.3402233540819225e-09       Idl2SciY40
 4  1     2.065716531240087e-08       Idl2SciY41
 4  2   -3.1975525740265164e-08       Idl2SciY42
 4  3    1.9549744305118133e-08       Idl2SciY43
 4  4   -2.6639975331318487e-08       Idl2SciY44
 5  0    -9.476416816812016e-13       Idl2SciY50
 5  1   -1.4420354559836028e-10       Idl2SciY51
 5  2    -8.347527808318813e-12       Idl2SciY52
 5  3    -2.805594951689178e-10       Idl2SciY53
 5  4    -6.754338775229593e-12       Idl2SciY54
 5  5   -1.3467660147278523e-10       Idl2SciY55
