1024.5267245298874
1024.5084824933228
0
-1
1024.4732754701126
1024.5084824933228
0.03128274
0.03145508
-89.96823541
0.27380527
0.27380527
-1
51.885582
-527.952752
6 Sci2IdlX
0 0 -0.0
1 0 0.03128246356473387
1 1 0.0
2 0 6.26217794604097e-08
2 1 -2.094313163440749e-07
2 2 -1.320031346258496e-08
3 0 1.017420313926603e-11
3 1 -3.192260492418107e-12
3 2 1.131079306487631e-11
3 3 -6.518694927526729e-13
4 0 7.982222246685018e-16
4 1 -7.500987743104936e-16
4 2 9.357652568292017e-16
4 3 -7.944044533921658e-16
4 4 1.331820536776489e-16
5 0 1.413241207895549e-19
5 1 1.190756956931414e-20
5 2 2.905514480394322e-19
5 3 1.218910488690446e-20
5 4 1.455280336177234e-19
5 5 1.550350475165654e-21
6 Sci2IdlY
0 0 0.0
1 0 -0.000132150636098686
1 1 0.03145508039272987
2 0 6.589404148057344e-08
2 1 8.056626352082917e-08
2 2 -1.446626517224216e-07
3 0 -4.981174953521753e-13
3 1 9.595847293611805e-12
3 2 -3.150620725034512e-12
3 3 1.106580439554511e-11
4 0 -9.553084723906307e-17
4 1 7.316669062826145e-16
4 2 -9.855457206183638e-16
4 3 6.748227293203045e-16
4 4 -8.61304943841583e-16
5 0 1.693185272142974e-21
5 1 1.584122915454671e-19
5 2 1.191815755524102e-20
5 3 2.970712526810459e-19
5 4 9.216796913924281e-21
5 5 1.369866673897629e-19
6 Idl2SciX
0 0 -0.02672452988731777
1 0 31.96589280570014
1 1 0.000745142504511187
2 0 -0.002011771143185748
2 1 0.006811908855883364
2 2 0.0004397278562761319
3 0 -1.063327916869116e-05
3 1 7.575974246552347e-07
3 2 -8.939305461881987e-06
3 3 7.724097046460772e-07
4 0 -2.174968976701283e-08
4 1 1.166711817083771e-08
4 2 -2.71682418811989e-08
4 3 1.324024066027662e-08
4 4 -4.915164692534552e-09
5 0 -1.363783987264912e-10
5 1 -8.41408110546789e-12
5 2 -2.828225191523318e-10
5 3 -8.663502096838171e-12
5 4 -1.43561697200609e-10
5 5 -1.108726558654408e-12
6 Idl2SciY
0 0 0.008482493322844675
1 0 0.1351121231502752
1 1 31.79046896472027
2 0 -0.002161799613304412
2 1 -0.002534209529137521
2 2 0.004649413321588544
3 0 7.832030422637148e-07
3 1 -1.091287552455115e-05
3 2 8.56632675587188e-07
3 3 -9.641342057634468e-06
4 0 4.945468091791105e-09
4 1 -1.717025962298062e-08
4 2 2.339952684309084e-08
4 3 -1.649971643221842e-08
4 4 1.871384677785088e-08
5 0 -2.343859451144689e-12
5 1 -1.443089984876179e-10
5 2 -1.094610339032701e-11
5 3 -2.805736284325243e-10
5 4 -7.881744442745804e-12
5 5 -1.34615599352451e-10
