                   1024.5         x_det_ref
                   1024.5         y_det_Ref
                        0    det_sci_yangle
                       -1    det_sci_parity
                   1024.5         x_sci_ref
                   1024.5         y_sci_Ref
     0.031276386246099915       x_sci_scale
      0.03144132141627829       y_sci_scale
       -90.07768790555797    v3_sci_x_angle
      -0.3168049798862335    v3_sci_y_angle
      -0.3168049798862335    v3_idl_y_angle
                       -1      v_idl_parity
       -52.84570250197705            v2_ref
       -525.7293209330118            v3_ref
6 Sci2IdlX
 0  0                      -0.0       Sci2IdlX00
 1  0       0.03127611387448009       Sci2IdlX10
 1  1                       0.0       Sci2IdlX11
 2  0    -6.367420993008602e-08       Sci2IdlX20
 2  1   -2.0824128543943542e-07       Sci2IdlX21
 2  2    1.2807677787925987e-08       Sci2IdlX22
 3  0    1.0256504197450389e-11       Sci2IdlX30
 3  1    3.1723982233342807e-12       Sci2IdlX31
 3  2    1.1218953547127305e-11       Sci2IdlX32
 3  3     6.559418715571757e-13       Sci2IdlX33
 4  0     -8.28252825367161e-16       Sci2IdlX40
 4  1    -7.006754245301076e-16       Sci2IdlX41
 4  2    -9.704394750481319e-16       Sci2IdlX42
 4  3    -7.487464731830889e-16       Sci2IdlX43
 4  4   -1.3978982351823644e-16       Sci2IdlX44
 5  0     1.415778315782567e-19       Sci2IdlX50
 5  1   -1.3608895217262524e-20       Sci2IdlX51
 5  2     2.908401597144007e-19       Sci2IdlX52
 5  3   -1.3900429402398405e-20       Sci2IdlX53
 5  4    1.4561003099754321e-19       Sci2IdlX54
 5  5   -1.7366482718961676e-21       Sci2IdlX55
6 Sci2IdlY
 0  0                       0.0       Sci2IdlY00
 1  0     0.0001305278735834217       Sci2IdlY10
 1  1       0.03144132141627829       Sci2IdlY11
 2  0     6.644735543198626e-08       Sci2IdlY20
 2  1    -8.094405904120704e-08       Sci2IdlY21
 2  2   -1.4247047709558022e-07       Sci2IdlY22
 3  0     4.812445021116338e-13       Sci2IdlY30
 3  1     9.532401740639125e-12       Sci2IdlY31
 3  2    3.1131021568107085e-12       Sci2IdlY32
 3  3       1.0849739257712e-11       Sci2IdlY33
 4  0    -7.996900421844253e-17       Sci2IdlY40
 4  1     -7.53894393179438e-16       Sci2IdlY41
 4  2    -9.149998666828021e-16       Sci2IdlY42
 4  3    -6.948820430520281e-16       Sci2IdlY43
 4  4    -8.113860436053838e-16       Sci2IdlY44
 5  0   -2.5702525339804312e-21       Sci2IdlY50
 5  1    1.5874738019665831e-19       Sci2IdlY51
 5  2    -1.443565805379461e-20       Sci2IdlY52
 5  3    2.9748879246428335e-19       Sci2IdlY53
 5  4   -1.0817964375026323e-20       Sci2IdlY54
 5  5     1.370982999563526e-19       Sci2IdlY55
6 Idl2sciX
 0  0      0.025122900565349937       Idl2SciX00
 1  0        31.972326706038256       Idl2SciX10
 1  1    -0.0008498520593240022       Idl2SciX11
 2  0      0.002049868883776594       Idl2SciX20
 2  1      0.006779453150337667       Idl2SciX21
 2  2    -0.0004263357266728613       Idl2SciX22
 3  0   -1.0715205699667447e-05       Idl2SciX30
 3  1    -7.078046835243846e-07       Idl2SciX31
 3  2    -8.903194681525457e-06       Idl2SciX32
 3  3     -7.56264180522864e-07       Idl2SciX33
 4  0    2.2498891955829343e-08       Idl2SciX40
 4  1    1.0032048360195975e-08       Idl2SciX41
 4  2    2.7938320006973786e-08       Idl2SciX42
 4  3    1.1767699166741357e-08       Idl2SciX43
 4  4     5.030985946116677e-09       Idl2SciX44
 5  0    -1.360375789188226e-10       Idl2SciX50
 5  1     1.073719390714008e-11       Idl2SciX51
 5  2    -2.824573352383817e-10       Idl2SciX52
 5  3    1.1274677212832923e-11       Idl2SciX53
 5  4   -1.4352310544281412e-10       Idl2SciX54
 5  5    1.4923076876876408e-12       Idl2SciX55
6 Idl2sciY
 0  0      0.009211790841618495       Idl2SciY00
 1  0       -0.1335969293348637       Idl2SciY10
 1  1        31.804379977994326       Idl2SciY11
 2  0    -0.0021825223203408425       Idl2SciY20
 2  1     0.0025529668835576978       Idl2SciY21
 2  2       0.00458645499956481       Idl2SciY22
 3  0    -7.745453587152616e-07       Idl2SciY30
 3  1    -1.086795090913934e-05       Idl2SciY31
 3  2    -8.170619131926045e-07       Idl2SciY32
 3  3    -9.492202686206057e-06       Idl2SciY33
 4  0     4.577822961743322e-09       Idl2SciY40
 4  1     1.774319710678181e-08       Idl2SciY41
 4  2    2.1261763895276562e-08       Idl2SciY42
 4  3    1.6948869408817785e-08       Idl2SciY43
 4  4    1.7156997205564085e-08       Idl2SciY44
 5  0    2.5349237841201146e-12       Idl2SciY50
 5  1   -1.4397321788268033e-10       Idl2SciY51
 5  2    1.3009651342415112e-11       Idl2SciY52
 5  3    -2.802077911220744e-10       Idl2SciY53
 5  4      9.73740211265022e-12       Idl2SciY54
 5  5   -1.3459356375554751e-10       Idl2SciY55
