1024.4567947175615
1024.4997743845802
180
-1
1024.4567947175615
1024.5002256154198
0.03087191
0.03095742
-90.39856853
-0.43660167
-0.43660167
-1
-53.139934
-457.82174
6 Sci2IdlX
0 0 -0.0
1 0 0.03087189924145734
1 1 0.0
2 0 -6.180922438445047e-08
2 1 -1.638549755055721e-07
2 2 1.302862506773166e-08
3 0 1.012913136480783e-11
3 1 -1.279952299694913e-12
3 2 1.048478401307015e-11
3 3 -6.667040048848563e-13
4 0 -8.618749103356262e-16
4 1 5.680662666473081e-16
4 2 -1.06751210070835e-15
4 3 5.214385627283314e-16
4 4 -1.607336773098948e-16
5 0 1.415850803402322e-19
5 1 -1.392117268170636e-20
5 2 2.908678461270006e-19
5 3 -1.447732023462652e-20
5 4 1.456294075067672e-19
5 5 -2.000662583520796e-21
6 Sci2IdlY
0 0 0.0
1 0 2.049287986113457e-05
1 1 0.03095742394301325
2 0 8.584379113646343e-08
2 1 -7.810313021998465e-08
2 2 -8.048016047791248e-08
3 0 -1.214682797040001e-12
3 1 9.789398561030288e-12
3 2 -1.725008853732834e-12
3 3 1.028689766581118e-11
4 0 2.64190211299199e-16
4 1 -8.18742617728756e-16
4 2 1.026870674401101e-15
4 3 -7.909546510352519e-16
4 4 6.812978849879063e-16
5 0 -2.29889762927401e-21
5 1 1.587211279699824e-19
5 2 -1.386754614237112e-20
5 3 2.974592025779748e-19
5 4 -1.052756703792438e-20
5 5 1.370927526669049e-19
6 Idl2SciX
0 0 -0.0432052824384499
1 0 32.39200059669787
1 1 -0.0005000977982082266
2 0 0.002125768305147875
2 1 0.005563039283217625
2 2 -0.0004244777817128687
3 0 -1.135090932207237e-05
3 1 3.224042037464205e-06
3 2 -1.047303138712962e-05
3 3 6.611542195535728e-07
4 0 2.334328588113369e-08
4 1 -2.826855128867062e-08
4 2 3.030263947879405e-08
4 3 -2.714223022099665e-08
4 4 5.496948470633276e-09
5 0 -1.360602157904387e-10
5 1 1.051839801793053e-11
5 2 -2.824395774707008e-10
5 3 1.07467691326207e-11
5 4 -1.434927336470883e-10
5 5 1.213171190060588e-12
6 Idl2SciY
0 0 0.0002256154198221338
1 0 -0.02051602790210152
1 1 32.30295415804843
2 0 -0.00291563621822766
2 1 0.002667957972316687
2 2 0.002711185462437752
3 0 5.150929211048175e-07
3 1 -1.187011761228706e-05
3 2 2.929068105384962e-06
3 3 -1.103399414598489e-05
4 0 -5.237538223835761e-09
4 1 1.965867376381422e-08
4 2 -3.582235564128773e-08
4 3 1.972391643979451e-08
4 4 -2.850179707844647e-08
5 0 2.814832389289915e-12
5 1 -1.439990701058829e-10
5 2 1.351914854194798e-11
5 3 -2.802052064352727e-10
5 4 9.950324439997789e-12
5 5 -1.345727714747369e-10
