1024.4979247429635
1024.5060209747483
180
-1
1024.4979247429635
1024.4939790252517
0.06287866
0.06317477
-89.91498299
0.00805772
0.00805772
-1
-89.596514
-491.474153
6 Sci2IdlX
0 0 -0.0
1 0 0.06287860625743816
1 1 0.0
2 0 -1.147162363468682e-07
2 1 -7.22182210796603e-07
2 2 9.801694942526181e-08
3 0 9.14290014526131e-11
3 1 6.113943682121452e-12
3 2 9.70888355095326e-11
3 3 3.893460176141707e-13
4 0 -1.257309937037337e-16
4 1 -2.39813070664226e-15
4 2 4.017292688496743e-16
4 3 -2.624991481912575e-15
4 4 4.528896052611143e-16
5 0 4.758685308339948e-18
5 1 -5.586989498063458e-19
5 2 9.628690796428565e-18
5 3 -5.882076712892547e-19
5 4 4.762366140509011e-18
5 5 -5.299264567209045e-20
6 Sci2IdlY
0 0 0.0
1 0 8.445815583801182e-05
1 1 0.06317477001781768
2 0 3.11935702340196e-07
2 1 -2.250369284435781e-07
2 2 -4.182888414401247e-07
3 0 1.04411866128049e-12
3 1 8.799664763362614e-11
3 2 6.9085904694105e-12
3 3 9.809152146133944e-11
4 0 1.633045522275913e-15
4 1 -6.820391591123792e-16
4 2 4.102067870400813e-16
4 3 -6.835679162270667e-16
4 4 -1.313947498118989e-15
5 0 -1.281105959666866e-19
5 1 5.340820448712091e-18
5 2 -7.086330757744394e-19
5 3 9.848456187105896e-18
5 4 -5.678376054039296e-19
5 5 4.456094815894253e-18
6 Idl2SciX
0 0 -0.002075257036558753
1 0 15.90408953692575
1 1 1.351478998397196e-05
2 0 0.000459877776924229
2 1 0.002908776992217712
2 2 -0.00039119789991088
3 0 -6.187513888328862e-06
3 1 1.207630474123324e-07
3 2 -5.508473518312047e-06
3 3 -1.86528096759098e-07
4 0 -1.092000292102018e-09
4 1 -4.266840077838407e-09
4 2 -9.91087647815261e-10
4 3 -3.961862923878666e-09
4 4 8.163707310339593e-11
5 0 -5.969233010356895e-11
5 1 7.449146905689491e-12
5 2 -1.21076876774812e-10
5 3 8.889457993378014e-12
5 4 -6.040436275233472e-11
5 5 1.440165732284234e-12
6 Idl2SciY
0 0 -0.006020974748253138
1 0 -0.02145182442641524
1 1 15.82969441011194
2 0 -0.001252087315251912
2 1 0.0008932916353266128
2 2 0.001668216620854472
3 0 -1.605876620674214e-07
3 1 -6.459445151279253e-06
3 2 1.554304219090932e-07
3 3 -5.946366097395119e-06
4 0 1.738568894031628e-10
4 1 -1.378101202382116e-09
4 2 -3.22840671916351e-09
4 3 -1.26612206696117e-09
4 4 -3.092168021043133e-09
5 0 1.072829131478369e-12
5 1 -6.259117369878936e-11
5 2 8.039180115676064e-12
5 3 -1.189167492233786e-10
5 4 7.009329257638405e-12
5 5 -5.571118383782019e-11
