                   1024.5         x_det_ref
                   1024.5         y_det_Ref
                      180    det_sci_yangle
                       -1    det_sci_parity
                   1024.5         x_sci_ref
                   1024.5         y_sci_Ref
     0.030728930565768392       x_sci_scale
      0.03082938424344055       y_sci_scale
       -89.57306239178865    v3_sci_x_angle
       0.3665986996931565    v3_sci_y_angle
       0.3665986996931565    v3_idl_y_angle
                       -1      v_idl_parity
      -120.96951292849471            v2_ref
       -457.7887772274396            v3_ref
6 Sci2IdlX
 0  0                      -0.0       Sci2IdlX00
 1  0      0.030728913525868255       Sci2IdlX10
 1  1                       0.0       Sci2IdlX11
 2  0   -3.9761425290733854e-09       Sci2IdlX20
 2  1   -1.6213007721725648e-07       Sci2IdlX21
 2  2    3.3324867277885156e-08       Sci2IdlX22
 3  0     9.427311520621007e-12       Sci2IdlX30
 3  1    2.1824833494830866e-12       Sci2IdlX31
 3  2     1.005087872514175e-11       Sci2IdlX32
 3  3       5.3098064489248e-13       Sci2IdlX33
 4  0     7.024888355119535e-16       Sci2IdlX40
 4  1     4.527607727507455e-16       Sci2IdlX41
 4  2     8.684765281272699e-16       Sci2IdlX42
 4  3     4.642163246480874e-16       Sci2IdlX43
 4  4    1.6832910540276103e-16       Sci2IdlX44
 5  0    1.4151164638239936e-19       Sci2IdlX50
 5  1   -1.1985958633037837e-20       Sci2IdlX51
 5  2     2.906804494329643e-19       Sci2IdlX52
 5  3   -1.0974586470553307e-20       Sci2IdlX53
 5  4    1.4551372825488363e-19       Sci2IdlX54
 5  5   -4.1403764468372676e-22       Sci2IdlX55
6 Sci2IdlY
 0  0                       0.0       Sci2IdlY00
 1  0     3.236101861784626e-05       Sci2IdlY10
 1  1       0.03082938424344055       Sci2IdlY11
 2  0      8.52638886286703e-08       Sci2IdlY20
 2  1    -3.856423508087344e-08       Sci2IdlY21
 2  2    -7.973280508089632e-08       Sci2IdlY22
 3  0     8.929684857847259e-13       Sci2IdlY30
 3  1     8.982522641090412e-12       Sci2IdlY31
 3  2    2.4905455941796365e-12       Sci2IdlY32
 3  3     9.984034451279794e-12       Sci2IdlY33
 4  0    2.3086199676327916e-16       Sci2IdlY40
 4  1     5.761032707690347e-16       Sci2IdlY41
 4  2     9.254282867074654e-16       Sci2IdlY42
 4  3     5.152549077046814e-16       Sci2IdlY43
 4  4     6.567072705432047e-16       Sci2IdlY44
 5  0    -3.917203804432785e-21       Sci2IdlY50
 5  1    1.5886657895564737e-19       Sci2IdlY51
 5  2    -1.735035286268924e-20       Sci2IdlY52
 5  3    2.9764001954288736e-19       Sci2IdlY53
 5  4     -1.23597554647184e-20       Sci2IdlY54
 5  5     1.371360508159645e-19       Sci2IdlY55
6 Idl2sciX
 0  0       0.04150858094013188       Idl2SciX00
 1  0         32.54369817681055       Idl2SciX10
 1  1     0.0004285647541816817       Idl2SciX11
 2  0    0.00010628323252023936       Idl2SciX20
 2  1      0.005581457470489997       Idl2SciX21
 2  2     -0.001157616500948593       Idl2SciX22
 3  0   -1.1323882899935175e-05       Idl2SciX30
 3  1   -2.1081759452858057e-06       Idl2SciX31
 3  2   -1.0291390325767612e-05       Idl2SciX32
 3  3   -1.0207803759155703e-06       Idl2SciX33
 4  0   -2.3161547990224685e-08       Idl2SciX40
 4  1   -2.5244820020841998e-08       Idl2SciX41
 4  2    -2.723952674336149e-08       Idl2SciX42
 4  3   -2.5509247014450302e-08       Idl2SciX43
 4  4    -3.936069861479873e-09       Idl2SciX44
 5  0    -1.358992561649951e-10       Idl2SciX50
 5  1     1.179792979442744e-11       Idl2SciX51
 5  2   -2.8251877934040956e-10       Idl2SciX52
 5  3     1.392951582952274e-11       Idl2SciX53
 5  4   -1.4367249040493082e-10       Idl2SciX54
 5  5    2.9156778989267957e-12       Idl2SciX55
6 Idl2sciY
 0  0      0.011304205463602557       Idl2SciY00
 1  0     -0.034823761935084324       Idl2SciY10
 1  1         32.43811461750783       Idl2SciY11
 2  0    -0.0029361899950394693       Idl2SciY20
 2  1     0.0012934085910868089       Idl2SciY21
 2  2       0.00271657780959221       Idl2SciY22
 3  0    -9.276407889013413e-07       Idl2SciY30
 3  1   -1.1891541502856568e-05       Idl2SciY31
 3  2    -1.880957141572188e-06       Idl2SciY32
 3  3   -1.1018768235973162e-05       Idl2SciY33
 4  0    -4.585448398866705e-09       Idl2SciY40
 4  1    -2.002382413490098e-08       Idl2SciY41
 4  2   -3.3422327145305135e-08       Idl2SciY42
 4  3   -1.8840952021212833e-08       Idl2SciY43
 4  4   -2.7927339318093226e-08       Idl2SciY44
 5  0    1.1107818454224395e-12       Idl2SciY50
 5  1   -1.4382624421575126e-10       Idl2SciY51
 5  2    1.0455597999457276e-11       Idl2SciY52
 5  3    -2.802148677420643e-10       Idl2SciY53
 5  4     8.700274330948575e-12       Idl2SciY54
 5  5   -1.3470826627902098e-10       Idl2SciY55
