1024.5270204840651
1024.470291610205
0
-1
1024.4729795159349
1024.470291610205
0.03112891
0.03130863
-89.17522937
0.85955165
0.85955165
-1
-121.154684
-525.478141
6 Sci2IdlX
0 0 -0.0
1 0 0.03112890539158432
1 1 0.0
2 0 -5.138485336797885e-09
2 1 -2.05359488008772e-07
2 2 3.418068580799225e-08
3 0 9.773263679870312e-12
3 1 -1.679070244532301e-12
3 2 1.113232881223797e-11
3 3 -8.99021147522859e-13
4 0 7.150901622950847e-16
4 1 -8.12711479111658e-16
4 2 9.20215863645243e-16
4 3 -8.03971972153458e-16
4 4 1.670119194447627e-16
5 0 1.414282553335394e-19
5 1 -1.113446433889872e-20
5 2 2.905878735369075e-19
5 3 -9.59868691211895e-21
5 4 1.454852498056179e-19
5 5 1.711592117851535e-22
6 Sci2IdlY
0 0 0.0
1 0 -1.889659428286501e-05
1 1 0.03130862787629863
2 0 6.688439414530557e-08
2 1 -4.173316082050636e-08
2 2 -1.406248624185972e-07
3 0 -4.861368178560243e-13
3 1 9.176578749576763e-12
3 2 -1.244081456264469e-12
3 3 1.078025989111955e-11
4 0 -1.18778052199386e-16
4 1 6.44028120946358e-16
4 2 -1.028904733684391e-15
4 3 6.16863019295993e-16
4 4 -8.420027987228419e-16
5 0 -4.484727954996858e-21
5 1 1.589041457916978e-19
5 2 -1.879791872649226e-20
5 3 2.977409103131722e-19
5 4 -1.324184064953383e-20
5 5 1.371894539106122e-19
6 Idl2SciX
0 0 -0.02702048406523971
1 0 32.12399554925822
1 1 0.0008233242686818687
2 0 0.000177447845734212
2 1 0.006785541533378922
2 2 -0.001104974312216068
3 0 -1.086854256193351e-05
3 1 1.840445724530533e-06
3 2 -9.063250786580162e-06
3 3 2.137221439924626e-07
4 0 -2.365809689787435e-08
4 1 1.320731025848025e-08
4 2 -2.975109516447887e-08
4 3 1.36422565591138e-08
4 4 -4.930888216674662e-09
5 0 -1.357929023273466e-10
5 1 1.219252845449056e-11
5 2 -2.825161267426986e-10
5 3 1.513008426737763e-11
5 4 -1.437475605197425e-10
5 5 3.601157079425158e-12
6 Idl2SciY
0 0 -0.02970838979490509
1 0 0.0195734509408006
1 1 31.93922617676805
2 0 -0.002187038016075064
2 1 0.001372944104395829
2 2 0.004596634193503226
3 0 4.187224049574456e-07
3 1 -1.118429247460689e-05
3 2 2.153539741479216e-06
3 3 -9.643517119030628e-06
4 0 5.063180813539884e-09
4 1 -2.112092583472846e-08
4 2 2.36001390597164e-08
4 3 -2.090662740285954e-08
4 4 1.786254956799594e-08
5 0 4.291560468756895e-13
5 1 -1.437382124251007e-10
5 2 9.326040382988858e-12
5 3 -2.802368138799324e-10
5 4 8.313031151848994e-12
5 5 -1.347947792702312e-10
